# BCs for ATLAS9 + DUSTY99 + blackbody spectra:
#  n     Teff  logg        V        u        v        b        y     Hb_w     Hb_n
   0      500  3.50  -59.119  -999999  -999999  -999999  -69.842  -999999  -999999
   1      500  4.00  -58.200  -999999  -999999  -999999  -68.661  -999999  -999999
   2      500  4.50  -57.680  -999999  -999999  -999999  -68.279  -999999  -999999
   3      500  5.00  -55.682  -999999  -999999  -999999  -65.895  -999999  -999999
   4      500  5.50  -53.129  -999999  -999999  -77.839  -62.792  -74.046  -72.082
   5      500  6.00  -50.570  -999999  -999999  -73.559  -59.666  -70.445  -68.139
   6      600  3.50  -48.322  -999999  -81.826  -68.908  -56.215  -65.938  -63.528
   7      600  4.00  -47.751  -999999  -79.978  -68.065  -55.506  -65.113  -62.691
   8      600  4.50  -48.940  -999999  -999999  -70.347  -57.240  -67.330  -64.953
   9      600  5.00  -47.334  -999999  -80.497  -68.247  -55.370  -65.265  -62.864
  10      600  5.50  -45.369  -999999  -76.877  -65.597  -53.040  -62.662  -60.230
  11      600  6.00  -43.273  -999999  -73.364  -62.648  -50.494  -59.771  -57.303
  12      700  3.50  -39.934  -78.334  -66.031  -56.493  -45.790  -53.826  -51.246
  13      700  4.00  -39.478  -77.496  -65.256  -55.814  -45.226  -53.167  -50.578
  14      700  4.50  -40.458  -80.287  -67.379  -57.610  -46.597  -54.898  -52.340
  15      700  5.00  -39.630  -78.615  -66.275  -56.600  -45.671  -53.906  -51.340
  16      700  5.50  -37.999  -75.828  -63.999  -54.536  -43.814  -51.882  -49.297
  17      700  6.00  -36.018  -72.392  -61.003  -51.857  -41.480  -49.265  -46.652
  18      800  3.50  -32.303  -64.147  -53.631  -45.576  -36.566  -43.220  -40.512
  19      800  4.00  -32.488  -64.388  -53.844  -45.780  -36.764  -43.422  -40.714
  20      800  4.50  -33.329  -66.328  -55.587  -47.259  -37.898  -44.841  -42.156
  21      800  5.00  -32.505  -65.230  -54.615  -46.346  -37.022  -43.940  -41.251
  22      800  5.50  -31.284  -63.618  -53.178  -44.968  -35.688  -42.574  -39.880
  23      800  6.00  -29.531  -60.811  -50.636  -42.632  -33.625  -40.286  -37.574
  24      900  3.50  -25.811  -52.281  -43.075  -36.258  -28.769  -34.202  -31.394
  25      900  4.00  -25.745  -52.409  -43.156  -36.289  -28.739  -34.221  -31.417
  26      900  4.50  -26.747  -54.699  -45.171  -37.986  -30.030  -35.837  -33.058
  27      900  5.00  -25.224  -52.635  -43.224  -36.138  -28.330  -34.015  -31.227
  28      900  5.50  -25.253  -52.725  -43.302  -36.198  -28.370  -34.072  -31.285
  29     1000  3.50  -22.629  -46.305  -37.779  -31.635  -24.979  -29.755  -26.897
  30     1000  4.00  -22.027  -45.364  -36.926  -30.861  -24.302  -29.001  -26.137
  31     1000  4.50  -21.798  -45.471  -36.927  -30.765  -24.109  -28.881  -26.023
  32     1000  5.00  -21.566  -45.612  -36.936  -30.665  -23.911  -28.755  -25.904
  33     1000  5.50  -21.151  -45.144  -36.452  -30.184  -23.458  -28.279  -25.426
  34     1000  6.00  -20.198  -43.402  -34.896  -28.822  -22.342  -26.969  -24.103
  35     1100  3.50  -19.595  -40.661  -32.853  -27.338  -21.439  -25.627  -22.725
  36     1100  4.00  -19.329  -40.241  -32.476  -26.998  -21.142  -25.297  -22.392
  37     1100  4.50  -19.142  -40.244  -32.394  -26.863  -20.965  -25.150  -22.248
  38     1100  5.00  -18.642  -39.800  -31.898  -26.342  -20.442  -24.625  -21.724
  39     1100  5.50  -18.053  -39.131  -31.210  -25.665  -19.807  -23.955  -21.052
  40     1100  6.00  -23.043  -46.719  -38.193  -32.049  -25.393  -30.169  -27.311
  41     1200  3.50  -16.880  -35.578  -28.509  -23.572  -18.325  -22.018  -19.080
  42     1200  4.00  -16.880  -35.578  -28.509  -23.572  -18.325  -22.018  -19.080
  43     1200  4.50  -16.880  -35.578  -28.509  -23.572  -18.325  -22.018  -19.080
  44     1200  5.00  -16.749  -35.872  -28.639  -23.588  -18.234  -22.005  -19.072
  45     1200  6.00  -15.508  -34.227  -27.039  -22.076  -16.874  -20.525  -17.585
  46     1300  3.50  -14.478  -31.066  -24.704  -20.285  -15.606  -18.874  -15.905
  47     1300  4.00  -14.512  -31.094  -24.738  -20.322  -15.642  -18.911  -15.942
  48     1300  4.50  -14.879  -31.897  -25.394  -20.868  -16.068  -19.427  -16.463
  49     1300  5.00  -14.825  -31.926  -25.399  -20.849  -16.023  -19.400  -16.438
  50     1300  5.50  -14.600  -31.885  -25.258  -20.653  -15.796  -19.193  -16.234
  51     1300  6.00  -17.119  -35.706  -28.675  -23.766  -18.548  -22.220  -19.279
  52     1400  3.50  -12.481  -27.303  -21.547  -17.566  -13.371  -16.279  -13.285
  53     1400  4.00  -12.508  -27.344  -21.588  -17.603  -13.401  -16.314  -13.320
  54     1400  4.50  -12.726  -27.836  -21.999  -17.942  -13.653  -16.632  -13.642
  55     1400  5.00  -12.953  -28.357  -22.413  -18.280  -13.912  -16.949  -13.963
  56     1400  5.50  -12.709  -28.323  -22.253  -18.057  -13.654  -16.712  -13.728
  57     1400  6.00  -12.712  -28.341  -22.265  -18.064  -13.658  -16.718  -13.735
  58     1500  3.50  -10.953  -24.481  -19.186  -15.538  -11.692  -14.344  -11.332
  59     1500  4.00  -10.917  -24.364  -19.094  -15.464  -11.642  -14.275  -11.262
  60     1500  4.50  -11.130  -24.898  -19.516  -15.798  -11.886  -14.585  -11.576
  61     1500  5.00  -11.228  -25.132  -19.706  -15.947  -11.995  -14.723  -11.716
  62     1500  5.50  -11.297  -25.380  -19.880  -16.069  -12.070  -14.831  -11.827
  63     1500  6.00  -11.279  -25.460  -19.903  -16.060  -12.043  -14.816  -11.813
  64     1600  3.50   -9.634  -22.474  -17.431  -13.937  -10.264  -12.770   -9.766
  65     1600  4.00   -9.639  -22.228  -17.275  -13.859  -10.257  -12.722   -9.705
  66     1600  4.50   -9.690  -22.333  -17.351  -13.917  -10.311  -12.783   -9.761
  67     1600  5.00   -9.767  -22.441  -17.447  -14.004  -10.389  -12.868   -9.846
  68     1600  5.50   -9.836  -22.640  -17.589  -14.104  -10.459  -12.960   -9.938
  69     1600  6.00   -9.894  -22.820  -17.705  -14.179  -10.509  -13.026  -10.006
  70     1700  3.50   -8.431  -20.722  -15.547  -12.254   -8.877  -11.022   -8.170
  71     1700  4.00   -8.056  -20.320  -15.233  -11.830   -8.474  -10.642   -7.743
  72     1700  4.50   -7.331  -19.075  -14.032  -10.745   -7.642   -9.598   -6.743
  73     1700  5.00   -8.192  -20.116  -15.319  -11.967   -8.629  -10.834   -7.878
  74     1700  5.50   -8.520  -20.363  -15.645  -12.379   -9.009  -11.287   -8.272
  75     1700  6.00   -8.674  -20.567  -15.813  -12.549   -9.171  -11.470   -8.439
  76     1800  3.50   -7.719  -19.204  -13.880  -11.121   -8.032   -9.806   -7.159
  77     1800  4.00   -7.502  -18.788  -13.878  -10.812   -7.793   -9.600   -6.857
  78     1800  4.50   -6.906  -17.721  -13.030   -9.985   -7.137   -8.853   -6.069
  79     1800  5.00   -6.889  -17.562  -13.012   -9.919   -7.113   -8.813   -6.011
  80     1800  5.50   -7.371  -18.422  -13.861  -10.672   -7.678   -9.569   -6.665
  81     1800  6.00   -7.438  -18.538  -13.971  -10.805   -7.770   -9.718   -6.763
  82     1900  3.50   -6.963  -16.235  -11.567   -9.804   -7.137   -8.473   -6.027
  83     1900  4.00   -7.039  -17.553  -12.708   -9.998   -7.221   -8.711   -6.185
  84     1900  4.50   -7.413  -18.637  -13.786  -10.591   -7.649   -9.355   -6.691
  85     1900  5.00   -6.894  -17.522  -12.947   -9.825   -7.078   -8.660   -5.959
  86     1900  5.50   -7.060  -17.485  -13.098  -10.046   -7.290   -8.941   -6.115
  87     1900  6.00   -7.051  -17.449  -13.063  -10.093   -7.318   -9.044   -6.115
  88     2000  3.50   -6.560  -14.047  -10.003   -8.995   -6.632   -7.695   -5.346
  89     2000  4.00   -6.498  -15.543  -11.170   -9.067   -6.573   -7.774   -5.406
  90     2000  4.50   -6.469  -16.552  -11.990   -9.110   -6.549   -7.814   -5.433
  91     2000  5.00   -6.596  -17.108  -12.496   -9.286   -6.694   -8.022   -5.544
  92     2000  5.50   -6.870  -17.037  -12.745   -9.685   -7.043   -8.530   -5.818
  93     2000  6.00   -6.688  -16.528  -12.323   -9.464   -6.888   -8.405   -5.545
  94     2100  4.00   -6.043  -13.629   -9.809   -8.269   -6.038   -7.054   -4.708
  95     2100  5.00   -5.961  -15.747  -11.424   -8.312   -5.961   -7.028   -4.731
  96     2100  5.50   -6.396  -16.623  -12.202   -8.885   -6.447   -7.605   -5.157
  97     2100  6.00   -6.592  -16.404  -12.222   -9.200   -6.732   -7.987   -5.323
  98     2200  3.50   -5.558  -10.820   -7.634   -7.427   -5.505   -6.339   -3.865
  99     2200  4.00   -5.552  -11.925   -8.571   -7.494   -5.490   -6.393   -3.978
 100     2200  4.50   -5.601  -13.258   -9.698   -7.632   -5.534   -6.454   -4.179
 101     2200  5.00   -5.630  -14.646  -10.710   -7.753   -5.569   -6.505   -4.274
 102     2200  5.50   -5.862  -15.705  -11.463   -8.054   -5.825   -6.754   -4.458
 103     2200  6.00   -5.973  -15.873  -11.610   -8.190   -5.973   -6.820   -4.423
 104     2300  3.50   -5.052   -9.756   -6.826   -6.773   -4.971   -5.799   -3.208
 105     2300  4.00   -5.062  -10.701   -7.619   -6.829   -4.969   -5.843   -3.307
 106     2300  4.50   -5.168  -11.927   -8.678   -6.999   -5.064   -5.937   -3.559
 107     2300  5.00   -5.266  -13.430   -9.873   -7.191   -5.163   -6.036   -3.767
 108     2300  5.50   -5.419  -14.673  -10.775   -7.384   -5.321   -6.128   -3.879
 109     2300  6.00   -5.498  -15.102  -11.045   -7.489   -5.430   -6.138   -3.814
 110     2400  3.50   -4.559   -8.949   -6.200   -6.183   -4.468   -5.315   -2.609
 111     2400  4.00   -4.578   -9.715   -6.844   -6.219   -4.471   -5.344   -2.683
 112     2400  4.50   -4.704  -10.749   -7.745   -6.375   -4.580   -5.434   -2.919
 113     2400  5.50   -4.965  -13.394   -9.917   -6.732   -4.830   -5.581   -3.285
 114     2400  6.00   -5.142  -14.361  -10.585   -6.959   -5.027   -5.663   -3.331
 115     2500  3.50   -4.121   -8.421   -5.767   -5.687   -4.032   -4.908   -2.104
 116     2500  4.00   -4.124   -8.993   -6.257   -5.685   -4.018   -4.905   -2.132
 117     2500  4.50   -4.268   -9.850   -7.002   -5.829   -4.137   -4.995   -2.346
 118     2500  5.00   -4.378  -10.961   -7.982   -5.974   -4.235   -5.058   -2.549
 119     2500  5.50   -4.557  -12.316   -9.119   -6.190   -4.405   -5.145   -2.746
 120     2500  6.00   -4.746  -13.400   -9.944   -6.407   -4.599   -5.207   -2.808
 121     2600  3.50   -3.741   -8.008   -5.424   -5.256   -3.660   -4.546   -1.668
 122     2600  4.00   -3.722   -8.446   -5.805   -5.221   -3.624   -4.518   -1.658
 123     2600  4.50   -3.860   -9.145   -6.403   -5.342   -3.733   -4.598   -1.835
 124     2600  5.00   -3.945  -10.020   -7.187   -5.437   -3.803   -4.638   -1.980
 125     2600  5.50   -4.119  -11.220   -8.249   -5.629   -3.962   -4.718   -2.172
 126     2600  6.00   -4.347  -12.399   -9.209   -5.886   -4.184   -4.812   -2.301
 127     2700  3.50   -3.435   -7.676   -5.146   -4.899   -3.363   -4.240   -1.312
 128     2700  4.00   -3.373   -7.989   -5.432   -4.813   -3.283   -4.168   -1.246
 129     2700  4.50   -3.485   -8.547   -5.899   -4.897   -3.364   -4.226   -1.374
 130     2700  5.00   -3.548   -9.262   -6.534   -4.962   -3.415   -4.256   -1.475
 131     2700  5.50   -3.700  -10.264   -7.441   -5.117   -3.548   -4.327   -1.635
 132     2700  6.00   -3.926  -11.413   -8.427   -5.357   -3.757   -4.417   -1.772
 133     2800  5.00   -2.830  -11.462   -8.121   -4.284   -2.587   -3.427   -0.372
 134     2800  5.50   -2.968  -12.320   -8.977   -4.449   -2.657   -3.491   -0.436
 135     2900  5.00   -2.510  -10.585   -7.346   -3.896   -2.316   -3.125   -0.011
 136     2900  5.50   -2.642  -11.381   -8.120   -4.044   -2.380   -3.174   -0.066
 137     3000  5.00   -2.229   -9.787   -6.662   -3.553   -2.082   -2.857    0.294
 138     3000  5.50   -2.350  -10.518   -7.346   -3.686   -2.138   -2.898    0.250
 139     3100  5.00   -1.987   -9.055   -6.059   -3.255   -1.880   -2.626    0.544
 140     3100  5.50   -2.091   -9.703   -6.639   -3.371   -1.928   -2.660    0.509
 141     3200  5.00   -1.783   -8.409   -5.534   -2.994   -1.706   -2.424    0.754
 142     3200  5.50   -1.865   -8.960   -6.012   -3.088   -1.743   -2.450    0.733
 143     3300  5.00   -1.608   -7.841   -5.068   -2.761   -1.556   -2.240    0.945
 144     3300  5.50   -1.668   -8.270   -5.449   -2.836   -1.584   -2.262    0.929
 145     3400  5.00   -1.457   -7.346   -4.652   -2.556   -1.422   -2.074    1.114
 146     3400  5.50   -1.499   -7.636   -4.944   -2.613   -1.445   -2.094    1.102
 147     3500  5.00   -1.326   -6.918   -4.267   -2.372   -1.302   -1.923    1.265
 148     3500  5.50   -1.355   -7.057   -4.484   -2.416   -1.320   -1.942    1.254
 149     3600  5.00   -1.211   -6.517   -3.925   -2.209   -1.194   -1.785    1.402
 150     3600  5.50   -1.231   -6.557   -4.081   -2.243   -1.209   -1.804    1.390
 151     3700  5.00   -1.108   -6.139   -3.630   -2.058   -1.093   -1.657    1.529
 152     3700  5.50   -1.129   -6.158   -3.759   -2.092   -1.111   -1.681    1.511
 153     3800  5.00   -1.013   -5.798   -3.372   -1.917   -0.999   -1.534    1.650
 154     3800  5.50   -1.023   -5.838   -3.478   -1.934   -1.006   -1.547    1.643
 155     3500  0.00   -1.950   -8.052   -5.519   -3.595   -1.996   -3.007    0.102
 156     3500  0.50   -1.684   -7.503   -5.041   -3.161   -1.705   -2.615    0.504
 157     3500  1.00   -1.462   -6.917   -4.567   -2.771   -1.463   -2.272    0.856
 158     3500  1.50   -1.309   -6.344   -4.173   -2.493   -1.299   -2.031    1.105
 159     3500  2.00   -1.234   -5.906   -3.917   -2.354   -1.221   -1.911    1.229
 160     3500  2.50   -1.188   -5.629   -3.767   -2.267   -1.172   -1.838    1.307
 161     3500  3.00   -1.162   -5.488   -3.713   -2.211   -1.141   -1.792    1.359
 162     3500  3.50   -1.148   -5.452   -3.744   -2.172   -1.118   -1.764    1.397
 163     3500  4.00   -1.140   -5.502   -3.855   -2.142   -1.097   -1.744    1.431
 164     3500  4.50   -1.128   -5.613   -4.018   -2.107   -1.070   -1.717    1.472
 165     3500  5.00   -1.110   -5.770   -4.200   -2.058   -1.032   -1.672    1.532
 166     3750  0.00   -1.589   -7.245   -4.822   -3.062   -1.622   -2.523    0.584
 167     3750  0.50   -1.420   -6.829   -4.460   -2.748   -1.435   -2.245    0.868
 168     3750  1.00   -1.272   -6.358   -4.089   -2.454   -1.271   -1.992    1.129
 169     3750  1.50   -1.143   -5.849   -3.743   -2.200   -1.131   -1.776    1.354
 170     3750  2.00   -1.054   -5.404   -3.479   -2.036   -1.036   -1.635    1.500
 171     3750  2.50   -1.003   -5.096   -3.315   -1.956   -0.985   -1.563    1.575
 172     3750  3.00   -0.974   -4.908   -3.219   -1.907   -0.954   -1.520    1.621
 173     3750  3.50   -0.956   -4.821   -3.187   -1.872   -0.932   -1.491    1.655
 174     3750  4.00   -0.945   -4.814   -3.212   -1.843   -0.911   -1.469    1.684
 175     3750  4.50   -0.934   -4.871   -3.293   -1.813   -0.888   -1.447    1.716
 176     3750  5.00   -0.919   -4.976   -3.417   -1.775   -0.858   -1.417    1.759
 177     4000  0.00   -1.190   -6.265   -3.994   -2.456   -1.207   -1.975    1.137
 178     4000  0.50   -1.071   -5.879   -3.688   -2.221   -1.078   -1.772    1.343
 179     4000  1.00   -0.976   -5.466   -3.400   -2.014   -0.976   -1.598    1.521
 180     4000  1.50   -0.907   -5.069   -3.157   -1.847   -0.900   -1.461    1.663
 181     4000  2.00   -0.857   -4.744   -2.976   -1.724   -0.844   -1.359    1.770
 182     4000  2.50   -0.820   -4.513   -2.857   -1.654   -0.804   -1.300    1.833
 183     4000  3.00   -0.792   -4.365   -2.783   -1.618   -0.775   -1.266    1.870
 184     4000  3.50   -0.771   -4.273   -2.738   -1.590   -0.752   -1.240    1.900
 185     4000  4.00   -0.760   -4.245   -2.732   -1.572   -0.737   -1.223    1.920
 186     4000  4.50   -0.755   -4.270   -2.757   -1.554   -0.724   -1.210    1.938
 187     4000  5.00   -0.749   -4.339   -2.815   -1.531   -0.705   -1.194    1.964
 188     4250  0.00   -0.854   -5.225   -3.193   -1.912   -0.858   -1.487    1.634
 189     4250  0.50   -0.781   -4.903   -2.973   -1.755   -0.780   -1.356    1.766
 190     4250  1.00   -0.720   -4.566   -2.767   -1.614   -0.716   -1.241    1.883
 191     4250  1.50   -0.674   -4.257   -2.594   -1.500   -0.668   -1.149    1.976
 192     4250  2.00   -0.643   -4.005   -2.465   -1.415   -0.634   -1.082    2.046
 193     4250  2.50   -0.622   -3.826   -2.380   -1.360   -0.611   -1.037    2.094
 194     4250  3.00   -0.609   -3.725   -2.336   -1.336   -0.596   -1.016    2.118
 195     4250  3.50   -0.598   -3.687   -2.320   -1.329   -0.585   -1.007    2.129
 196     4250  4.00   -0.590   -3.683   -2.318   -1.323   -0.575   -1.000    2.138
 197     4250  4.50   -0.586   -3.708   -2.328   -1.317   -0.568   -0.994    2.146
 198     4250  5.00   -0.585   -3.763   -2.355   -1.306   -0.560   -0.987    2.158
 199     4500  0.00   -0.587   -4.303   -2.503   -1.459   -0.583   -1.086    2.041
 200     4500  0.50   -0.551   -4.023   -2.354   -1.364   -0.545   -1.010    2.118
 201     4500  1.00   -0.522   -3.762   -2.226   -1.282   -0.514   -0.946    2.184
 202     4500  1.50   -0.499   -3.538   -2.123   -1.215   -0.490   -0.895    2.235
 203     4500  2.00   -0.481   -3.367   -2.047   -1.165   -0.471   -0.857    2.274
 204     4500  2.50   -0.469   -3.253   -2.001   -1.129   -0.458   -0.830    2.302
 205     4500  3.00   -0.460   -3.188   -1.978   -1.111   -0.449   -0.815    2.319
 206     4500  3.50   -0.456   -3.162   -1.971   -1.107   -0.443   -0.810    2.325
 207     4500  4.00   -0.451   -3.169   -1.977   -1.110   -0.438   -0.810    2.327
 208     4500  4.50   -0.446   -3.195   -1.988   -1.111   -0.433   -0.808    2.329
 209     4500  5.00   -0.443   -3.239   -2.004   -1.108   -0.427   -0.805    2.334
 210     4750  0.00   -0.395   -3.628   -1.967   -1.114   -0.386   -0.788    2.340
 211     4750  0.50   -0.383   -3.374   -1.866   -1.061   -0.373   -0.748    2.383
 212     4750  1.00   -0.375   -3.143   -1.785   -1.018   -0.364   -0.717    2.416
 213     4750  1.50   -0.370   -2.950   -1.726   -0.986   -0.359   -0.695    2.439
 214     4750  2.00   -0.365   -2.810   -1.689   -0.963   -0.355   -0.679    2.456
 215     4750  2.50   -0.360   -2.728   -1.671   -0.947   -0.349   -0.667    2.468
 216     4750  3.00   -0.355   -2.692   -1.668   -0.936   -0.343   -0.660    2.476
 217     4750  3.50   -0.351   -2.690   -1.676   -0.935   -0.339   -0.657    2.478
 218     4750  4.00   -0.348   -2.702   -1.689   -0.939   -0.335   -0.659    2.477
 219     4750  4.50   -0.344   -2.729   -1.703   -0.944   -0.331   -0.661    2.476
 220     4750  5.00   -0.340   -2.765   -1.719   -0.946   -0.326   -0.661    2.476
 221     5000  0.00   -0.260   -3.173   -1.565   -0.859   -0.248   -0.573    2.553
 222     5000  0.50   -0.263   -2.944   -1.503   -0.834   -0.250   -0.557    2.572
 223     5000  1.00   -0.268   -2.738   -1.458   -0.818   -0.256   -0.548    2.583
 224     5000  1.50   -0.275   -2.564   -1.428   -0.809   -0.263   -0.544    2.589
 225     5000  2.00   -0.281   -2.428   -1.413   -0.805   -0.270   -0.544    2.591
 226     5000  2.50   -0.285   -2.338   -1.410   -0.803   -0.273   -0.544    2.592
 227     5000  3.00   -0.285   -2.297   -1.416   -0.802   -0.273   -0.544    2.593
 228     5000  3.50   -0.281   -2.294   -1.432   -0.803   -0.268   -0.543    2.593
 229     5000  4.00   -0.276   -2.313   -1.451   -0.807   -0.264   -0.545    2.592
 230     5000  4.50   -0.272   -2.340   -1.470   -0.813   -0.260   -0.547    2.589
 231     5000  5.00   -0.268   -2.372   -1.487   -0.817   -0.255   -0.549    2.588
 232     5250  0.00   -0.162   -2.870   -1.254   -0.664   -0.148   -0.412    2.709
 233     5250  0.50   -0.174   -2.668   -1.226   -0.661   -0.160   -0.413    2.711
 234     5250  1.00   -0.187   -2.484   -1.208   -0.663   -0.174   -0.419    2.708
 235     5250  1.50   -0.202   -2.325   -1.201   -0.669   -0.189   -0.428    2.701
 236     5250  2.00   -0.216   -2.195   -1.204   -0.680   -0.203   -0.439    2.692
 237     5250  2.50   -0.228   -2.096   -1.214   -0.690   -0.215   -0.449    2.683
 238     5250  3.00   -0.235   -2.034   -1.227   -0.698   -0.222   -0.457    2.677
 239     5250  3.50   -0.235   -2.009   -1.244   -0.703   -0.222   -0.460    2.675
 240     5250  4.00   -0.230   -2.016   -1.263   -0.708   -0.217   -0.461    2.674
 241     5250  4.50   -0.225   -2.038   -1.284   -0.712   -0.212   -0.463    2.672
 242     5250  5.00   -0.220   -2.065   -1.302   -0.717   -0.206   -0.464    2.671
 243     5500  0.00   -0.088   -2.675   -1.006   -0.509   -0.074   -0.286    2.827
 244     5500  0.50   -0.105   -2.496   -1.003   -0.520   -0.091   -0.300    2.816
 245     5500  1.00   -0.124   -2.329   -1.007   -0.535   -0.110   -0.315    2.803
 246     5500  1.50   -0.143   -2.181   -1.019   -0.553   -0.129   -0.333    2.788
 247     5500  2.00   -0.162   -2.056   -1.037   -0.574   -0.149   -0.353    2.771
 248     5500  2.50   -0.180   -1.953   -1.059   -0.594   -0.167   -0.372    2.755
 249     5500  3.00   -0.194   -1.875   -1.081   -0.612   -0.181   -0.387    2.741
 250     5500  3.50   -0.201   -1.826   -1.101   -0.624   -0.188   -0.397    2.734
 251     5500  4.00   -0.201   -1.807   -1.121   -0.631   -0.187   -0.401    2.731
 252     5500  4.50   -0.196   -1.813   -1.140   -0.636   -0.182   -0.402    2.730
 253     5500  5.00   -0.189   -1.831   -1.157   -0.639   -0.175   -0.402    2.730
 254     5750  0.00   -0.031   -2.552   -0.800   -0.382   -0.016   -0.186    2.919
 255     5750  0.50   -0.051   -2.395   -0.817   -0.403   -0.036   -0.207    2.899
 256     5750  1.00   -0.072   -2.241   -0.838   -0.426   -0.057   -0.229    2.879
 257     5750  1.50   -0.094   -2.100   -0.864   -0.453   -0.080   -0.254    2.857
 258     5750  2.00   -0.117   -1.977   -0.895   -0.481   -0.103   -0.280    2.835
 259     5750  2.50   -0.139   -1.871   -0.927   -0.509   -0.126   -0.305    2.812
 260     5750  3.00   -0.159   -1.783   -0.959   -0.535   -0.145   -0.327    2.793
 261     5750  3.50   -0.173   -1.715   -0.987   -0.556   -0.159   -0.344    2.778
 262     5750  4.00   -0.179   -1.672   -1.010   -0.569   -0.165   -0.354    2.771
 263     5750  4.50   -0.177   -1.655   -1.029   -0.576   -0.163   -0.357    2.770
 264     5750  5.00   -0.172   -1.657   -1.046   -0.580   -0.157   -0.357    2.770
 265     6000  0.00    0.012   -2.477   -0.623   -0.274    0.027   -0.103    2.991
 266     6000  0.50   -0.007   -2.341   -0.657   -0.301    0.008   -0.129    2.966
 267     6000  1.00   -0.028   -2.199   -0.691   -0.330   -0.013   -0.156    2.941
 268     6000  1.50   -0.052   -2.064   -0.728   -0.362   -0.037   -0.185    2.914
 269     6000  2.00   -0.077   -1.940   -0.769   -0.396   -0.062   -0.215    2.886
 270     6000  2.50   -0.102   -1.830   -0.811   -0.431   -0.088   -0.245    2.859
 271     6000  3.00   -0.127   -1.734   -0.852   -0.464   -0.112   -0.274    2.834
 272     6000  3.50   -0.147   -1.653   -0.888   -0.493   -0.132   -0.298    2.813
 273     6000  4.00   -0.160   -1.590   -0.918   -0.514   -0.146   -0.315    2.800
 274     6000  4.50   -0.165   -1.550   -0.941   -0.527   -0.150   -0.323    2.795
 275     6000  5.00   -0.162   -1.534   -0.958   -0.534   -0.147   -0.325    2.795
 276     6250  0.50    0.028   -2.314   -0.514   -0.212    0.043   -0.062    3.021
 277     6250  1.00    0.009   -2.185   -0.560   -0.245    0.023   -0.091    2.991
 278     6250  1.50   -0.015   -2.056   -0.607   -0.280    0.000   -0.123    2.960
 279     6250  2.00   -0.041   -1.932   -0.656   -0.318   -0.026   -0.157    2.929
 280     6250  2.50   -0.069   -1.818   -0.706   -0.358   -0.054   -0.192    2.897
 281     6250  3.00   -0.097   -1.715   -0.755   -0.397   -0.082   -0.226    2.867
 282     6250  3.50   -0.122   -1.625   -0.799   -0.433   -0.107   -0.256    2.841
 283     6250  4.00   -0.142   -1.547   -0.837   -0.462   -0.127   -0.280    2.822
 284     6250  4.50   -0.153   -1.488   -0.867   -0.483   -0.139   -0.295    2.810
 285     6250  5.00   -0.156   -1.451   -0.888   -0.495   -0.141   -0.302    2.807
 286     6500  0.50    0.051   -2.299   -0.375   -0.134    0.065   -0.009    3.062
 287     6500  1.00    0.037   -2.185   -0.440   -0.168    0.052   -0.037    3.032
 288     6500  1.50    0.016   -2.063   -0.496   -0.206    0.031   -0.070    2.998
 289     6500  2.00   -0.010   -1.942   -0.552   -0.246    0.005   -0.106    2.963
 290     6500  2.50   -0.039   -1.825   -0.608   -0.289   -0.024   -0.144    2.927
 291     6500  3.00   -0.069   -1.717   -0.664   -0.333   -0.054   -0.182    2.894
 292     6500  3.50   -0.098   -1.618   -0.717   -0.375   -0.083   -0.217    2.863
 293     6500  4.00   -0.123   -1.530   -0.763   -0.412   -0.108   -0.248    2.837
 294     6500  4.50   -0.142   -1.456   -0.800   -0.441   -0.127   -0.271    2.820
 295     6500  5.00   -0.152   -1.400   -0.828   -0.460   -0.137   -0.284    2.811
 296     6750  0.50    0.068   -2.280   -0.273   -0.072    0.082    0.037    3.100
 297     6750  1.00    0.055   -2.187   -0.320   -0.100    0.069    0.008    3.061
 298     6750  1.50    0.040   -2.075   -0.392   -0.139    0.055   -0.024    3.028
 299     6750  2.00    0.017   -1.959   -0.457   -0.181    0.032   -0.061    2.990
 300     6750  2.50   -0.012   -1.843   -0.518   -0.226    0.004   -0.101    2.951
 301     6750  3.00   -0.043   -1.731   -0.580   -0.272   -0.028   -0.142    2.914
 302     6750  3.50   -0.075   -1.627   -0.639   -0.319   -0.060   -0.182    2.878
 303     6750  4.00   -0.105   -1.531   -0.693   -0.362   -0.089   -0.218    2.848
 304     6750  4.50   -0.130   -1.445   -0.739   -0.399   -0.114   -0.248    2.824
 305     6750  5.00   -0.147   -1.375   -0.775   -0.426   -0.131   -0.268    2.809
 306     7000  0.50    0.080   -2.246   -0.205   -0.029    0.094    0.071    3.134
 307     7000  1.00    0.067   -2.180   -0.233   -0.048    0.081    0.044    3.089
 308     7000  1.50    0.053   -2.085   -0.288   -0.079    0.067    0.012    3.048
 309     7000  2.00    0.036   -1.977   -0.366   -0.121    0.051   -0.022    3.010
 310     7000  2.50    0.011   -1.865   -0.436   -0.167    0.026   -0.063    2.969
 311     7000  3.00   -0.020   -1.753   -0.502   -0.216   -0.005   -0.106    2.928
 312     7000  3.50   -0.053   -1.646   -0.567   -0.265   -0.038   -0.150    2.889
 313     7000  4.00   -0.087   -1.544   -0.628   -0.313   -0.071   -0.191    2.854
 314     7000  4.50   -0.116   -1.450   -0.681   -0.357   -0.101   -0.226    2.825
 315     7000  5.00   -0.140   -1.368   -0.725   -0.393   -0.124   -0.254    2.804
 316     7250  0.50    0.084   -2.190   -0.171   -0.007    0.098    0.093    3.162
 317     7250  1.00    0.073   -2.155   -0.177   -0.015    0.087    0.070    3.114
 318     7250  1.50    0.061   -2.082   -0.214   -0.036    0.074    0.041    3.066
 319     7250  2.00    0.046   -1.989   -0.276   -0.069    0.060    0.006    3.021
 320     7250  2.50    0.027   -1.884   -0.357   -0.114    0.042   -0.031    2.981
 321     7250  3.00   -0.001   -1.776   -0.430   -0.163    0.014   -0.075    2.937
 322     7250  3.50   -0.034   -1.669   -0.500   -0.215   -0.019   -0.121    2.894
 323     7250  4.00   -0.069   -1.564   -0.566   -0.266   -0.054   -0.166    2.855
 324     7250  4.50   -0.103   -1.464   -0.627   -0.315   -0.087   -0.207    2.821
 325     7250  5.00   -0.132   -1.374   -0.679   -0.358   -0.116   -0.241    2.794
 326     7500  0.50    0.077   -2.093   -0.191   -0.017    0.091    0.093    3.180
 327     7500  1.00    0.070   -2.112   -0.146    0.001    0.083    0.084    3.133
 328     7500  1.50    0.061   -2.063   -0.168   -0.011    0.074    0.059    3.083
 329     7500  2.00    0.048   -1.988   -0.212   -0.034    0.061    0.027    3.031
 330     7500  2.50    0.032   -1.896   -0.280   -0.070    0.046   -0.010    2.984
 331     7500  3.00    0.011   -1.796   -0.363   -0.117    0.026   -0.050    2.941
 332     7500  3.50   -0.019   -1.692   -0.438   -0.169   -0.003   -0.096    2.896
 333     7500  4.00   -0.054   -1.588   -0.509   -0.222   -0.038   -0.144    2.852
 334     7500  4.50   -0.090   -1.485   -0.576   -0.275   -0.074   -0.189    2.814
 335     7500  5.00   -0.124   -1.389   -0.635   -0.324   -0.107   -0.229    2.782
 336     7750  1.00    0.054   -2.044   -0.148   -0.007    0.068    0.081    3.145
 337     7750  1.50    0.050   -2.028   -0.145   -0.004    0.063    0.064    3.094
 338     7750  2.00    0.042   -1.972   -0.177   -0.018    0.055    0.037    3.039
 339     7750  2.50    0.028   -1.897   -0.228   -0.043    0.042    0.003    2.984
 340     7750  3.00    0.012   -1.808   -0.299   -0.080    0.027   -0.036    2.936
 341     7750  3.50   -0.010   -1.711   -0.381   -0.129    0.005   -0.078    2.891
 342     7750  4.00   -0.042   -1.610   -0.457   -0.182   -0.026   -0.126    2.846
 343     7750  4.50   -0.078   -1.509   -0.528   -0.237   -0.062   -0.174    2.803
 344     7750  5.00   -0.115   -1.410   -0.594   -0.290   -0.098   -0.219    2.766
 345     8000  1.00    0.026   -1.947   -0.187   -0.041    0.039    0.058    3.142
 346     8000  1.50    0.029   -1.976   -0.145   -0.015    0.042    0.057    3.097
 347     8000  2.00    0.025   -1.944   -0.161   -0.019    0.038    0.035    3.041
 348     8000  2.50    0.016   -1.886   -0.201   -0.035    0.030    0.005    2.984
 349     8000  3.00    0.003   -1.812   -0.256   -0.061    0.017   -0.031    2.927
 350     8000  3.50   -0.013   -1.725   -0.330   -0.099    0.002   -0.070    2.879
 351     8000  4.00   -0.037   -1.630   -0.410   -0.148   -0.021   -0.114    2.834
 352     8000  4.50   -0.070   -1.531   -0.485   -0.203   -0.054   -0.163    2.790
 353     8000  5.00   -0.107   -1.433   -0.556   -0.258   -0.091   -0.211    2.748
 354     8250  1.00   -0.025   -1.822   -0.263   -0.108   -0.011    0.007    3.111
 355     8250  1.50   -0.003   -1.910   -0.167   -0.043    0.009    0.035    3.093
 356     8250  2.00   -0.002   -1.905   -0.163   -0.034    0.011    0.022    3.039
 357     8250  2.50   -0.006   -1.865   -0.191   -0.042    0.007   -0.003    2.979
 358     8250  3.00   -0.015   -1.805   -0.237   -0.060   -0.001   -0.036    2.918
 359     8250  3.50   -0.029   -1.732   -0.297   -0.087   -0.014   -0.074    2.861
 360     8250  4.00   -0.043   -1.645   -0.372   -0.125   -0.027   -0.113    2.816
 361     8250  4.50   -0.068   -1.551   -0.449   -0.175   -0.052   -0.157    2.772
 362     8250  5.00   -0.103   -1.456   -0.522   -0.230   -0.086   -0.206    2.728
 363     8500  1.50   -0.047   -1.832   -0.211   -0.089   -0.034   -0.001    3.074
 364     8500  2.00   -0.038   -1.855   -0.183   -0.064   -0.026   -0.002    3.029
 365     8500  2.50   -0.038   -1.835   -0.198   -0.063   -0.025   -0.021    2.969
 366     8500  3.00   -0.042   -1.791   -0.235   -0.073   -0.029   -0.050    2.905
 367     8500  3.50   -0.051   -1.731   -0.285   -0.092   -0.037   -0.085    2.844
 368     8500  4.00   -0.064   -1.657   -0.347   -0.119   -0.049   -0.124    2.790
 369     8500  4.50   -0.077   -1.569   -0.421   -0.158   -0.061   -0.161    2.748
 370     8500  5.00   -0.104   -1.477   -0.495   -0.207   -0.087   -0.206    2.705
 371     8750  1.50   -0.099   -1.757   -0.265   -0.144   -0.086   -0.049    3.042
 372     8750  2.00   -0.082   -1.804   -0.217   -0.105   -0.070   -0.037    3.011
 373     8750  2.50   -0.078   -1.801   -0.218   -0.095   -0.065   -0.049    2.955
 374     8750  3.00   -0.078   -1.772   -0.244   -0.098   -0.065   -0.072    2.891
 375     8750  3.50   -0.082   -1.724   -0.287   -0.109   -0.068   -0.104    2.825
 376     8750  4.00   -0.091   -1.662   -0.341   -0.129   -0.076   -0.141    2.765
 377     8750  4.50   -0.101   -1.586   -0.407   -0.157   -0.085   -0.179    2.716
 378     8750  5.00   -0.114   -1.497   -0.476   -0.195   -0.097   -0.215    2.676
 379     9000  1.50   -0.156   -1.688   -0.323   -0.204   -0.143   -0.102    2.999
 380     9000  2.00   -0.132   -1.756   -0.260   -0.154   -0.120   -0.079    2.983
 381     9000  2.50   -0.124   -1.768   -0.249   -0.136   -0.111   -0.084    2.934
 382     9000  3.00   -0.120   -1.750   -0.265   -0.132   -0.107   -0.103    2.871
 383     9000  3.50   -0.121   -1.714   -0.300   -0.137   -0.107   -0.130    2.803
 384     9000  4.00   -0.125   -1.663   -0.348   -0.149   -0.110   -0.164    2.738
 385     9000  4.50   -0.133   -1.598   -0.407   -0.170   -0.118   -0.203    2.683
 386     9000  5.00   -0.140   -1.517   -0.471   -0.198   -0.123   -0.236    2.641
 387     9250  2.00   -0.185   -1.712   -0.307   -0.206   -0.173   -0.126    2.948
 388     9250  2.50   -0.174   -1.737   -0.288   -0.182   -0.161   -0.125    2.906
 389     9250  3.00   -0.168   -1.730   -0.296   -0.174   -0.155   -0.140    2.847
 390     9250  3.50   -0.165   -1.703   -0.323   -0.173   -0.152   -0.163    2.779
 391     9250  4.00   -0.165   -1.661   -0.363   -0.179   -0.151   -0.193    2.712
 392     9250  4.50   -0.170   -1.606   -0.415   -0.193   -0.154   -0.229    2.652
 393     9250  5.00   -0.176   -1.537   -0.477   -0.215   -0.160   -0.267    2.602
 394     9500  2.00   -0.240   -1.674   -0.357   -0.259   -0.227   -0.176    2.907
 395     9500  2.50   -0.226   -1.709   -0.331   -0.232   -0.214   -0.171    2.874
 396     9500  3.00   -0.219   -1.712   -0.333   -0.220   -0.206   -0.181    2.819
 397     9500  3.50   -0.214   -1.693   -0.353   -0.216   -0.201   -0.200    2.754
 398     9500  4.00   -0.211   -1.659   -0.386   -0.217   -0.198   -0.227    2.685
 399     9500  4.50   -0.211   -1.611   -0.433   -0.224   -0.197   -0.261    2.620
 400     9500  5.00   -0.215   -1.552   -0.490   -0.240   -0.199   -0.299    2.564
 401     9750  2.00   -0.294   -1.641   -0.407   -0.312   -0.282   -0.226    2.863
 402     9750  2.50   -0.280   -1.685   -0.377   -0.283   -0.268   -0.218    2.836
 403     9750  3.00   -0.272   -1.695   -0.374   -0.269   -0.259   -0.225    2.787
 404     9750  3.50   -0.266   -1.685   -0.388   -0.262   -0.253   -0.242    2.724
 405     9750  4.00   -0.261   -1.657   -0.417   -0.259   -0.247   -0.266    2.655
 406     9750  4.50   -0.257   -1.616   -0.457   -0.262   -0.243   -0.296    2.587
 407     9750  5.00   -0.257   -1.564   -0.510   -0.271   -0.242   -0.332    2.527
 408    10000  2.00   -0.349   -1.613   -0.456   -0.365   -0.336   -0.277    2.817
 409    10000  2.50   -0.334   -1.664   -0.424   -0.335   -0.322   -0.267    2.795
 410    10000  3.00   -0.325   -1.681   -0.417   -0.320   -0.313   -0.272    2.751
 411    10000  3.50   -0.318   -1.677   -0.428   -0.311   -0.306   -0.286    2.692
 412    10000  4.00   -0.312   -1.656   -0.451   -0.305   -0.299   -0.307    2.623
 413    10000  4.50   -0.307   -1.621   -0.487   -0.304   -0.293   -0.335    2.555
 414    10000  5.00   -0.304   -1.574   -0.534   -0.308   -0.288   -0.369    2.492
 415    10250  2.00   -0.403   -1.591   -0.505   -0.417   -0.390   -0.328    2.771
 416    10250  2.50   -0.388   -1.646   -0.471   -0.387   -0.376   -0.317    2.752
 417    10250  3.00   -0.379   -1.670   -0.463   -0.371   -0.367   -0.320    2.712
 418    10250  3.50   -0.372   -1.671   -0.470   -0.361   -0.360   -0.331    2.657
 419    10250  4.00   -0.365   -1.656   -0.490   -0.354   -0.352   -0.351    2.591
 420    10250  4.50   -0.359   -1.626   -0.521   -0.350   -0.345   -0.376    2.522
 421    10250  5.00   -0.353   -1.585   -0.563   -0.350   -0.338   -0.407    2.457
 422    10500  2.00   -0.456   -1.573   -0.553   -0.468   -0.444   -0.378    2.725
 423    10500  2.50   -0.441   -1.632   -0.519   -0.438   -0.429   -0.366    2.708
 424    10500  3.00   -0.433   -1.660   -0.509   -0.422   -0.421   -0.368    2.671
 425    10500  3.50   -0.426   -1.667   -0.514   -0.411   -0.414   -0.378    2.620
 426    10500  4.00   -0.419   -1.657   -0.530   -0.404   -0.406   -0.395    2.557
 427    10500  4.50   -0.412   -1.633   -0.557   -0.398   -0.398   -0.419    2.488
 428    10500  5.00   -0.404   -1.596   -0.595   -0.395   -0.390   -0.448    2.421
 429    10750  2.00   -0.509   -1.560   -0.601   -0.519   -0.496   -0.428    2.679
 430    10750  2.50   -0.494   -1.622   -0.566   -0.489   -0.482   -0.416    2.663
 431    10750  3.00   -0.486   -1.653   -0.555   -0.473   -0.474   -0.417    2.629
 432    10750  3.50   -0.480   -1.664   -0.559   -0.462   -0.468   -0.426    2.581
 433    10750  4.00   -0.473   -1.659   -0.573   -0.454   -0.460   -0.441    2.522
 434    10750  4.50   -0.465   -1.639   -0.596   -0.447   -0.452   -0.463    2.454
 435    10750  5.00   -0.457   -1.607   -0.631   -0.442   -0.442   -0.490    2.386
 436    11000  2.00   -0.561   -1.550   -0.647   -0.569   -0.548   -0.477    2.633
 437    11000  2.50   -0.546   -1.614   -0.612   -0.539   -0.535   -0.464    2.618
 438    11000  3.00   -0.539   -1.649   -0.602   -0.523   -0.527   -0.466    2.585
 439    11000  3.50   -0.533   -1.663   -0.604   -0.513   -0.521   -0.474    2.541
 440    11000  4.00   -0.526   -1.661   -0.616   -0.504   -0.514   -0.488    2.485
 441    11000  4.50   -0.519   -1.646   -0.637   -0.497   -0.506   -0.508    2.419
 442    11000  5.00   -0.510   -1.618   -0.668   -0.491   -0.496   -0.534    2.350
 443    11250  2.00   -0.612   -1.544   -0.694   -0.618   -0.600   -0.526    2.587
 444    11250  2.50   -0.598   -1.610   -0.659   -0.588   -0.586   -0.513    2.573
 445    11250  3.00   -0.591   -1.647   -0.648   -0.573   -0.580   -0.514    2.542
 446    11250  3.50   -0.586   -1.663   -0.649   -0.563   -0.574   -0.522    2.499
 447    11250  4.00   -0.579   -1.665   -0.660   -0.555   -0.567   -0.535    2.446
 448    11250  4.50   -0.572   -1.654   -0.679   -0.547   -0.559   -0.554    2.383
 449    11250  5.00   -0.563   -1.630   -0.707   -0.540   -0.549   -0.578    2.315
 450    11500  2.00   -0.663   -1.541   -0.740   -0.667   -0.651   -0.574    2.541
 451    11500  2.50   -0.649   -1.608   -0.704   -0.637   -0.637   -0.561    2.528
 452    11500  3.00   -0.643   -1.647   -0.693   -0.622   -0.631   -0.562    2.498
 453    11500  3.50   -0.638   -1.666   -0.695   -0.612   -0.626   -0.570    2.457
 454    11500  4.00   -0.632   -1.670   -0.704   -0.604   -0.620   -0.582    2.406
 455    11500  4.50   -0.625   -1.662   -0.722   -0.597   -0.612   -0.599    2.346
 456    11500  5.00   -0.616   -1.642   -0.748   -0.589   -0.602   -0.622    2.280
 457    11750  2.00   -0.713   -1.540   -0.785   -0.715   -0.701   -0.621    2.496
 458    11750  2.50   -0.699   -1.609   -0.749   -0.685   -0.688   -0.609    2.483
 459    11750  3.00   -0.694   -1.649   -0.738   -0.671   -0.682   -0.610    2.454
 460    11750  3.50   -0.689   -1.670   -0.740   -0.661   -0.678   -0.618    2.414
 461    11750  4.00   -0.684   -1.676   -0.749   -0.654   -0.672   -0.629    2.365
 462    11750  4.50   -0.677   -1.670   -0.765   -0.646   -0.664   -0.645    2.308
 463    11750  5.00   -0.668   -1.654   -0.788   -0.638   -0.655   -0.667    2.244
 464    12000  2.50   -0.749   -1.612   -0.794   -0.732   -0.738   -0.656    2.439
 465    12000  3.00   -0.744   -1.654   -0.783   -0.719   -0.733   -0.657    2.410
 466    12000  3.50   -0.740   -1.676   -0.784   -0.710   -0.728   -0.665    2.371
 467    12000  4.00   -0.735   -1.683   -0.793   -0.702   -0.723   -0.676    2.324
 468    12000  4.50   -0.728   -1.680   -0.808   -0.695   -0.716   -0.692    2.269
 469    12000  5.00   -0.720   -1.666   -0.830   -0.687   -0.707   -0.712    2.207
 470    12250  2.50   -0.798   -1.617   -0.838   -0.779   -0.787   -0.702    2.395
 471    12250  3.00   -0.793   -1.660   -0.827   -0.766   -0.782   -0.704    2.366
 472    12250  3.50   -0.790   -1.683   -0.829   -0.758   -0.779   -0.712    2.328
 473    12250  4.00   -0.785   -1.692   -0.837   -0.751   -0.774   -0.723    2.283
 474    12250  4.50   -0.779   -1.690   -0.851   -0.743   -0.767   -0.737    2.230
 475    12250  5.00   -0.771   -1.678   -0.872   -0.735   -0.758   -0.756    2.171
 476    12500  2.50   -0.846   -1.624   -0.881   -0.825   -0.835   -0.748    2.352
 477    12500  3.00   -0.842   -1.668   -0.871   -0.813   -0.831   -0.750    2.323
 478    12500  3.50   -0.839   -1.692   -0.872   -0.805   -0.828   -0.758    2.286
 479    12500  4.00   -0.835   -1.702   -0.881   -0.798   -0.824   -0.769    2.241
 480    12500  4.50   -0.829   -1.701   -0.894   -0.791   -0.817   -0.783    2.190
 481    12500  5.00   -0.822   -1.691   -0.914   -0.783   -0.809   -0.801    2.133
 482    12750  2.50   -0.894   -1.632   -0.924   -0.871   -0.883   -0.793    2.309
 483    12750  3.00   -0.891   -1.677   -0.914   -0.859   -0.879   -0.796    2.281
 484    12750  3.50   -0.888   -1.702   -0.916   -0.851   -0.877   -0.804    2.243
 485    12750  4.00   -0.884   -1.713   -0.924   -0.845   -0.873   -0.815    2.200
 486    12750  4.50   -0.879   -1.713   -0.937   -0.838   -0.867   -0.828    2.150
 487    12750  5.00   -0.871   -1.705   -0.955   -0.831   -0.859   -0.846    2.095
 488    13000  2.50   -0.941   -1.641   -0.966   -0.916   -0.930   -0.837    2.267
 489    13000  3.00   -0.938   -1.687   -0.956   -0.904   -0.927   -0.840    2.238
 490    13000  3.50   -0.936   -1.713   -0.958   -0.897   -0.925   -0.849    2.202
 491    13000  4.00   -0.933   -1.725   -0.966   -0.891   -0.921   -0.860    2.159
 492    13000  4.50   -0.927   -1.726   -0.979   -0.885   -0.916   -0.873    2.110
 493    13000  5.00   -0.920   -1.719   -0.997   -0.877   -0.908   -0.890    2.057
 494    14000  2.00   -1.134   -1.599   -1.168   -1.119   -1.122   -1.023    2.112
 495    14000  2.50   -1.121   -1.686   -1.128   -1.088   -1.111   -1.009    2.103
 496    14000  3.00   -1.121   -1.737   -1.120   -1.079   -1.110   -1.014    2.074
 497    14000  3.50   -1.121   -1.766   -1.124   -1.074   -1.110   -1.023    2.038
 498    14000  4.00   -1.119   -1.781   -1.132   -1.070   -1.108   -1.035    1.997
 499    14000  4.50   -1.115   -1.784   -1.144   -1.064   -1.104   -1.048    1.952
 500    14000  5.00   -1.109   -1.780   -1.160   -1.058   -1.097   -1.063    1.903
 501    15000  2.50   -1.291   -1.738   -1.281   -1.250   -1.280   -1.170    1.949
 502    15000  3.00   -1.293   -1.795   -1.275   -1.243   -1.282   -1.177    1.919
 503    15000  3.50   -1.295   -1.828   -1.279   -1.240   -1.285   -1.188    1.883
 504    15000  4.00   -1.295   -1.845   -1.289   -1.238   -1.284   -1.200    1.843
 505    15000  4.50   -1.292   -1.850   -1.301   -1.233   -1.281   -1.214    1.799
 506    15000  5.00   -1.287   -1.848   -1.317   -1.228   -1.275   -1.228    1.753
 507    16000  2.50   -1.450   -1.792   -1.426   -1.402   -1.439   -1.322    1.803
 508    16000  3.00   -1.454   -1.857   -1.420   -1.397   -1.444   -1.330    1.773
 509    16000  3.50   -1.459   -1.894   -1.427   -1.397   -1.448   -1.343    1.736
 510    16000  4.00   -1.461   -1.914   -1.437   -1.396   -1.450   -1.357    1.696
 511    16000  4.50   -1.459   -1.921   -1.450   -1.393   -1.448   -1.370    1.654
 512    16000  5.00   -1.455   -1.920   -1.465   -1.388   -1.443   -1.385    1.609
 513    17000  2.50   -1.599   -1.847   -1.562   -1.546   -1.588   -1.465    1.666
 514    17000  3.00   -1.605   -1.918   -1.557   -1.542   -1.595   -1.474    1.635
 515    17000  3.50   -1.613   -1.961   -1.565   -1.544   -1.602   -1.489    1.597
 516    17000  4.00   -1.616   -1.984   -1.577   -1.545   -1.606   -1.504    1.557
 517    17000  4.50   -1.616   -1.993   -1.590   -1.544   -1.605   -1.518    1.516
 518    17000  5.00   -1.613   -1.993   -1.605   -1.540   -1.602   -1.533    1.473
 519    18000  2.50   -1.740   -1.902   -1.692   -1.682   -1.729   -1.600    1.535
 520    18000  3.00   -1.748   -1.979   -1.686   -1.679   -1.738   -1.610    1.505
 521    18000  3.50   -1.757   -2.026   -1.696   -1.683   -1.747   -1.627    1.467
 522    18000  4.00   -1.763   -2.053   -1.709   -1.686   -1.752   -1.643    1.427
 523    18000  4.50   -1.764   -2.065   -1.723   -1.686   -1.753   -1.658    1.385
 524    18000  5.00   -1.762   -2.067   -1.738   -1.683   -1.751   -1.673    1.343
 525    19000  2.50   -1.872   -1.958   -1.814   -1.810   -1.862   -1.727    1.412
 526    19000  3.00   -1.882   -2.040   -1.808   -1.808   -1.872   -1.739    1.382
 527    19000  3.50   -1.894   -2.091   -1.819   -1.814   -1.884   -1.757    1.343
 528    19000  4.00   -1.901   -2.121   -1.833   -1.819   -1.891   -1.774    1.303
 529    19000  4.50   -1.903   -2.136   -1.848   -1.820   -1.893   -1.790    1.262
 530    19000  5.00   -1.902   -2.140   -1.864   -1.818   -1.892   -1.805    1.220
 531    20000  3.00   -2.009   -2.101   -1.923   -1.930   -1.999   -1.860    1.265
 532    20000  3.50   -2.022   -2.155   -1.936   -1.938   -2.013   -1.880    1.226
 533    20000  4.00   -2.031   -2.188   -1.952   -1.944   -2.022   -1.898    1.186
 534    20000  4.50   -2.035   -2.205   -1.967   -1.947   -2.025   -1.915    1.145
 535    20000  5.00   -2.035   -2.211   -1.983   -1.946   -2.025   -1.930    1.104
 536    21000  3.00   -2.128   -2.161   -2.032   -2.044   -2.119   -1.974    1.154
 537    21000  3.50   -2.144   -2.219   -2.046   -2.055   -2.135   -1.996    1.114
 538    21000  4.00   -2.155   -2.253   -2.063   -2.063   -2.146   -2.016    1.074
 539    21000  4.50   -2.160   -2.272   -2.080   -2.067   -2.151   -2.033    1.034
 540    21000  5.00   -2.161   -2.280   -2.096   -2.067   -2.151   -2.049    0.994
 541    22000  3.00   -2.240   -2.218   -2.133   -2.152   -2.231   -2.081    1.051
 542    22000  3.50   -2.260   -2.281   -2.151   -2.166   -2.251   -2.106    1.008
 543    22000  4.00   -2.273   -2.318   -2.169   -2.176   -2.263   -2.128    0.967
 544    22000  4.50   -2.279   -2.338   -2.187   -2.181   -2.269   -2.146    0.928
 545    22000  5.00   -2.281   -2.347   -2.203   -2.182   -2.271   -2.162    0.889
 546    23000  3.00   -2.344   -2.270   -2.227   -2.251   -2.335   -2.180    0.955
 547    23000  3.50   -2.369   -2.341   -2.249   -2.270   -2.360   -2.210    0.908
 548    23000  4.00   -2.384   -2.382   -2.270   -2.283   -2.375   -2.234    0.866
 549    23000  4.50   -2.392   -2.404   -2.288   -2.289   -2.382   -2.253    0.827
 550    23000  5.00   -2.394   -2.413   -2.305   -2.291   -2.384   -2.269    0.789
 551    24000  3.00   -2.438   -2.315   -2.312   -2.341   -2.429   -2.270    0.868
 552    24000  3.50   -2.471   -2.398   -2.341   -2.368   -2.462   -2.308    0.814
 553    24000  4.00   -2.489   -2.443   -2.365   -2.384   -2.480   -2.334    0.770
 554    24000  4.50   -2.499   -2.467   -2.384   -2.392   -2.489   -2.354    0.731
 555    24000  5.00   -2.502   -2.478   -2.401   -2.395   -2.492   -2.371    0.693
 556    25000  3.00   -2.520   -2.346   -2.385   -2.420   -2.511   -2.347    0.795
 557    25000  3.50   -2.565   -2.450   -2.426   -2.459   -2.557   -2.398    0.726
 558    25000  4.00   -2.588   -2.501   -2.454   -2.479   -2.579   -2.428    0.679
 559    25000  4.50   -2.600   -2.527   -2.475   -2.489   -2.591   -2.450    0.639
 560    25000  5.00   -2.604   -2.540   -2.493   -2.493   -2.595   -2.467    0.601
 561    26000  3.00   -2.584   -2.357   -2.446   -2.483   -2.576   -2.409    0.738
 562    26000  3.50   -2.652   -2.496   -2.503   -2.541   -2.644   -2.480    0.647
 563    26000  4.00   -2.680   -2.554   -2.536   -2.567   -2.672   -2.516    0.594
 564    26000  4.50   -2.695   -2.585   -2.560   -2.580   -2.686   -2.541    0.552
 565    26000  5.00   -2.701   -2.599   -2.579   -2.586   -2.692   -2.559    0.515
 566    27000  3.50   -2.729   -2.531   -2.572   -2.615   -2.721   -2.553    0.578
 567    27000  4.00   -2.766   -2.602   -2.613   -2.649   -2.758   -2.598    0.517
 568    27000  4.50   -2.784   -2.638   -2.640   -2.666   -2.776   -2.625    0.472
 569    27000  5.00   -2.792   -2.654   -2.660   -2.673   -2.783   -2.645    0.433
 570    28000  3.50   -2.795   -2.556   -2.630   -2.678   -2.787   -2.615    0.520
 571    28000  4.00   -2.844   -2.644   -2.682   -2.723   -2.836   -2.671    0.446
 572    28000  4.50   -2.867   -2.685   -2.713   -2.745   -2.858   -2.703    0.397
 573    28000  5.00   -2.877   -2.705   -2.735   -2.755   -2.868   -2.725    0.357
 574    29000  3.50   -2.853   -2.573   -2.683   -2.734   -2.845   -2.669    0.470
 575    29000  4.00   -2.913   -2.677   -2.743   -2.790   -2.906   -2.736    0.385
 576    29000  4.50   -2.942   -2.727   -2.780   -2.817   -2.934   -2.774    0.330
 577    29000  5.00   -2.956   -2.751   -2.804   -2.830   -2.947   -2.798    0.288
 578    30000  3.50   -2.909   -2.594   -2.737   -2.791   -2.901   -2.722    0.422
 579    30000  4.00   -2.975   -2.703   -2.797   -2.849   -2.968   -2.794    0.331
 580    30000  4.50   -3.011   -2.762   -2.840   -2.883   -3.003   -2.838    0.270
 581    30000  5.00   -3.028   -2.791   -2.867   -2.899   -3.020   -2.866    0.225
 582    31000  3.50   -2.970   -2.626   -2.797   -2.852   -2.961   -2.781    0.368
 583    31000  4.00   -3.033   -2.727   -2.849   -2.905   -3.025   -2.847    0.282
 584    31000  4.50   -3.073   -2.792   -2.894   -2.942   -3.065   -2.896    0.216
 585    31000  5.00   -3.094   -2.826   -2.925   -2.962   -3.086   -2.927    0.168
 586    32000  4.00   -3.088   -2.753   -2.900   -2.959   -3.080   -2.899    0.235
 587    32000  4.50   -3.131   -2.820   -2.945   -2.998   -3.124   -2.950    0.167
 588    32000  5.00   -3.155   -2.857   -2.978   -3.021   -3.147   -2.983    0.116
 589    33000  4.00   -3.148   -2.788   -2.956   -3.018   -3.139   -2.956    0.183
 590    33000  4.50   -3.187   -2.848   -2.995   -3.052   -3.179   -3.001    0.120
 591    33000  5.00   -3.213   -2.887   -3.028   -3.076   -3.205   -3.036    0.069
 592    34000  4.00   -3.213   -2.833   -3.020   -3.083   -3.204   -3.018    0.124
 593    34000  4.50   -3.245   -2.882   -3.048   -3.109   -3.237   -3.055    0.071
 594    34000  5.00   -3.269   -2.918   -3.078   -3.131   -3.261   -3.088    0.021
 595    35000  4.00   -3.283   -2.888   -3.089   -3.154   -3.273   -3.086    0.060
 596    35000  4.50   -3.306   -2.923   -3.106   -3.170   -3.298   -3.113    0.017
 597    35000  5.00   -3.328   -2.955   -3.131   -3.188   -3.319   -3.143   -0.028
 598    36000  4.00   -3.358   -2.951   -3.163   -3.230   -3.348   -3.159   -0.011
 599    36000  4.50   -3.372   -2.972   -3.169   -3.235   -3.362   -3.176   -0.041
 600    36000  5.00   -3.389   -2.997   -3.188   -3.249   -3.380   -3.200   -0.081
 601    37000  4.00   -3.438   -3.021   -3.242   -3.309   -3.427   -3.238   -0.087
 602    37000  4.50   -3.441   -3.029   -3.237   -3.305   -3.431   -3.243   -0.105
 603    37000  5.00   -3.453   -3.046   -3.249   -3.313   -3.444   -3.261   -0.137
 604    38000  4.00   -3.520   -3.096   -3.323   -3.391   -3.509   -3.319   -0.166
 605    38000  4.50   -3.515   -3.093   -3.310   -3.379   -3.505   -3.314   -0.173
 606    38000  5.00   -3.521   -3.102   -3.315   -3.380   -3.511   -3.325   -0.197
 607    39000  4.00   -3.603   -3.172   -3.404   -3.473   -3.592   -3.400   -0.247
 608    39000  4.50   -3.593   -3.161   -3.385   -3.456   -3.581   -3.390   -0.246
 609    39000  5.00   -3.592   -3.163   -3.384   -3.451   -3.582   -3.394   -0.262
 610    40000  4.50   -3.672   -3.233   -3.463   -3.534   -3.660   -3.467   -0.322
 611    40000  5.00   -3.667   -3.229   -3.456   -3.526   -3.656   -3.466   -0.331
 612    41000  4.50   -3.751   -3.307   -3.540   -3.613   -3.739   -3.546   -0.399
 613    41000  5.00   -3.743   -3.297   -3.530   -3.601   -3.731   -3.540   -0.403
 614    42000  4.50   -3.830   -3.380   -3.617   -3.692   -3.818   -3.624   -0.476
 615    42000  5.00   -3.820   -3.369   -3.606   -3.678   -3.808   -3.616   -0.477
 616    43000  4.50   -3.908   -3.453   -3.693   -3.769   -3.896   -3.701   -0.552
 617    43000  5.00   -3.898   -3.440   -3.681   -3.755   -3.885   -3.692   -0.552
 618    44000  4.50   -3.985   -3.524   -3.768   -3.844   -3.973   -3.776   -0.627
 619    44000  5.00   -3.974   -3.512   -3.756   -3.830   -3.962   -3.767   -0.626
 620    45000  4.50   -4.060   -3.595   -3.841   -3.919   -4.048   -3.850   -0.701
 621    45000  5.00   -4.050   -3.583   -3.829   -3.905   -4.037   -3.841   -0.700
 622    46000  4.50   -4.133   -3.663   -3.913   -3.991   -4.121   -3.923   -0.773
 623    46000  5.00   -4.124   -3.652   -3.902   -3.979   -4.111   -3.915   -0.772
 624    47000  4.50   -4.204   -3.731   -3.983   -4.062   -4.192   -3.993   -0.843
 625    47000  5.00   -4.196   -3.721   -3.972   -4.050   -4.184   -3.986   -0.844
 626    48000  4.50   -4.274   -3.797   -4.051   -4.131   -4.262   -4.063   -0.912
 627    48000  5.00   -4.268   -3.788   -4.042   -4.121   -4.255   -4.057   -0.913
 628    49000  4.50   -4.342   -3.861   -4.118   -4.199   -4.331   -4.130   -0.979
 629    49000  5.00   -4.337   -3.854   -4.110   -4.190   -4.325   -4.125   -0.982
 630    50000  5.00   -4.405   -3.918   -4.176   -4.257   -4.393   -4.193   -1.049
 631    56101  5.00   -4.493   -3.991   -4.276   -4.359   -4.487   -4.283   -1.116
 632    62946  5.00   -4.838   -4.317   -4.611   -4.698   -4.832   -4.625   -1.457
 633    70627  5.00   -5.186   -4.649   -4.950   -5.042   -5.181   -4.970   -1.802
 634    79245  5.00   -5.538   -4.986   -5.293   -5.390   -5.532   -5.319   -2.151
 635    88914  5.00   -5.892   -5.327   -5.641   -5.740   -5.887   -5.671   -2.502
 636    99763  5.00   -6.249   -5.672   -5.991   -6.094   -6.243   -6.025   -2.857
 637   111936  5.00   -6.607   -6.021   -6.344   -6.450   -6.602   -6.382   -3.213
 638   125595  5.00   -6.968   -6.373   -6.699   -6.808   -6.963   -6.741   -3.572
 639   140920  5.00   -7.330   -6.727   -7.057   -7.167   -7.325   -7.101   -3.933
 640   158115  5.00   -7.693   -7.084   -7.417   -7.529   -7.689   -7.463   -4.295
 641   177407  5.00   -8.058   -7.443   -7.778   -7.892   -8.054   -7.827   -4.658
 642   199055  5.00   -8.424   -7.803   -8.141   -8.257   -8.420   -8.192   -5.023
 643   223343  5.00   -8.791   -8.165   -8.506   -8.622   -8.787   -8.558   -5.389
 644   250595  5.00   -9.159   -8.529   -8.871   -8.989   -9.155   -8.925   -5.756
 645   281172  5.00   -9.528   -8.894   -9.238   -9.357   -9.523   -9.293   -6.124
 646   315481  5.00   -9.897   -9.260   -9.605   -9.725   -9.893   -9.662   -6.493
 647   353975  5.00  -10.267   -9.627   -9.974  -10.094  -10.263  -10.031   -6.862
 648   397167  5.00  -10.638   -9.995  -10.343  -10.464  -10.633  -10.401   -7.232
 649   445629  5.00  -11.009  -10.364  -10.712  -10.834  -11.004  -10.772   -7.603
 650   500004  5.00  -11.380  -10.733  -11.083  -11.205  -11.376  -11.143   -7.974
 651   561014  5.00  -11.752  -11.103  -11.453  -11.576  -11.748  -11.514   -8.345
 652   629469  5.00  -12.124  -11.474  -11.825  -11.948  -12.120  -11.886   -8.717
 653   706276  5.00  -12.497  -11.845  -12.196  -12.320  -12.492  -12.258   -9.089
 654   792455  5.00  -12.869  -12.216  -12.568  -12.693  -12.865  -12.631   -9.462
 655   889149  5.00  -13.242  -12.588  -12.941  -13.065  -13.238  -13.004   -9.835
 656   997642  5.00  -13.616  -12.960  -13.313  -13.438  -13.611  -13.377  -10.208
 657  1119373  5.00  -13.989  -13.333  -13.686  -13.812  -13.985  -13.750  -10.581
 658  1255958  5.00  -14.363  -13.705  -14.059  -14.185  -14.359  -14.123  -10.954
 659  1409209  5.00  -14.736  -14.079  -14.433  -14.558  -14.732  -14.497  -11.328
 660  1581159  5.00  -15.110  -14.452  -14.806  -14.932  -15.106  -14.871  -11.702
 661  1774090  5.00  -15.484  -14.825  -15.180  -15.306  -15.480  -15.245  -12.076
 662  1990563  5.00  -15.858  -15.199  -15.554  -15.680  -15.854  -15.619  -12.450
 663  2233450  5.00  -16.233  -15.573  -15.928  -16.054  -16.229  -15.993  -12.824
 664  2505973  5.00  -16.607  -15.946  -16.302  -16.428  -16.603  -16.367  -13.198
 665  2811749  5.00  -16.981  -16.320  -16.676  -16.802  -16.977  -16.741  -13.572
 666  3154836  5.00  -17.356  -16.695  -17.050  -17.177  -17.352  -17.116  -13.947
 667  3539785  5.00  -17.730  -17.069  -17.425  -17.551  -17.726  -17.490  -14.321
 668  3971706  5.00  -18.105  -17.443  -17.799  -17.926  -18.101  -17.865  -14.695
 669  4456330  5.00  -18.479  -17.817  -18.174  -18.300  -18.475  -18.239  -15.070
# BCs for Fluks et al. 1994 M-giant spectra:
#  n     Teff  logg        V        u        v        b        y     Hb_w     Hb_n
   0     3810  0.00   -1.256   -5.855   -3.811   -2.265   -1.232   -1.931    1.170
   1     3736  0.00   -1.480   -6.115   -4.030   -2.530   -1.453   -2.183    0.891
   2     3666  0.00   -1.722   -6.391   -4.273   -2.831   -1.685   -2.446    0.605
   3     3574  0.00   -2.104   -6.631   -4.515   -3.335   -2.066   -2.904    0.104
   4     3434  0.00   -2.802   -7.168   -5.018   -4.097   -2.781   -3.622   -0.650
   5     3309  0.00   -3.818   -7.714   -5.676   -5.319   -3.824   -4.702   -1.846
   6     3126  0.00   -5.168   -8.671   -6.868   -6.762   -5.175   -6.081   -3.187
   7     2890  0.00   -6.368   -9.380   -8.016   -8.321   -6.476   -7.597   -4.711
   8     2667  0.00   -7.217  -10.106   -8.903   -9.329   -7.494   -8.675   -5.740
   9     2500  0.00   -7.956  -10.833   -9.685  -10.041   -8.267   -9.416   -6.458
