# BCs for ATLAS9 + DUSTY99 + blackbody spectra:
#  n     Teff  logg        V        u        v        b        y     Hb_w     Hb_n
   0      500  3.50  -59.119  -999999  -999999  -999999  -69.842  -999999  -999999
   1      500  4.00  -58.200  -999999  -999999  -999999  -68.661  -999999  -999999
   2      500  4.50  -57.680  -999999  -999999  -999999  -68.279  -999999  -999999
   3      500  5.00  -55.682  -999999  -999999  -999999  -65.895  -999999  -999999
   4      500  5.50  -53.129  -999999  -999999  -77.839  -62.792  -74.046  -72.082
   5      500  6.00  -50.570  -999999  -999999  -73.559  -59.666  -70.445  -68.139
   6      600  3.50  -48.322  -999999  -81.826  -68.908  -56.215  -65.938  -63.528
   7      600  4.00  -47.751  -999999  -79.978  -68.065  -55.506  -65.113  -62.691
   8      600  4.50  -48.940  -999999  -999999  -70.347  -57.240  -67.330  -64.953
   9      600  5.00  -47.334  -999999  -80.497  -68.247  -55.370  -65.265  -62.864
  10      600  5.50  -45.369  -999999  -76.877  -65.597  -53.040  -62.662  -60.230
  11      600  6.00  -43.273  -999999  -73.364  -62.648  -50.494  -59.771  -57.303
  12      700  3.50  -39.934  -78.334  -66.031  -56.493  -45.790  -53.826  -51.246
  13      700  4.00  -39.478  -77.496  -65.256  -55.814  -45.226  -53.167  -50.578
  14      700  4.50  -40.458  -80.287  -67.379  -57.610  -46.597  -54.898  -52.340
  15      700  5.00  -39.630  -78.615  -66.275  -56.600  -45.671  -53.906  -51.340
  16      700  5.50  -37.999  -75.828  -63.999  -54.536  -43.814  -51.882  -49.297
  17      700  6.00  -36.018  -72.392  -61.003  -51.857  -41.480  -49.265  -46.652
  18      800  3.50  -32.303  -64.147  -53.631  -45.576  -36.566  -43.220  -40.512
  19      800  4.00  -32.488  -64.388  -53.844  -45.780  -36.764  -43.422  -40.714
  20      800  4.50  -33.329  -66.328  -55.587  -47.259  -37.898  -44.841  -42.156
  21      800  5.00  -32.505  -65.230  -54.615  -46.346  -37.022  -43.940  -41.251
  22      800  5.50  -31.284  -63.618  -53.178  -44.968  -35.688  -42.574  -39.880
  23      800  6.00  -29.531  -60.811  -50.636  -42.632  -33.625  -40.286  -37.574
  24      900  3.50  -25.811  -52.281  -43.075  -36.258  -28.769  -34.202  -31.394
  25      900  4.00  -25.745  -52.409  -43.156  -36.289  -28.739  -34.221  -31.417
  26      900  4.50  -26.747  -54.699  -45.171  -37.986  -30.030  -35.837  -33.058
  27      900  5.00  -25.224  -52.635  -43.224  -36.138  -28.330  -34.015  -31.227
  28      900  5.50  -25.253  -52.725  -43.302  -36.198  -28.370  -34.072  -31.285
  29     1000  3.50  -22.629  -46.305  -37.779  -31.635  -24.979  -29.755  -26.897
  30     1000  4.00  -22.027  -45.364  -36.926  -30.861  -24.302  -29.001  -26.137
  31     1000  4.50  -21.798  -45.471  -36.927  -30.765  -24.109  -28.881  -26.023
  32     1000  5.00  -21.566  -45.612  -36.936  -30.665  -23.911  -28.755  -25.904
  33     1000  5.50  -21.151  -45.144  -36.452  -30.184  -23.458  -28.279  -25.426
  34     1000  6.00  -20.198  -43.402  -34.896  -28.822  -22.342  -26.969  -24.103
  35     1100  3.50  -19.595  -40.661  -32.853  -27.338  -21.439  -25.627  -22.725
  36     1100  4.00  -19.329  -40.241  -32.476  -26.998  -21.142  -25.297  -22.392
  37     1100  4.50  -19.142  -40.244  -32.394  -26.863  -20.965  -25.150  -22.248
  38     1100  5.00  -18.642  -39.800  -31.898  -26.342  -20.442  -24.625  -21.724
  39     1100  5.50  -18.053  -39.131  -31.210  -25.665  -19.807  -23.955  -21.052
  40     1100  6.00  -23.043  -46.719  -38.193  -32.049  -25.393  -30.169  -27.311
  41     1200  3.50  -16.880  -35.578  -28.509  -23.572  -18.325  -22.018  -19.080
  42     1200  4.00  -16.880  -35.578  -28.509  -23.572  -18.325  -22.018  -19.080
  43     1200  4.50  -16.880  -35.578  -28.509  -23.572  -18.325  -22.018  -19.080
  44     1200  5.00  -16.749  -35.872  -28.639  -23.588  -18.234  -22.005  -19.072
  45     1200  6.00  -15.508  -34.227  -27.039  -22.076  -16.874  -20.525  -17.585
  46     1300  3.50  -14.478  -31.066  -24.704  -20.285  -15.606  -18.874  -15.905
  47     1300  4.00  -14.512  -31.094  -24.738  -20.322  -15.642  -18.911  -15.942
  48     1300  4.50  -14.879  -31.897  -25.394  -20.868  -16.068  -19.427  -16.463
  49     1300  5.00  -14.825  -31.926  -25.399  -20.849  -16.023  -19.400  -16.438
  50     1300  5.50  -14.600  -31.885  -25.258  -20.653  -15.796  -19.193  -16.234
  51     1300  6.00  -17.119  -35.706  -28.675  -23.766  -18.548  -22.220  -19.279
  52     1400  3.50  -12.481  -27.303  -21.547  -17.566  -13.371  -16.279  -13.285
  53     1400  4.00  -12.508  -27.344  -21.588  -17.603  -13.401  -16.314  -13.320
  54     1400  4.50  -12.726  -27.836  -21.999  -17.942  -13.653  -16.632  -13.642
  55     1400  5.00  -12.953  -28.357  -22.413  -18.280  -13.912  -16.949  -13.963
  56     1400  5.50  -12.709  -28.323  -22.253  -18.057  -13.654  -16.712  -13.728
  57     1400  6.00  -12.712  -28.341  -22.265  -18.064  -13.658  -16.718  -13.735
  58     1500  3.50  -10.953  -24.481  -19.186  -15.538  -11.692  -14.344  -11.332
  59     1500  4.00  -10.917  -24.364  -19.094  -15.464  -11.642  -14.275  -11.262
  60     1500  4.50  -11.130  -24.898  -19.516  -15.798  -11.886  -14.585  -11.576
  61     1500  5.00  -11.228  -25.132  -19.706  -15.947  -11.995  -14.723  -11.716
  62     1500  5.50  -11.297  -25.380  -19.880  -16.069  -12.070  -14.831  -11.827
  63     1500  6.00  -11.279  -25.460  -19.903  -16.060  -12.043  -14.816  -11.813
  64     1600  3.50   -9.634  -22.474  -17.431  -13.937  -10.264  -12.770   -9.766
  65     1600  4.00   -9.639  -22.228  -17.275  -13.859  -10.257  -12.722   -9.705
  66     1600  4.50   -9.690  -22.333  -17.351  -13.917  -10.311  -12.783   -9.761
  67     1600  5.00   -9.767  -22.441  -17.447  -14.004  -10.389  -12.868   -9.846
  68     1600  5.50   -9.836  -22.640  -17.589  -14.104  -10.459  -12.960   -9.938
  69     1600  6.00   -9.894  -22.820  -17.705  -14.179  -10.509  -13.026  -10.006
  70     1700  3.50   -8.431  -20.722  -15.547  -12.254   -8.877  -11.022   -8.170
  71     1700  4.00   -8.056  -20.320  -15.233  -11.830   -8.474  -10.642   -7.743
  72     1700  4.50   -7.331  -19.075  -14.032  -10.745   -7.642   -9.598   -6.743
  73     1700  5.00   -8.192  -20.116  -15.319  -11.967   -8.629  -10.834   -7.878
  74     1700  5.50   -8.520  -20.363  -15.645  -12.379   -9.009  -11.287   -8.272
  75     1700  6.00   -8.674  -20.567  -15.813  -12.549   -9.171  -11.470   -8.439
  76     1800  3.50   -7.719  -19.204  -13.880  -11.121   -8.032   -9.806   -7.159
  77     1800  4.00   -7.502  -18.788  -13.878  -10.812   -7.793   -9.600   -6.857
  78     1800  4.50   -6.906  -17.721  -13.030   -9.985   -7.137   -8.853   -6.069
  79     1800  5.00   -6.889  -17.562  -13.012   -9.919   -7.113   -8.813   -6.011
  80     1800  5.50   -7.371  -18.422  -13.861  -10.672   -7.678   -9.569   -6.665
  81     1800  6.00   -7.438  -18.538  -13.971  -10.805   -7.770   -9.718   -6.763
  82     1900  3.50   -6.963  -16.235  -11.567   -9.804   -7.137   -8.473   -6.027
  83     1900  4.00   -7.039  -17.553  -12.708   -9.998   -7.221   -8.711   -6.185
  84     1900  4.50   -7.413  -18.637  -13.786  -10.591   -7.649   -9.355   -6.691
  85     1900  5.00   -6.894  -17.522  -12.947   -9.825   -7.078   -8.660   -5.959
  86     1900  5.50   -7.060  -17.485  -13.098  -10.046   -7.290   -8.941   -6.115
  87     1900  6.00   -7.051  -17.449  -13.063  -10.093   -7.318   -9.044   -6.115
  88     2000  3.50   -6.560  -14.047  -10.003   -8.995   -6.632   -7.695   -5.346
  89     2000  4.00   -6.498  -15.543  -11.170   -9.067   -6.573   -7.774   -5.406
  90     2000  4.50   -6.469  -16.552  -11.990   -9.110   -6.549   -7.814   -5.433
  91     2000  5.00   -6.596  -17.108  -12.496   -9.286   -6.694   -8.022   -5.544
  92     2000  5.50   -6.870  -17.037  -12.745   -9.685   -7.043   -8.530   -5.818
  93     2000  6.00   -6.688  -16.528  -12.323   -9.464   -6.888   -8.405   -5.545
  94     2100  4.00   -6.043  -13.629   -9.809   -8.269   -6.038   -7.054   -4.708
  95     2100  5.00   -5.961  -15.747  -11.424   -8.312   -5.961   -7.028   -4.731
  96     2100  5.50   -6.396  -16.623  -12.202   -8.885   -6.447   -7.605   -5.157
  97     2100  6.00   -6.592  -16.404  -12.222   -9.200   -6.732   -7.987   -5.323
  98     2200  3.50   -5.558  -10.820   -7.634   -7.427   -5.505   -6.339   -3.865
  99     2200  4.00   -5.552  -11.925   -8.571   -7.494   -5.490   -6.393   -3.978
 100     2200  4.50   -5.601  -13.258   -9.698   -7.632   -5.534   -6.454   -4.179
 101     2200  5.00   -5.630  -14.646  -10.710   -7.753   -5.569   -6.505   -4.274
 102     2200  5.50   -5.862  -15.705  -11.463   -8.054   -5.825   -6.754   -4.458
 103     2200  6.00   -5.973  -15.873  -11.610   -8.190   -5.973   -6.820   -4.423
 104     2300  3.50   -5.052   -9.756   -6.826   -6.773   -4.971   -5.799   -3.208
 105     2300  4.00   -5.062  -10.701   -7.619   -6.829   -4.969   -5.843   -3.307
 106     2300  4.50   -5.168  -11.927   -8.678   -6.999   -5.064   -5.937   -3.559
 107     2300  5.00   -5.266  -13.430   -9.873   -7.191   -5.163   -6.036   -3.767
 108     2300  5.50   -5.419  -14.673  -10.775   -7.384   -5.321   -6.128   -3.879
 109     2300  6.00   -5.498  -15.102  -11.045   -7.489   -5.430   -6.138   -3.814
 110     2400  3.50   -4.559   -8.949   -6.200   -6.183   -4.468   -5.315   -2.609
 111     2400  4.00   -4.578   -9.715   -6.844   -6.219   -4.471   -5.344   -2.683
 112     2400  4.50   -4.704  -10.749   -7.745   -6.375   -4.580   -5.434   -2.919
 113     2400  5.50   -4.965  -13.394   -9.917   -6.732   -4.830   -5.581   -3.285
 114     2400  6.00   -5.142  -14.361  -10.585   -6.959   -5.027   -5.663   -3.331
 115     2500  3.50   -4.121   -8.421   -5.767   -5.687   -4.032   -4.908   -2.104
 116     2500  4.00   -4.124   -8.993   -6.257   -5.685   -4.018   -4.905   -2.132
 117     2500  4.50   -4.268   -9.850   -7.002   -5.829   -4.137   -4.995   -2.346
 118     2500  5.00   -4.378  -10.961   -7.982   -5.974   -4.235   -5.058   -2.549
 119     2500  5.50   -4.557  -12.316   -9.119   -6.190   -4.405   -5.145   -2.746
 120     2500  6.00   -4.746  -13.400   -9.944   -6.407   -4.599   -5.207   -2.808
 121     2600  3.50   -3.741   -8.008   -5.424   -5.256   -3.660   -4.546   -1.668
 122     2600  4.00   -3.722   -8.446   -5.805   -5.221   -3.624   -4.518   -1.658
 123     2600  4.50   -3.860   -9.145   -6.403   -5.342   -3.733   -4.598   -1.835
 124     2600  5.00   -3.945  -10.020   -7.187   -5.437   -3.803   -4.638   -1.980
 125     2600  5.50   -4.119  -11.220   -8.249   -5.629   -3.962   -4.718   -2.172
 126     2600  6.00   -4.347  -12.399   -9.209   -5.886   -4.184   -4.812   -2.301
 127     2700  3.50   -3.435   -7.676   -5.146   -4.899   -3.363   -4.240   -1.312
 128     2700  4.00   -3.373   -7.989   -5.432   -4.813   -3.283   -4.168   -1.246
 129     2700  4.50   -3.485   -8.547   -5.899   -4.897   -3.364   -4.226   -1.374
 130     2700  5.00   -3.548   -9.262   -6.534   -4.962   -3.415   -4.256   -1.475
 131     2700  5.50   -3.700  -10.264   -7.441   -5.117   -3.548   -4.327   -1.635
 132     2700  6.00   -3.926  -11.413   -8.427   -5.357   -3.757   -4.417   -1.772
 133     2800  5.00   -3.098  -10.645   -7.567   -4.514   -2.901   -3.741   -0.798
 134     2800  5.50   -3.315  -11.553   -8.451   -4.776   -3.062   -3.888   -0.944
 135     2900  5.00   -2.709   -9.800   -6.831   -4.053   -2.547   -3.367   -0.341
 136     2900  5.50   -2.910  -10.659   -7.660   -4.288   -2.691   -3.493   -0.470
 137     3000  5.00   -2.381   -9.043   -6.199   -3.668   -2.251   -3.048    0.040
 138     3000  5.50   -2.549   -9.827   -6.926   -3.857   -2.367   -3.145   -0.056
 139     3100  5.00   -2.097   -8.366   -5.650   -3.327   -1.998   -2.765    0.373
 140     3100  5.50   -2.236   -9.040   -6.252   -3.489   -2.094   -2.846    0.297
 141     3200  5.00   -1.867   -7.795   -5.186   -3.049   -1.793   -2.525    0.627
 142     3200  5.50   -1.966   -8.345   -5.672   -3.169   -1.858   -2.584    0.574
 143     3300  5.00   -1.669   -7.301   -4.777   -2.801   -1.613   -2.313    0.851
 144     3300  5.50   -1.742   -7.730   -5.166   -2.893   -1.659   -2.357    0.816
 145     3400  5.00   -1.502   -6.883   -4.421   -2.586   -1.461   -2.125    1.049
 146     3400  5.50   -1.554   -7.191   -4.725   -2.656   -1.495   -2.163    1.019
 147     3500  5.00   -1.356   -6.523   -4.109   -2.393   -1.326   -1.956    1.223
 148     3500  5.50   -1.393   -6.712   -4.335   -2.447   -1.352   -1.988    1.199
 149     3600  5.00   -1.232   -6.207   -3.835   -2.225   -1.209   -1.807    1.376
 150     3600  5.50   -1.255   -6.319   -4.003   -2.262   -1.226   -1.831    1.359
 151     3700  5.00   -1.121   -5.923   -3.597   -2.072   -1.102   -1.670    1.516
 152     3700  5.50   -1.138   -5.960   -3.714   -2.103   -1.117   -1.693    1.497
 153     3800  5.00   -1.025   -5.642   -3.383   -1.934   -1.008   -1.546    1.641
 154     3800  5.50   -1.036   -5.651   -3.466   -1.956   -1.018   -1.566    1.625
 155     3500  0.00   -1.718   -7.772   -5.048   -3.054   -1.700   -2.544    0.578
 156     3500  0.50   -1.617   -7.256   -4.661   -2.824   -1.586   -2.362    0.767
 157     3500  1.00   -1.530   -6.749   -4.317   -2.634   -1.489   -2.215    0.922
 158     3500  1.50   -1.451   -6.295   -4.025   -2.476   -1.401   -2.092    1.051
 159     3500  2.00   -1.376   -5.912   -3.786   -2.340   -1.320   -1.984    1.165
 160     3500  2.50   -1.308   -5.630   -3.617   -2.240   -1.248   -1.900    1.254
 161     3500  3.00   -1.247   -5.450   -3.535   -2.192   -1.189   -1.844    1.313
 162     3500  3.50   -1.194   -5.350   -3.509   -2.158   -1.141   -1.800    1.364
 163     3500  4.00   -1.175   -5.335   -3.543   -2.149   -1.124   -1.788    1.386
 164     3500  4.50   -1.182   -5.391   -3.635   -2.160   -1.127   -1.801    1.387
 165     3500  5.00   -1.214   -5.530   -3.794   -2.194   -1.150   -1.838    1.367
 166     3750  0.00   -1.292   -6.928   -4.405   -2.484   -1.278   -2.000    1.121
 167     3750  0.50   -1.239   -6.515   -4.126   -2.320   -1.213   -1.876    1.256
 168     3750  1.00   -1.198   -6.126   -3.886   -2.194   -1.164   -1.784    1.358
 169     3750  1.50   -1.161   -5.775   -3.677   -2.092   -1.119   -1.711    1.442
 170     3750  2.00   -1.122   -5.466   -3.495   -2.001   -1.073   -1.646    1.516
 171     3750  2.50   -1.082   -5.228   -3.350   -1.925   -1.029   -1.589    1.580
 172     3750  3.00   -1.047   -5.072   -3.259   -1.880   -0.991   -1.552    1.622
 173     3750  3.50   -1.014   -4.968   -3.214   -1.873   -0.961   -1.534    1.639
 174     3750  4.00   -0.984   -4.892   -3.189   -1.860   -0.932   -1.512    1.662
 175     3750  4.50   -0.974   -4.878   -3.211   -1.856   -0.921   -1.507    1.672
 176     3750  5.00   -0.981   -4.929   -3.288   -1.865   -0.923   -1.520    1.670
 177     4000  0.00   -0.946   -5.974   -3.709   -2.006   -0.936   -1.563    1.549
 178     4000  0.50   -0.906   -5.591   -3.465   -1.867   -0.888   -1.457    1.661
 179     4000  1.00   -0.885   -5.254   -3.276   -1.770   -0.861   -1.388    1.738
 180     4000  1.50   -0.877   -4.986   -3.137   -1.705   -0.846   -1.345    1.789
 181     4000  2.00   -0.874   -4.790   -3.038   -1.660   -0.835   -1.318    1.826
 182     4000  2.50   -0.869   -4.657   -2.968   -1.624   -0.823   -1.297    1.858
 183     4000  3.00   -0.857   -4.571   -2.914   -1.591   -0.804   -1.278    1.889
 184     4000  3.50   -0.842   -4.528   -2.884   -1.579   -0.786   -1.269    1.904
 185     4000  4.00   -0.825   -4.492   -2.868   -1.589   -0.771   -1.269    1.904
 186     4000  4.50   -0.806   -4.448   -2.852   -1.590   -0.753   -1.263    1.912
 187     4000  5.00   -0.799   -4.446   -2.871   -1.591   -0.743   -1.264    1.916
 188     4250  0.00   -0.695   -5.164   -3.127   -1.639   -0.685   -1.234    1.876
 189     4250  0.50   -0.659   -4.820   -2.913   -1.518   -0.645   -1.143    1.970
 190     4250  1.00   -0.640   -4.519   -2.747   -1.435   -0.623   -1.084    2.034
 191     4250  1.50   -0.634   -4.281   -2.627   -1.380   -0.613   -1.047    2.076
 192     4250  2.00   -0.635   -4.108   -2.545   -1.345   -0.610   -1.026    2.104
 193     4250  2.50   -0.640   -3.995   -2.493   -1.322   -0.609   -1.014    2.123
 194     4250  3.00   -0.646   -3.939   -2.465   -1.305   -0.607   -1.007    2.139
 195     4250  3.50   -0.651   -3.933   -2.459   -1.294   -0.604   -1.005    2.151
 196     4250  4.00   -0.654   -3.966   -2.477   -1.302   -0.602   -1.014    2.150
 197     4250  4.50   -0.651   -4.006   -2.499   -1.324   -0.599   -1.029    2.139
 198     4250  5.00   -0.644   -4.024   -2.514   -1.339   -0.591   -1.037    2.135
 199     4500  0.00   -0.509   -4.506   -2.636   -1.344   -0.496   -0.975    2.138
 200     4500  0.50   -0.480   -4.212   -2.465   -1.249   -0.466   -0.904    2.211
 201     4500  1.00   -0.465   -3.955   -2.333   -1.183   -0.449   -0.857    2.261
 202     4500  1.50   -0.459   -3.752   -2.238   -1.139   -0.442   -0.828    2.293
 203     4500  2.00   -0.459   -3.602   -2.173   -1.110   -0.440   -0.811    2.314
 204     4500  2.50   -0.463   -3.501   -2.130   -1.091   -0.441   -0.801    2.329
 205     4500  3.00   -0.468   -3.447   -2.107   -1.077   -0.441   -0.795    2.341
 206     4500  3.50   -0.474   -3.432   -2.097   -1.067   -0.440   -0.791    2.351
 207     4500  4.00   -0.481   -3.453   -2.101   -1.060   -0.439   -0.790    2.360
 208     4500  4.50   -0.487   -3.506   -2.124   -1.063   -0.439   -0.796    2.362
 209     4500  5.00   -0.490   -3.576   -2.161   -1.082   -0.439   -0.811    2.353
 210     4750  0.00   -0.359   -3.934   -2.179   -1.083   -0.345   -0.750    2.366
 211     4750  0.50   -0.343   -3.686   -2.058   -1.020   -0.328   -0.705    2.413
 212     4750  1.00   -0.334   -3.468   -1.963   -0.974   -0.319   -0.674    2.446
 213     4750  1.50   -0.331   -3.293   -1.895   -0.944   -0.315   -0.654    2.467
 214     4750  2.00   -0.332   -3.162   -1.850   -0.924   -0.315   -0.643    2.481
 215     4750  2.50   -0.334   -3.073   -1.823   -0.911   -0.316   -0.637    2.490
 216     4750  3.00   -0.337   -3.021   -1.808   -0.901   -0.317   -0.632    2.498
 217     4750  3.50   -0.340   -3.003   -1.802   -0.892   -0.317   -0.628    2.506
 218     4750  4.00   -0.344   -3.015   -1.805   -0.884   -0.315   -0.625    2.515
 219     4750  4.50   -0.348   -3.052   -1.815   -0.878   -0.313   -0.623    2.523
 220     4750  5.00   -0.353   -3.120   -1.840   -0.877   -0.311   -0.625    2.528
 221     5000  0.00   -0.236   -3.455   -1.763   -0.852   -0.220   -0.555    2.562
 222     5000  0.50   -0.233   -3.244   -1.688   -0.819   -0.217   -0.534    2.586
 223     5000  1.00   -0.233   -3.055   -1.629   -0.795   -0.217   -0.519    2.602
 224     5000  1.50   -0.235   -2.899   -1.588   -0.780   -0.219   -0.511    2.612
 225     5000  2.00   -0.238   -2.780   -1.562   -0.770   -0.223   -0.508    2.617
 226     5000  2.50   -0.242   -2.696   -1.549   -0.764   -0.226   -0.507    2.620
 227     5000  3.00   -0.245   -2.644   -1.545   -0.760   -0.228   -0.506    2.623
 228     5000  3.50   -0.246   -2.623   -1.548   -0.755   -0.227   -0.504    2.628
 229     5000  4.00   -0.247   -2.628   -1.555   -0.749   -0.225   -0.500    2.634
 230     5000  4.50   -0.247   -2.655   -1.566   -0.742   -0.222   -0.497    2.641
 231     5000  5.00   -0.248   -2.704   -1.582   -0.736   -0.218   -0.493    2.649
 232     5250  0.00   -0.138   -3.097   -1.413   -0.658   -0.122   -0.394    2.720
 233     5250  0.50   -0.145   -2.912   -1.372   -0.648   -0.129   -0.391    2.726
 234     5250  1.00   -0.153   -2.742   -1.343   -0.643   -0.137   -0.392    2.728
 235     5250  1.50   -0.161   -2.598   -1.325   -0.641   -0.145   -0.394    2.727
 236     5250  2.00   -0.169   -2.483   -1.317   -0.643   -0.153   -0.399    2.725
 237     5250  2.50   -0.175   -2.397   -1.318   -0.645   -0.159   -0.403    2.722
 238     5250  3.00   -0.180   -2.339   -1.324   -0.647   -0.163   -0.407    2.721
 239     5250  3.50   -0.182   -2.309   -1.333   -0.647   -0.165   -0.408    2.722
 240     5250  4.00   -0.181   -2.304   -1.346   -0.644   -0.163   -0.407    2.725
 241     5250  4.50   -0.179   -2.320   -1.360   -0.639   -0.159   -0.404    2.730
 242     5250  5.00   -0.177   -2.354   -1.375   -0.633   -0.154   -0.399    2.737
 243     5500  0.00   -0.063   -2.851   -1.128   -0.498   -0.046   -0.265    2.843
 244     5500  0.50   -0.076   -2.686   -1.113   -0.505   -0.060   -0.275    2.835
 245     5500  1.00   -0.090   -2.529   -1.104   -0.513   -0.073   -0.286    2.827
 246     5500  1.50   -0.103   -2.389   -1.104   -0.523   -0.086   -0.298    2.819
 247     5500  2.00   -0.115   -2.272   -1.111   -0.535   -0.099   -0.310    2.809
 248     5500  2.50   -0.126   -2.178   -1.123   -0.546   -0.109   -0.321    2.801
 249     5500  3.00   -0.134   -2.108   -1.138   -0.555   -0.117   -0.330    2.794
 250     5500  3.50   -0.138   -2.063   -1.154   -0.560   -0.121   -0.335    2.791
 251     5500  4.00   -0.139   -2.042   -1.171   -0.562   -0.121   -0.337    2.791
 252     5500  4.50   -0.136   -2.044   -1.188   -0.560   -0.118   -0.335    2.795
 253     5500  5.00   -0.132   -2.064   -1.205   -0.556   -0.112   -0.332    2.800
 254     5750  0.00   -0.005   -2.686   -0.892   -0.366    0.012   -0.162    2.938
 255     5750  0.50   -0.021   -2.542   -0.898   -0.384   -0.005   -0.180    2.921
 256     5750  1.00   -0.038   -2.396   -0.907   -0.402   -0.022   -0.198    2.906
 257     5750  1.50   -0.054   -2.259   -0.920   -0.421   -0.038   -0.217    2.890
 258     5750  2.00   -0.071   -2.138   -0.939   -0.441   -0.055   -0.236    2.874
 259     5750  2.50   -0.086   -2.035   -0.961   -0.460   -0.070   -0.253    2.860
 260     5750  3.00   -0.099   -1.952   -0.984   -0.477   -0.083   -0.269    2.848
 261     5750  3.50   -0.108   -1.888   -1.007   -0.490   -0.091   -0.280    2.839
 262     5750  4.00   -0.112   -1.847   -1.028   -0.497   -0.095   -0.286    2.836
 263     5750  4.50   -0.111   -1.830   -1.048   -0.499   -0.093   -0.287    2.837
 264     5750  5.00   -0.107   -1.833   -1.065   -0.497   -0.088   -0.284    2.841
 265     6000  0.00    0.038   -2.576   -0.689   -0.256    0.054   -0.079    3.012
 266     6000  0.50    0.022   -2.452   -0.717   -0.280    0.039   -0.101    2.990
 267     6000  1.00    0.005   -2.318   -0.740   -0.305    0.021   -0.124    2.968
 268     6000  1.50   -0.014   -2.186   -0.765   -0.330    0.002   -0.148    2.947
 269     6000  2.00   -0.033   -2.063   -0.794   -0.357   -0.017   -0.172    2.926
 270     6000  2.50   -0.052   -1.954   -0.825   -0.383   -0.036   -0.195    2.906
 271     6000  3.00   -0.069   -1.858   -0.856   -0.407   -0.053   -0.217    2.888
 272     6000  3.50   -0.084   -1.778   -0.886   -0.428   -0.068   -0.235    2.874
 273     6000  4.00   -0.093   -1.717   -0.913   -0.443   -0.077   -0.247    2.865
 274     6000  4.50   -0.096   -1.678   -0.935   -0.451   -0.079   -0.252    2.863
 275     6000  5.00   -0.094   -1.661   -0.954   -0.453   -0.077   -0.253    2.865
 276     6250  0.50    0.055   -2.395   -0.554   -0.191    0.071   -0.036    3.044
 277     6250  1.00    0.039   -2.273   -0.594   -0.219    0.055   -0.061    3.018
 278     6250  1.50    0.021   -2.148   -0.631   -0.249    0.037   -0.088    2.992
 279     6250  2.00    0.000   -2.025   -0.669   -0.280    0.016   -0.116    2.966
 280     6250  2.50   -0.022   -1.911   -0.708   -0.312   -0.006   -0.145    2.941
 281     6250  3.00   -0.043   -1.808   -0.747   -0.343   -0.027   -0.172    2.918
 282     6250  3.50   -0.062   -1.717   -0.784   -0.371   -0.046   -0.196    2.898
 283     6250  4.00   -0.077   -1.639   -0.817   -0.394   -0.061   -0.214    2.884
 284     6250  4.50   -0.087   -1.580   -0.845   -0.410   -0.070   -0.226    2.876
 285     6250  5.00   -0.089   -1.541   -0.867   -0.417   -0.072   -0.231    2.874
 286     6500  0.50    0.075   -2.356   -0.403   -0.114    0.090    0.017    3.084
 287     6500  1.00    0.065   -2.247   -0.460   -0.144    0.081   -0.008    3.057
 288     6500  1.50    0.049   -2.129   -0.511   -0.176    0.065   -0.036    3.028
 289     6500  2.00    0.028   -2.010   -0.557   -0.210    0.044   -0.067    2.998
 290     6500  2.50    0.005   -1.895   -0.603   -0.246    0.021   -0.100    2.968
 291     6500  3.00   -0.019   -1.786   -0.650   -0.282   -0.003   -0.131    2.940
 292     6500  3.50   -0.042   -1.686   -0.695   -0.317   -0.026   -0.161    2.915
 293     6500  4.00   -0.063   -1.598   -0.735   -0.347   -0.047   -0.186    2.895
 294     6500  4.50   -0.078   -1.522   -0.769   -0.371   -0.062   -0.205    2.881
 295     6500  5.00   -0.087   -1.465   -0.796   -0.386   -0.070   -0.216    2.874
 296     6750  0.50    0.092   -2.317   -0.293   -0.054    0.106    0.061    3.122
 297     6750  1.00    0.080   -2.230   -0.332   -0.077    0.095    0.034    3.086
 298     6750  1.50    0.069   -2.121   -0.397   -0.111    0.084    0.007    3.055
 299     6750  2.00    0.051   -2.007   -0.456   -0.147    0.067   -0.025    3.023
 300     6750  2.50    0.028   -1.893   -0.510   -0.186    0.044   -0.060    2.989
 301     6750  3.00    0.003   -1.782   -0.563   -0.225    0.019   -0.095    2.956
 302     6750  3.50   -0.024   -1.677   -0.614   -0.265   -0.008   -0.129    2.926
 303     6750  4.00   -0.049   -1.581   -0.662   -0.301   -0.033   -0.161    2.901
 304     6750  4.50   -0.070   -1.494   -0.703   -0.333   -0.053   -0.186    2.881
 305     6750  5.00   -0.085   -1.421   -0.737   -0.357   -0.068   -0.205    2.868
 306     7000  0.50    0.102   -2.268   -0.217   -0.012    0.116    0.094    3.156
 307     7000  1.00    0.091   -2.206   -0.241   -0.028    0.105    0.069    3.113
 308     7000  1.50    0.079   -2.115   -0.288   -0.054    0.094    0.041    3.074
 309     7000  2.00    0.067   -2.008   -0.359   -0.091    0.082    0.010    3.040
 310     7000  2.50    0.046   -1.897   -0.424   -0.131    0.062   -0.026    3.003
 311     7000  3.00    0.021   -1.787   -0.483   -0.173    0.037   -0.064    2.967
 312     7000  3.50   -0.007   -1.681   -0.541   -0.216    0.009   -0.102    2.932
 313     7000  4.00   -0.035   -1.579   -0.595   -0.257   -0.019   -0.138    2.901
 314     7000  4.50   -0.061   -1.485   -0.644   -0.295   -0.044   -0.170    2.876
 315     7000  5.00   -0.082   -1.401   -0.685   -0.327   -0.065   -0.195    2.858
 316     7250  0.50    0.105   -2.196   -0.176    0.009    0.119    0.114    3.184
 317     7250  1.00    0.095   -2.168   -0.178    0.004    0.109    0.094    3.137
 318     7250  1.50    0.085   -2.098   -0.212   -0.014    0.099    0.067    3.091
 319     7250  2.00    0.073   -2.007   -0.266   -0.042    0.087    0.036    3.048
 320     7250  2.50    0.058   -1.903   -0.342   -0.082    0.073    0.002    3.011
 321     7250  3.00    0.035   -1.796   -0.410   -0.125    0.051   -0.037    2.972
 322     7250  3.50    0.008   -1.690   -0.473   -0.170    0.024   -0.078    2.933
 323     7250  4.00   -0.022   -1.587   -0.534   -0.215   -0.006   -0.118    2.898
 324     7250  4.50   -0.052   -1.488   -0.590   -0.259   -0.035   -0.155    2.867
 325     7250  5.00   -0.078   -1.397   -0.638   -0.297   -0.061   -0.186    2.843
 326     7500  0.50    0.098   -2.080   -0.196   -0.005    0.114    0.113    3.202
 327     7500  1.00    0.091   -2.111   -0.142    0.018    0.105    0.106    3.157
 328     7500  1.50    0.084   -2.067   -0.161    0.010    0.098    0.084    3.108
 329     7500  2.00    0.073   -1.993   -0.202   -0.010    0.088    0.055    3.058
 330     7500  2.50    0.060   -1.904   -0.263   -0.041    0.075    0.021    3.012
 331     7500  3.00    0.043   -1.804   -0.341   -0.083    0.059   -0.016    2.971
 332     7500  3.50    0.018   -1.702   -0.412   -0.129    0.034   -0.058    2.930
 333     7500  4.00   -0.012   -1.600   -0.478   -0.176    0.005   -0.101    2.890
 334     7500  4.50   -0.043   -1.499   -0.540   -0.224   -0.027   -0.142    2.855
 335     7500  5.00   -0.073   -1.404   -0.596   -0.268   -0.056   -0.179    2.826
 336     7750  1.00    0.076   -2.032   -0.139    0.011    0.090    0.104    3.169
 337     7750  1.50    0.073   -2.020   -0.132    0.017    0.087    0.090    3.120
 338     7750  2.00    0.067   -1.967   -0.162    0.006    0.081    0.065    3.066
 339     7750  2.50    0.056   -1.893   -0.210   -0.016    0.070    0.032    3.012
 340     7750  3.00    0.041   -1.807   -0.275   -0.049    0.056   -0.004    2.964
 341     7750  3.50    0.023   -1.711   -0.355   -0.093    0.039   -0.044    2.922
 342     7750  4.00   -0.005   -1.613   -0.428   -0.142    0.012   -0.088    2.879
 343     7750  4.50   -0.037   -1.514   -0.495   -0.191   -0.020   -0.132    2.840
 344     7750  5.00   -0.069   -1.417   -0.557   -0.239   -0.052   -0.173    2.806
 345     8000  1.00    0.047   -1.928   -0.175   -0.024    0.061    0.081    3.165
 346     8000  1.50    0.051   -1.959   -0.128    0.006    0.065    0.081    3.124
 347     8000  2.00    0.049   -1.929   -0.142    0.005    0.063    0.062    3.069
 348     8000  2.50    0.043   -1.873   -0.179   -0.008    0.057    0.035    3.013
 349     8000  3.00    0.031   -1.800   -0.231   -0.031    0.046   -0.000    2.957
 350     8000  3.50    0.017   -1.716   -0.302   -0.066    0.032   -0.039    2.908
 351     8000  4.00   -0.004   -1.624   -0.382   -0.112    0.013   -0.080    2.864
 352     8000  4.50   -0.033   -1.528   -0.455   -0.162   -0.016   -0.125    2.822
 353     8000  5.00   -0.066   -1.433   -0.522   -0.213   -0.049   -0.170    2.784
 354     8250  1.00   -0.003   -1.801   -0.246   -0.089    0.012    0.029    3.135
 355     8250  1.50    0.019   -1.891   -0.148   -0.022    0.032    0.060    3.119
 356     8250  2.00    0.021   -1.885   -0.141   -0.011    0.035    0.049    3.067
 357     8250  2.50    0.019   -1.844   -0.167   -0.017    0.033    0.026    3.008
 358     8250  3.00    0.012   -1.786   -0.211   -0.032    0.027   -0.005    2.948
 359     8250  3.50    0.001   -1.714   -0.269   -0.056    0.016   -0.043    2.891
 360     8250  4.00   -0.013   -1.632   -0.342   -0.092    0.003   -0.081    2.844
 361     8250  4.50   -0.035   -1.542   -0.419   -0.139   -0.018   -0.123    2.801
 362     8250  5.00   -0.067   -1.449   -0.491   -0.190   -0.049   -0.170    2.759
 363     8500  1.50   -0.023   -1.813   -0.187   -0.065   -0.009    0.025    3.101
 364     8500  2.00   -0.015   -1.834   -0.159   -0.041   -0.002    0.024    3.056
 365     8500  2.50   -0.014   -1.812   -0.173   -0.038   -0.000    0.006    2.997
 366     8500  3.00   -0.017   -1.767   -0.207   -0.046   -0.003   -0.021    2.935
 367     8500  3.50   -0.024   -1.708   -0.256   -0.063   -0.009   -0.054    2.874
 368     8500  4.00   -0.035   -1.637   -0.317   -0.088   -0.020   -0.093    2.819
 369     8500  4.50   -0.048   -1.554   -0.392   -0.125   -0.031   -0.131    2.775
 370     8500  5.00   -0.072   -1.465   -0.466   -0.172   -0.054   -0.174    2.732
 371     8750  1.50   -0.074   -1.731   -0.239   -0.119   -0.060   -0.021    3.071
 372     8750  2.00   -0.058   -1.781   -0.190   -0.080   -0.045   -0.009    3.040
 373     8750  2.50   -0.054   -1.777   -0.190   -0.069   -0.040   -0.021    2.984
 374     8750  3.00   -0.053   -1.746   -0.216   -0.072   -0.040   -0.044    2.920
 375     8750  3.50   -0.056   -1.698   -0.258   -0.082   -0.042   -0.075    2.854
 376     8750  4.00   -0.064   -1.638   -0.312   -0.099   -0.048   -0.111    2.794
 377     8750  4.50   -0.074   -1.565   -0.377   -0.126   -0.058   -0.150    2.742
 378     8750  5.00   -0.086   -1.480   -0.448   -0.164   -0.068   -0.186    2.702
 379     9000  1.50   -0.128   -1.651   -0.294   -0.176   -0.114   -0.073    3.030
 380     9000  2.00   -0.106   -1.726   -0.230   -0.126   -0.092   -0.049    3.014
 381     9000  2.50   -0.098   -1.738   -0.220   -0.109   -0.085   -0.055    2.965
 382     9000  3.00   -0.096   -1.722   -0.236   -0.106   -0.082   -0.075    2.901
 383     9000  3.50   -0.096   -1.687   -0.270   -0.110   -0.082   -0.102    2.832
 384     9000  4.00   -0.099   -1.636   -0.319   -0.122   -0.084   -0.136    2.767
 385     9000  4.50   -0.107   -1.573   -0.377   -0.141   -0.091   -0.174    2.710
 386     9000  5.00   -0.114   -1.497   -0.443   -0.170   -0.097   -0.210    2.666
 387     9250  2.00   -0.156   -1.673   -0.275   -0.176   -0.143   -0.094    2.981
 388     9250  2.50   -0.146   -1.700   -0.256   -0.153   -0.133   -0.095    2.939
 389     9250  3.00   -0.142   -1.695   -0.265   -0.146   -0.128   -0.110    2.879
 390     9250  3.50   -0.140   -1.671   -0.293   -0.146   -0.126   -0.134    2.810
 391     9250  4.00   -0.141   -1.631   -0.334   -0.153   -0.126   -0.165    2.741
 392     9250  4.50   -0.145   -1.579   -0.386   -0.166   -0.129   -0.202    2.678
 393     9250  5.00   -0.152   -1.513   -0.449   -0.187   -0.135   -0.241    2.626
 394     9500  2.00   -0.209   -1.624   -0.323   -0.227   -0.196   -0.142    2.942
 395     9500  2.50   -0.197   -1.664   -0.297   -0.201   -0.184   -0.138    2.909
 396     9500  3.00   -0.191   -1.670   -0.299   -0.190   -0.178   -0.149    2.854
 397     9500  3.50   -0.188   -1.655   -0.321   -0.188   -0.174   -0.170    2.787
 398     9500  4.00   -0.186   -1.624   -0.356   -0.190   -0.172   -0.198    2.715
 399     9500  4.50   -0.187   -1.581   -0.404   -0.199   -0.172   -0.233    2.647
 400     9500  5.00   -0.191   -1.525   -0.463   -0.214   -0.175   -0.273    2.589
 401     9750  2.00   -0.261   -1.582   -0.371   -0.279   -0.249   -0.191    2.900
 402     9750  2.50   -0.248   -1.631   -0.341   -0.250   -0.236   -0.183    2.874
 403     9750  3.00   -0.242   -1.645   -0.338   -0.238   -0.229   -0.191    2.825
 404     9750  3.50   -0.238   -1.639   -0.354   -0.232   -0.225   -0.210    2.760
 405     9750  4.00   -0.235   -1.617   -0.385   -0.232   -0.221   -0.236    2.688
 406     9750  4.50   -0.233   -1.582   -0.428   -0.236   -0.219   -0.269    2.616
 407     9750  5.00   -0.234   -1.535   -0.482   -0.247   -0.218   -0.307    2.553
 408    10000  2.00   -0.314   -1.547   -0.419   -0.330   -0.301   -0.240    2.856
 409    10000  2.50   -0.300   -1.602   -0.386   -0.300   -0.288   -0.231    2.834
 410    10000  3.00   -0.294   -1.624   -0.381   -0.286   -0.281   -0.236    2.790
 411    10000  3.50   -0.289   -1.625   -0.392   -0.280   -0.277   -0.252    2.730
 412    10000  4.00   -0.285   -1.610   -0.418   -0.277   -0.272   -0.276    2.658
 413    10000  4.50   -0.282   -1.582   -0.456   -0.278   -0.268   -0.306    2.586
 414    10000  5.00   -0.281   -1.542   -0.506   -0.284   -0.265   -0.342    2.519
 415    10250  2.00   -0.367   -1.518   -0.466   -0.380   -0.354   -0.290    2.812
 416    10250  2.50   -0.353   -1.579   -0.432   -0.351   -0.340   -0.279    2.792
 417    10250  3.00   -0.346   -1.606   -0.425   -0.336   -0.334   -0.283    2.753
 418    10250  3.50   -0.342   -1.613   -0.434   -0.328   -0.329   -0.297    2.697
 419    10250  4.00   -0.338   -1.603   -0.455   -0.324   -0.325   -0.318    2.629
 420    10250  4.50   -0.333   -1.581   -0.488   -0.323   -0.319   -0.346    2.556
 421    10250  5.00   -0.330   -1.548   -0.533   -0.326   -0.315   -0.380    2.486
 422    10500  2.00   -0.419   -1.495   -0.514   -0.431   -0.406   -0.339    2.766
 423    10500  2.50   -0.405   -1.560   -0.479   -0.400   -0.392   -0.327    2.749
 424    10500  3.00   -0.398   -1.592   -0.470   -0.386   -0.386   -0.330    2.713
 425    10500  3.50   -0.394   -1.604   -0.477   -0.378   -0.382   -0.343    2.661
 426    10500  4.00   -0.390   -1.600   -0.495   -0.373   -0.377   -0.362    2.597
 427    10500  4.50   -0.386   -1.582   -0.524   -0.370   -0.372   -0.388    2.525
 428    10500  5.00   -0.381   -1.554   -0.565   -0.370   -0.366   -0.420    2.452
 429    10750  2.00   -0.470   -1.478   -0.561   -0.480   -0.458   -0.388    2.721
 430    10750  2.50   -0.456   -1.545   -0.525   -0.450   -0.444   -0.375    2.706
 431    10750  3.00   -0.451   -1.581   -0.515   -0.435   -0.438   -0.378    2.671
 432    10750  3.50   -0.447   -1.598   -0.521   -0.428   -0.435   -0.390    2.623
 433    10750  4.00   -0.443   -1.598   -0.537   -0.423   -0.431   -0.407    2.562
 434    10750  4.50   -0.438   -1.585   -0.563   -0.419   -0.425   -0.431    2.492
 435    10750  5.00   -0.433   -1.561   -0.599   -0.417   -0.418   -0.461    2.420
 436    11000  2.00   -0.522   -1.465   -0.607   -0.530   -0.509   -0.436    2.675
 437    11000  2.50   -0.508   -1.534   -0.571   -0.499   -0.495   -0.423    2.662
 438    11000  3.00   -0.502   -1.573   -0.561   -0.485   -0.490   -0.426    2.629
 439    11000  3.50   -0.499   -1.594   -0.565   -0.477   -0.487   -0.437    2.582
 440    11000  4.00   -0.496   -1.598   -0.580   -0.472   -0.483   -0.453    2.525
 441    11000  4.50   -0.491   -1.590   -0.603   -0.468   -0.478   -0.476    2.458
 442    11000  5.00   -0.485   -1.569   -0.637   -0.465   -0.471   -0.504    2.386
 443    11250  2.00   -0.573   -1.457   -0.653   -0.579   -0.560   -0.485    2.630
 444    11250  2.50   -0.558   -1.526   -0.616   -0.548   -0.546   -0.471    2.617
 445    11250  3.00   -0.553   -1.568   -0.606   -0.534   -0.541   -0.474    2.585
 446    11250  3.50   -0.551   -1.592   -0.610   -0.526   -0.539   -0.484    2.541
 447    11250  4.00   -0.548   -1.600   -0.623   -0.522   -0.536   -0.500    2.486
 448    11250  4.50   -0.544   -1.595   -0.645   -0.518   -0.531   -0.521    2.422
 449    11250  5.00   -0.538   -1.579   -0.676   -0.514   -0.524   -0.547    2.352
 450    11500  2.00   -0.623   -1.452   -0.699   -0.627   -0.611   -0.533    2.584
 451    11500  2.50   -0.609   -1.523   -0.662   -0.596   -0.597   -0.519    2.573
 452    11500  3.00   -0.604   -1.566   -0.651   -0.582   -0.592   -0.521    2.542
 453    11500  3.50   -0.602   -1.592   -0.655   -0.575   -0.590   -0.531    2.499
 454    11500  4.00   -0.600   -1.603   -0.667   -0.571   -0.588   -0.547    2.447
 455    11500  4.50   -0.596   -1.602   -0.687   -0.567   -0.584   -0.567    2.385
 456    11500  5.00   -0.591   -1.589   -0.716   -0.563   -0.577   -0.592    2.317
 457    11750  2.00   -0.674   -1.451   -0.745   -0.675   -0.661   -0.580    2.539
 458    11750  2.50   -0.659   -1.522   -0.706   -0.644   -0.647   -0.566    2.529
 459    11750  3.00   -0.654   -1.566   -0.696   -0.630   -0.643   -0.568    2.499
 460    11750  3.50   -0.653   -1.594   -0.699   -0.624   -0.641   -0.578    2.457
 461    11750  4.00   -0.651   -1.608   -0.711   -0.619   -0.639   -0.593    2.407
 462    11750  4.50   -0.648   -1.610   -0.730   -0.616   -0.635   -0.612    2.347
 463    11750  5.00   -0.643   -1.600   -0.757   -0.611   -0.630   -0.636    2.281
 464    12000  2.50   -0.708   -1.524   -0.751   -0.691   -0.697   -0.613    2.485
 465    12000  3.00   -0.704   -1.569   -0.741   -0.678   -0.692   -0.615    2.455
 466    12000  3.50   -0.703   -1.597   -0.744   -0.672   -0.691   -0.625    2.415
 467    12000  4.00   -0.701   -1.613   -0.755   -0.667   -0.689   -0.639    2.366
 468    12000  4.50   -0.699   -1.618   -0.773   -0.664   -0.686   -0.658    2.309
 469    12000  5.00   -0.694   -1.612   -0.798   -0.660   -0.681   -0.681    2.244
 470    12250  2.50   -0.757   -1.529   -0.795   -0.738   -0.746   -0.659    2.441
 471    12250  3.00   -0.753   -1.574   -0.785   -0.725   -0.742   -0.661    2.412
 472    12250  3.50   -0.752   -1.603   -0.788   -0.719   -0.741   -0.671    2.373
 473    12250  4.00   -0.751   -1.620   -0.799   -0.715   -0.739   -0.686    2.325
 474    12250  4.50   -0.749   -1.627   -0.816   -0.712   -0.737   -0.704    2.269
 475    12250  5.00   -0.745   -1.623   -0.840   -0.708   -0.732   -0.726    2.207
 476    12500  2.50   -0.806   -1.535   -0.838   -0.784   -0.794   -0.705    2.397
 477    12500  3.00   -0.802   -1.581   -0.828   -0.772   -0.791   -0.707    2.369
 478    12500  3.50   -0.801   -1.611   -0.831   -0.766   -0.790   -0.717    2.330
 479    12500  4.00   -0.800   -1.629   -0.842   -0.762   -0.789   -0.731    2.284
 480    12500  4.50   -0.799   -1.637   -0.859   -0.759   -0.786   -0.749    2.230
 481    12500  5.00   -0.795   -1.636   -0.882   -0.755   -0.782   -0.770    2.170
 482    12750  2.50   -0.854   -1.544   -0.881   -0.830   -0.842   -0.750    2.354
 483    12750  3.00   -0.850   -1.590   -0.871   -0.817   -0.839   -0.753    2.327
 484    12750  3.50   -0.850   -1.620   -0.875   -0.812   -0.838   -0.763    2.288
 485    12750  4.00   -0.849   -1.638   -0.885   -0.809   -0.837   -0.777    2.243
 486    12750  4.50   -0.848   -1.648   -0.902   -0.806   -0.835   -0.794    2.190
 487    12750  5.00   -0.844   -1.648   -0.923   -0.802   -0.832   -0.814    2.132
 488    13000  2.50   -0.901   -1.554   -0.924   -0.875   -0.889   -0.795    2.312
 489    13000  3.00   -0.898   -1.600   -0.914   -0.863   -0.886   -0.798    2.284
 490    13000  3.50   -0.898   -1.631   -0.917   -0.858   -0.886   -0.808    2.247
 491    13000  4.00   -0.897   -1.650   -0.928   -0.855   -0.886   -0.821    2.202
 492    13000  4.50   -0.896   -1.660   -0.944   -0.852   -0.884   -0.838    2.150
 493    13000  5.00   -0.893   -1.661   -0.965   -0.849   -0.880   -0.859    2.094
 494    14000  2.00   -1.096   -1.516   -1.131   -1.082   -1.084   -0.984    2.152
 495    14000  2.50   -1.082   -1.602   -1.088   -1.048   -1.071   -0.968    2.146
 496    14000  3.00   -1.082   -1.653   -1.079   -1.039   -1.071   -0.972    2.119
 497    14000  3.50   -1.083   -1.685   -1.083   -1.035   -1.072   -0.983    2.083
 498    14000  4.00   -1.083   -1.704   -1.094   -1.033   -1.072   -0.996    2.040
 499    14000  4.50   -1.083   -1.715   -1.109   -1.031   -1.071   -1.012    1.993
 500    14000  5.00   -1.080   -1.720   -1.128   -1.028   -1.068   -1.031    1.940
 501    15000  2.50   -1.252   -1.658   -1.241   -1.211   -1.241   -1.130    1.991
 502    15000  3.00   -1.255   -1.716   -1.235   -1.204   -1.244   -1.137    1.962
 503    15000  3.50   -1.258   -1.751   -1.241   -1.203   -1.247   -1.149    1.926
 504    15000  4.00   -1.260   -1.771   -1.252   -1.202   -1.249   -1.163    1.885
 505    15000  4.50   -1.260   -1.782   -1.267   -1.201   -1.249   -1.178    1.840
 506    15000  5.00   -1.258   -1.787   -1.285   -1.198   -1.246   -1.196    1.791
 507    16000  2.50   -1.411   -1.714   -1.386   -1.364   -1.400   -1.282    1.845
 508    16000  3.00   -1.417   -1.781   -1.381   -1.359   -1.406   -1.291    1.815
 509    16000  3.50   -1.423   -1.821   -1.389   -1.361   -1.413   -1.306    1.777
 510    16000  4.00   -1.427   -1.844   -1.402   -1.362   -1.416   -1.321    1.737
 511    16000  4.50   -1.428   -1.856   -1.417   -1.362   -1.417   -1.336    1.693
 512    16000  5.00   -1.426   -1.860   -1.434   -1.360   -1.415   -1.353    1.647
 513    17000  2.50   -1.559   -1.768   -1.521   -1.507   -1.548   -1.423    1.709
 514    17000  3.00   -1.568   -1.845   -1.518   -1.505   -1.558   -1.436    1.676
 515    17000  3.50   -1.578   -1.892   -1.529   -1.509   -1.567   -1.453    1.637
 516    17000  4.00   -1.584   -1.919   -1.543   -1.512   -1.573   -1.470    1.596
 517    17000  4.50   -1.586   -1.932   -1.559   -1.513   -1.575   -1.486    1.553
 518    17000  5.00   -1.585   -1.937   -1.576   -1.512   -1.574   -1.503    1.509
 519    18000  2.50   -1.697   -1.820   -1.649   -1.640   -1.687   -1.556    1.581
 520    18000  3.00   -1.710   -1.907   -1.647   -1.641   -1.700   -1.571    1.547
 521    18000  3.50   -1.723   -1.960   -1.660   -1.648   -1.713   -1.591    1.506
 522    18000  4.00   -1.731   -1.992   -1.676   -1.654   -1.721   -1.610    1.464
 523    18000  4.50   -1.735   -2.008   -1.693   -1.657   -1.724   -1.627    1.421
 524    18000  5.00   -1.735   -2.015   -1.710   -1.656   -1.724   -1.644    1.377
 525    19000  2.50   -1.826   -1.870   -1.769   -1.766   -1.816   -1.680    1.462
 526    19000  3.00   -1.842   -1.967   -1.767   -1.768   -1.832   -1.697    1.425
 527    19000  3.50   -1.859   -2.026   -1.783   -1.779   -1.849   -1.720    1.382
 528    19000  4.00   -1.870   -2.062   -1.801   -1.787   -1.860   -1.742    1.339
 529    19000  4.50   -1.876   -2.082   -1.819   -1.792   -1.865   -1.760    1.296
 530    19000  5.00   -1.877   -2.091   -1.838   -1.793   -1.866   -1.778    1.253
 531    20000  3.00   -1.966   -2.024   -1.880   -1.888   -1.957   -1.816    1.311
 532    20000  3.50   -1.986   -2.090   -1.899   -1.902   -1.977   -1.842    1.266
 533    20000  4.00   -2.000   -2.130   -1.919   -1.913   -1.990   -1.866    1.221
 534    20000  4.50   -2.008   -2.153   -1.938   -1.919   -1.998   -1.886    1.178
 535    20000  5.00   -2.011   -2.165   -1.957   -1.921   -2.000   -1.904    1.135
 536    21000  3.00   -2.082   -2.080   -1.987   -2.000   -2.073   -1.927    1.204
 537    21000  3.50   -2.106   -2.152   -2.008   -2.017   -2.097   -1.957    1.156
 538    21000  4.00   -2.123   -2.196   -2.030   -2.031   -2.113   -1.982    1.110
 539    21000  4.50   -2.133   -2.222   -2.051   -2.039   -2.123   -2.004    1.067
 540    21000  5.00   -2.137   -2.236   -2.071   -2.043   -2.127   -2.023    1.024
 541    22000  3.00   -2.191   -2.132   -2.087   -2.105   -2.182   -2.031    1.104
 542    22000  3.50   -2.219   -2.211   -2.110   -2.126   -2.210   -2.064    1.052
 543    22000  4.00   -2.239   -2.260   -2.135   -2.143   -2.230   -2.093    1.005
 544    22000  4.50   -2.251   -2.289   -2.157   -2.153   -2.241   -2.116    0.961
 545    22000  5.00   -2.257   -2.305   -2.178   -2.158   -2.247   -2.136    0.918
 546    23000  3.00   -2.293   -2.182   -2.180   -2.204   -2.284   -2.129    1.010
 547    23000  3.50   -2.325   -2.268   -2.207   -2.229   -2.316   -2.166    0.954
 548    23000  4.00   -2.348   -2.321   -2.234   -2.248   -2.339   -2.197    0.905
 549    23000  4.50   -2.363   -2.353   -2.258   -2.261   -2.353   -2.222    0.860
 550    23000  5.00   -2.370   -2.371   -2.279   -2.267   -2.360   -2.243    0.818
 551    24000  3.00   -2.387   -2.228   -2.266   -2.295   -2.378   -2.219    0.923
 552    24000  3.50   -2.425   -2.322   -2.298   -2.325   -2.417   -2.262    0.862
 553    24000  4.00   -2.451   -2.380   -2.328   -2.348   -2.442   -2.295    0.811
 554    24000  4.50   -2.468   -2.415   -2.353   -2.362   -2.459   -2.322    0.764
 555    24000  5.00   -2.477   -2.435   -2.375   -2.370   -2.467   -2.344    0.722
 556    25000  3.00   -2.471   -2.265   -2.342   -2.376   -2.462   -2.299    0.846
 557    25000  3.50   -2.519   -2.374   -2.383   -2.416   -2.511   -2.351    0.776
 558    25000  4.00   -2.549   -2.436   -2.416   -2.442   -2.540   -2.388    0.722
 559    25000  4.50   -2.568   -2.474   -2.443   -2.458   -2.558   -2.417    0.674
 560    25000  5.00   -2.578   -2.496   -2.466   -2.468   -2.569   -2.440    0.631
 561    26000  3.00   -2.543   -2.291   -2.411   -2.447   -2.534   -2.368    0.781
 562    26000  3.50   -2.607   -2.422   -2.462   -2.500   -2.598   -2.434    0.696
 563    26000  4.00   -2.641   -2.489   -2.499   -2.530   -2.632   -2.475    0.638
 564    26000  4.50   -2.661   -2.530   -2.527   -2.549   -2.652   -2.506    0.589
 565    26000  5.00   -2.674   -2.553   -2.552   -2.560   -2.664   -2.530    0.546
 566    27000  3.50   -2.686   -2.463   -2.532   -2.575   -2.678   -2.509    0.624
 567    27000  4.00   -2.726   -2.539   -2.576   -2.612   -2.718   -2.557    0.560
 568    27000  4.50   -2.750   -2.582   -2.607   -2.634   -2.741   -2.590    0.509
 569    27000  5.00   -2.763   -2.608   -2.632   -2.646   -2.754   -2.615    0.465
 570    28000  3.50   -2.756   -2.496   -2.595   -2.643   -2.748   -2.576    0.561
 571    28000  4.00   -2.806   -2.584   -2.646   -2.688   -2.798   -2.632    0.488
 572    28000  4.50   -2.833   -2.631   -2.681   -2.713   -2.824   -2.668    0.435
 573    28000  5.00   -2.848   -2.658   -2.707   -2.727   -2.839   -2.694    0.390
 574    29000  3.50   -2.821   -2.525   -2.654   -2.706   -2.812   -2.636    0.504
 575    29000  4.00   -2.878   -2.622   -2.710   -2.757   -2.870   -2.700    0.423
 576    29000  4.50   -2.910   -2.676   -2.749   -2.787   -2.901   -2.741    0.366
 577    29000  5.00   -2.927   -2.705   -2.777   -2.803   -2.918   -2.769    0.320
 578    30000  3.50   -2.884   -2.557   -2.715   -2.769   -2.876   -2.697    0.448
 579    30000  4.00   -2.944   -2.655   -2.768   -2.820   -2.936   -2.761    0.365
 580    30000  4.50   -2.980   -2.715   -2.811   -2.855   -2.972   -2.807    0.303
 581    30000  5.00   -3.000   -2.748   -2.841   -2.874   -2.992   -2.837    0.255
 582    31000  3.50   -2.952   -2.599   -2.780   -2.836   -2.943   -2.762    0.387
 583    31000  4.00   -3.006   -2.687   -2.824   -2.880   -2.998   -2.820    0.311
 584    31000  4.50   -3.045   -2.751   -2.868   -2.917   -3.038   -2.868    0.246
 585    31000  5.00   -3.068   -2.787   -2.901   -2.939   -3.060   -2.901    0.196
 586    32000  4.00   -3.067   -2.721   -2.880   -2.940   -3.058   -2.877    0.258
 587    32000  4.50   -3.107   -2.784   -2.923   -2.977   -3.099   -2.926    0.192
 588    32000  5.00   -3.132   -2.823   -2.957   -3.000   -3.124   -2.960    0.141
 589    33000  4.00   -3.131   -2.763   -2.940   -3.003   -3.122   -2.938    0.201
 590    33000  4.50   -3.167   -2.818   -2.976   -3.034   -3.159   -2.981    0.141
 591    33000  5.00   -3.193   -2.858   -3.010   -3.059   -3.185   -3.016    0.089
 592    34000  4.00   -3.199   -2.813   -3.006   -3.071   -3.189   -3.003    0.139
 593    34000  4.50   -3.228   -2.858   -3.033   -3.094   -3.220   -3.038    0.088
 594    34000  5.00   -3.252   -2.893   -3.063   -3.116   -3.244   -3.071    0.039
 595    35000  4.00   -3.271   -2.871   -3.076   -3.143   -3.261   -3.073    0.072
 596    35000  4.50   -3.293   -2.903   -3.093   -3.158   -3.284   -3.099    0.031
 597    35000  5.00   -3.314   -2.934   -3.119   -3.176   -3.305   -3.128   -0.014
 598    36000  4.00   -3.348   -2.935   -3.151   -3.219   -3.337   -3.148    0.000
 599    36000  4.50   -3.360   -2.955   -3.158   -3.224   -3.350   -3.163   -0.030
 600    36000  5.00   -3.377   -2.980   -3.177   -3.238   -3.368   -3.188   -0.069
 601    37000  4.00   -3.427   -3.005   -3.229   -3.298   -3.416   -3.226   -0.076
 602    37000  4.50   -3.431   -3.014   -3.226   -3.295   -3.420   -3.232   -0.094
 603    37000  5.00   -3.442   -3.031   -3.239   -3.303   -3.433   -3.250   -0.127
 604    38000  4.00   -3.509   -3.079   -3.309   -3.379   -3.497   -3.306   -0.154
 605    38000  4.50   -3.505   -3.078   -3.298   -3.369   -3.494   -3.304   -0.163
 606    38000  5.00   -3.511   -3.087   -3.305   -3.371   -3.501   -3.315   -0.188
 607    39000  4.00   -3.590   -3.153   -3.388   -3.459   -3.578   -3.386   -0.233
 608    39000  4.50   -3.582   -3.146   -3.373   -3.445   -3.570   -3.378   -0.236
 609    39000  5.00   -3.583   -3.149   -3.374   -3.442   -3.572   -3.384   -0.253
 610    40000  4.50   -3.660   -3.216   -3.448   -3.522   -3.648   -3.455   -0.311
 611    40000  5.00   -3.657   -3.214   -3.445   -3.516   -3.645   -3.455   -0.322
 612    41000  4.50   -3.738   -3.288   -3.524   -3.599   -3.726   -3.531   -0.386
 613    41000  5.00   -3.733   -3.282   -3.518   -3.590   -3.721   -3.529   -0.393
 614    42000  4.50   -3.815   -3.359   -3.599   -3.675   -3.803   -3.607   -0.461
 615    42000  5.00   -3.809   -3.352   -3.592   -3.666   -3.796   -3.603   -0.466
 616    43000  4.50   -3.891   -3.429   -3.673   -3.750   -3.878   -3.682   -0.535
 617    43000  5.00   -3.884   -3.422   -3.665   -3.740   -3.872   -3.677   -0.539
 618    44000  4.50   -3.965   -3.498   -3.745   -3.823   -3.953   -3.755   -0.607
 619    44000  5.00   -3.959   -3.491   -3.738   -3.814   -3.946   -3.751   -0.611
 620    45000  4.50   -4.037   -3.566   -3.816   -3.895   -4.025   -3.827   -0.678
 621    45000  5.00   -4.033   -3.559   -3.809   -3.887   -4.020   -3.823   -0.682
 622    46000  4.50   -4.108   -3.632   -3.885   -3.965   -4.096   -3.897   -0.748
 623    46000  5.00   -4.105   -3.627   -3.879   -3.958   -4.092   -3.894   -0.753
 624    47000  4.50   -4.178   -3.697   -3.953   -4.034   -4.165   -3.965   -0.816
 625    47000  5.00   -4.175   -3.693   -3.948   -4.028   -4.162   -3.964   -0.822
 626    48000  4.50   -4.245   -3.761   -4.020   -4.101   -4.233   -4.033   -0.882
 627    48000  5.00   -4.244   -3.758   -4.016   -4.096   -4.231   -4.032   -0.889
 628    49000  4.50   -4.312   -3.824   -4.085   -4.167   -4.300   -4.099   -0.948
 629    49000  5.00   -4.311   -3.821   -4.081   -4.163   -4.299   -4.099   -0.955
 630    50000  5.00   -4.378   -3.884   -4.146   -4.228   -4.365   -4.164   -1.020
 631    56101  5.00   -4.493   -3.991   -4.276   -4.359   -4.487   -4.283   -1.116
 632    62946  5.00   -4.838   -4.317   -4.611   -4.698   -4.832   -4.625   -1.457
 633    70627  5.00   -5.186   -4.649   -4.950   -5.042   -5.181   -4.970   -1.802
 634    79245  5.00   -5.538   -4.986   -5.293   -5.390   -5.532   -5.319   -2.151
 635    88914  5.00   -5.892   -5.327   -5.641   -5.740   -5.887   -5.671   -2.502
 636    99763  5.00   -6.249   -5.672   -5.991   -6.094   -6.243   -6.025   -2.857
 637   111936  5.00   -6.607   -6.021   -6.344   -6.450   -6.602   -6.382   -3.213
 638   125595  5.00   -6.968   -6.373   -6.699   -6.808   -6.963   -6.741   -3.572
 639   140920  5.00   -7.330   -6.727   -7.057   -7.167   -7.325   -7.101   -3.933
 640   158115  5.00   -7.693   -7.084   -7.417   -7.529   -7.689   -7.463   -4.295
 641   177407  5.00   -8.058   -7.443   -7.778   -7.892   -8.054   -7.827   -4.658
 642   199055  5.00   -8.424   -7.803   -8.141   -8.257   -8.420   -8.192   -5.023
 643   223343  5.00   -8.791   -8.165   -8.506   -8.622   -8.787   -8.558   -5.389
 644   250595  5.00   -9.159   -8.529   -8.871   -8.989   -9.155   -8.925   -5.756
 645   281172  5.00   -9.528   -8.894   -9.238   -9.357   -9.523   -9.293   -6.124
 646   315481  5.00   -9.897   -9.260   -9.605   -9.725   -9.893   -9.662   -6.493
 647   353975  5.00  -10.267   -9.627   -9.974  -10.094  -10.263  -10.031   -6.862
 648   397167  5.00  -10.638   -9.995  -10.343  -10.464  -10.633  -10.401   -7.232
 649   445629  5.00  -11.009  -10.364  -10.712  -10.834  -11.004  -10.772   -7.603
 650   500004  5.00  -11.380  -10.733  -11.083  -11.205  -11.376  -11.143   -7.974
 651   561014  5.00  -11.752  -11.103  -11.453  -11.576  -11.748  -11.514   -8.345
 652   629469  5.00  -12.124  -11.474  -11.825  -11.948  -12.120  -11.886   -8.717
 653   706276  5.00  -12.497  -11.845  -12.196  -12.320  -12.492  -12.258   -9.089
 654   792455  5.00  -12.869  -12.216  -12.568  -12.693  -12.865  -12.631   -9.462
 655   889149  5.00  -13.242  -12.588  -12.941  -13.065  -13.238  -13.004   -9.835
 656   997642  5.00  -13.616  -12.960  -13.313  -13.438  -13.611  -13.377  -10.208
 657  1119373  5.00  -13.989  -13.333  -13.686  -13.812  -13.985  -13.750  -10.581
 658  1255958  5.00  -14.363  -13.705  -14.059  -14.185  -14.359  -14.123  -10.954
 659  1409209  5.00  -14.736  -14.079  -14.433  -14.558  -14.732  -14.497  -11.328
 660  1581159  5.00  -15.110  -14.452  -14.806  -14.932  -15.106  -14.871  -11.702
 661  1774090  5.00  -15.484  -14.825  -15.180  -15.306  -15.480  -15.245  -12.076
 662  1990563  5.00  -15.858  -15.199  -15.554  -15.680  -15.854  -15.619  -12.450
 663  2233450  5.00  -16.233  -15.573  -15.928  -16.054  -16.229  -15.993  -12.824
 664  2505973  5.00  -16.607  -15.946  -16.302  -16.428  -16.603  -16.367  -13.198
 665  2811749  5.00  -16.981  -16.320  -16.676  -16.802  -16.977  -16.741  -13.572
 666  3154836  5.00  -17.356  -16.695  -17.050  -17.177  -17.352  -17.116  -13.947
 667  3539785  5.00  -17.730  -17.069  -17.425  -17.551  -17.726  -17.490  -14.321
 668  3971706  5.00  -18.105  -17.443  -17.799  -17.926  -18.101  -17.865  -14.695
 669  4456330  5.00  -18.479  -17.817  -18.174  -18.300  -18.475  -18.239  -15.070
# BCs for Fluks et al. 1994 M-giant spectra:
#  n     Teff  logg        V        u        v        b        y     Hb_w     Hb_n
   0     3810  0.00   -1.256   -5.855   -3.811   -2.265   -1.232   -1.931    1.170
   1     3736  0.00   -1.480   -6.115   -4.030   -2.530   -1.453   -2.183    0.891
   2     3666  0.00   -1.722   -6.391   -4.273   -2.831   -1.685   -2.446    0.605
   3     3574  0.00   -2.104   -6.631   -4.515   -3.335   -2.066   -2.904    0.104
   4     3434  0.00   -2.802   -7.168   -5.018   -4.097   -2.781   -3.622   -0.650
   5     3309  0.00   -3.818   -7.714   -5.676   -5.319   -3.824   -4.702   -1.846
   6     3126  0.00   -5.168   -8.671   -6.868   -6.762   -5.175   -6.081   -3.187
   7     2890  0.00   -6.368   -9.380   -8.016   -8.321   -6.476   -7.597   -4.711
   8     2667  0.00   -7.217  -10.106   -8.903   -9.329   -7.494   -8.675   -5.740
   9     2500  0.00   -7.956  -10.833   -9.685  -10.041   -8.267   -9.416   -6.458
