# BCs for ATLAS9 + DUSTY99 + blackbody spectra:
#  n     Teff  logg        V        u        v        b        y     Hb_w     Hb_n
   0      500  3.50  -59.119  -999999  -999999  -999999  -69.842  -999999  -999999
   1      500  4.00  -58.200  -999999  -999999  -999999  -68.661  -999999  -999999
   2      500  4.50  -57.680  -999999  -999999  -999999  -68.279  -999999  -999999
   3      500  5.00  -55.682  -999999  -999999  -999999  -65.895  -999999  -999999
   4      500  5.50  -53.129  -999999  -999999  -77.839  -62.792  -74.046  -72.082
   5      500  6.00  -50.570  -999999  -999999  -73.559  -59.666  -70.445  -68.139
   6      600  3.50  -48.322  -999999  -81.826  -68.908  -56.215  -65.938  -63.528
   7      600  4.00  -47.751  -999999  -79.978  -68.065  -55.506  -65.113  -62.691
   8      600  4.50  -48.940  -999999  -999999  -70.347  -57.240  -67.330  -64.953
   9      600  5.00  -47.334  -999999  -80.497  -68.247  -55.370  -65.265  -62.864
  10      600  5.50  -45.369  -999999  -76.877  -65.597  -53.040  -62.662  -60.230
  11      600  6.00  -43.273  -999999  -73.364  -62.648  -50.494  -59.771  -57.303
  12      700  3.50  -39.934  -78.334  -66.031  -56.493  -45.790  -53.826  -51.246
  13      700  4.00  -39.478  -77.496  -65.256  -55.814  -45.226  -53.167  -50.578
  14      700  4.50  -40.458  -80.287  -67.379  -57.610  -46.597  -54.898  -52.340
  15      700  5.00  -39.630  -78.615  -66.275  -56.600  -45.671  -53.906  -51.340
  16      700  5.50  -37.999  -75.828  -63.999  -54.536  -43.814  -51.882  -49.297
  17      700  6.00  -36.018  -72.392  -61.003  -51.857  -41.480  -49.265  -46.652
  18      800  3.50  -32.303  -64.147  -53.631  -45.576  -36.566  -43.220  -40.512
  19      800  4.00  -32.488  -64.388  -53.844  -45.780  -36.764  -43.422  -40.714
  20      800  4.50  -33.329  -66.328  -55.587  -47.259  -37.898  -44.841  -42.156
  21      800  5.00  -32.505  -65.230  -54.615  -46.346  -37.022  -43.940  -41.251
  22      800  5.50  -31.284  -63.618  -53.178  -44.968  -35.688  -42.574  -39.880
  23      800  6.00  -29.531  -60.811  -50.636  -42.632  -33.625  -40.286  -37.574
  24      900  3.50  -25.811  -52.281  -43.075  -36.258  -28.769  -34.202  -31.394
  25      900  4.00  -25.745  -52.409  -43.156  -36.289  -28.739  -34.221  -31.417
  26      900  4.50  -26.747  -54.699  -45.171  -37.986  -30.030  -35.837  -33.058
  27      900  5.00  -25.224  -52.635  -43.224  -36.138  -28.330  -34.015  -31.227
  28      900  5.50  -25.253  -52.725  -43.302  -36.198  -28.370  -34.072  -31.285
  29     1000  3.50  -22.629  -46.305  -37.779  -31.635  -24.979  -29.755  -26.897
  30     1000  4.00  -22.027  -45.364  -36.926  -30.861  -24.302  -29.001  -26.137
  31     1000  4.50  -21.798  -45.471  -36.927  -30.765  -24.109  -28.881  -26.023
  32     1000  5.00  -21.566  -45.612  -36.936  -30.665  -23.911  -28.755  -25.904
  33     1000  5.50  -21.151  -45.144  -36.452  -30.184  -23.458  -28.279  -25.426
  34     1000  6.00  -20.198  -43.402  -34.896  -28.822  -22.342  -26.969  -24.103
  35     1100  3.50  -19.595  -40.661  -32.853  -27.338  -21.439  -25.627  -22.725
  36     1100  4.00  -19.329  -40.241  -32.476  -26.998  -21.142  -25.297  -22.392
  37     1100  4.50  -19.142  -40.244  -32.394  -26.863  -20.965  -25.150  -22.248
  38     1100  5.00  -18.642  -39.800  -31.898  -26.342  -20.442  -24.625  -21.724
  39     1100  5.50  -18.053  -39.131  -31.210  -25.665  -19.807  -23.955  -21.052
  40     1100  6.00  -23.043  -46.719  -38.193  -32.049  -25.393  -30.169  -27.311
  41     1200  3.50  -16.880  -35.578  -28.509  -23.572  -18.325  -22.018  -19.080
  42     1200  4.00  -16.880  -35.578  -28.509  -23.572  -18.325  -22.018  -19.080
  43     1200  4.50  -16.880  -35.578  -28.509  -23.572  -18.325  -22.018  -19.080
  44     1200  5.00  -16.749  -35.872  -28.639  -23.588  -18.234  -22.005  -19.072
  45     1200  6.00  -15.508  -34.227  -27.039  -22.076  -16.874  -20.525  -17.585
  46     1300  3.50  -14.478  -31.066  -24.704  -20.285  -15.606  -18.874  -15.905
  47     1300  4.00  -14.512  -31.094  -24.738  -20.322  -15.642  -18.911  -15.942
  48     1300  4.50  -14.879  -31.897  -25.394  -20.868  -16.068  -19.427  -16.463
  49     1300  5.00  -14.825  -31.926  -25.399  -20.849  -16.023  -19.400  -16.438
  50     1300  5.50  -14.600  -31.885  -25.258  -20.653  -15.796  -19.193  -16.234
  51     1300  6.00  -17.119  -35.706  -28.675  -23.766  -18.548  -22.220  -19.279
  52     1400  3.50  -12.481  -27.303  -21.547  -17.566  -13.371  -16.279  -13.285
  53     1400  4.00  -12.508  -27.344  -21.588  -17.603  -13.401  -16.314  -13.320
  54     1400  4.50  -12.726  -27.836  -21.999  -17.942  -13.653  -16.632  -13.642
  55     1400  5.00  -12.953  -28.357  -22.413  -18.280  -13.912  -16.949  -13.963
  56     1400  5.50  -12.709  -28.323  -22.253  -18.057  -13.654  -16.712  -13.728
  57     1400  6.00  -12.712  -28.341  -22.265  -18.064  -13.658  -16.718  -13.735
  58     1500  3.50  -10.953  -24.481  -19.186  -15.538  -11.692  -14.344  -11.332
  59     1500  4.00  -10.917  -24.364  -19.094  -15.464  -11.642  -14.275  -11.262
  60     1500  4.50  -11.130  -24.898  -19.516  -15.798  -11.886  -14.585  -11.576
  61     1500  5.00  -11.228  -25.132  -19.706  -15.947  -11.995  -14.723  -11.716
  62     1500  5.50  -11.297  -25.380  -19.880  -16.069  -12.070  -14.831  -11.827
  63     1500  6.00  -11.279  -25.460  -19.903  -16.060  -12.043  -14.816  -11.813
  64     1600  3.50   -9.634  -22.474  -17.431  -13.937  -10.264  -12.770   -9.766
  65     1600  4.00   -9.639  -22.228  -17.275  -13.859  -10.257  -12.722   -9.705
  66     1600  4.50   -9.690  -22.333  -17.351  -13.917  -10.311  -12.783   -9.761
  67     1600  5.00   -9.767  -22.441  -17.447  -14.004  -10.389  -12.868   -9.846
  68     1600  5.50   -9.836  -22.640  -17.589  -14.104  -10.459  -12.960   -9.938
  69     1600  6.00   -9.894  -22.820  -17.705  -14.179  -10.509  -13.026  -10.006
  70     1700  3.50   -8.431  -20.722  -15.547  -12.254   -8.877  -11.022   -8.170
  71     1700  4.00   -8.056  -20.320  -15.233  -11.830   -8.474  -10.642   -7.743
  72     1700  4.50   -7.331  -19.075  -14.032  -10.745   -7.642   -9.598   -6.743
  73     1700  5.00   -8.192  -20.116  -15.319  -11.967   -8.629  -10.834   -7.878
  74     1700  5.50   -8.520  -20.363  -15.645  -12.379   -9.009  -11.287   -8.272
  75     1700  6.00   -8.674  -20.567  -15.813  -12.549   -9.171  -11.470   -8.439
  76     1800  3.50   -7.719  -19.204  -13.880  -11.121   -8.032   -9.806   -7.159
  77     1800  4.00   -7.502  -18.788  -13.878  -10.812   -7.793   -9.600   -6.857
  78     1800  4.50   -6.906  -17.721  -13.030   -9.985   -7.137   -8.853   -6.069
  79     1800  5.00   -6.889  -17.562  -13.012   -9.919   -7.113   -8.813   -6.011
  80     1800  5.50   -7.371  -18.422  -13.861  -10.672   -7.678   -9.569   -6.665
  81     1800  6.00   -7.438  -18.538  -13.971  -10.805   -7.770   -9.718   -6.763
  82     1900  3.50   -6.963  -16.235  -11.567   -9.804   -7.137   -8.473   -6.027
  83     1900  4.00   -7.039  -17.553  -12.708   -9.998   -7.221   -8.711   -6.185
  84     1900  4.50   -7.413  -18.637  -13.786  -10.591   -7.649   -9.355   -6.691
  85     1900  5.00   -6.894  -17.522  -12.947   -9.825   -7.078   -8.660   -5.959
  86     1900  5.50   -7.060  -17.485  -13.098  -10.046   -7.290   -8.941   -6.115
  87     1900  6.00   -7.051  -17.449  -13.063  -10.093   -7.318   -9.044   -6.115
  88     2000  3.50   -6.560  -14.047  -10.003   -8.995   -6.632   -7.695   -5.346
  89     2000  4.00   -6.498  -15.543  -11.170   -9.067   -6.573   -7.774   -5.406
  90     2000  4.50   -6.469  -16.552  -11.990   -9.110   -6.549   -7.814   -5.433
  91     2000  5.00   -6.596  -17.108  -12.496   -9.286   -6.694   -8.022   -5.544
  92     2000  5.50   -6.870  -17.037  -12.745   -9.685   -7.043   -8.530   -5.818
  93     2000  6.00   -6.688  -16.528  -12.323   -9.464   -6.888   -8.405   -5.545
  94     2100  4.00   -6.043  -13.629   -9.809   -8.269   -6.038   -7.054   -4.708
  95     2100  5.00   -5.961  -15.747  -11.424   -8.312   -5.961   -7.028   -4.731
  96     2100  5.50   -6.396  -16.623  -12.202   -8.885   -6.447   -7.605   -5.157
  97     2100  6.00   -6.592  -16.404  -12.222   -9.200   -6.732   -7.987   -5.323
  98     2200  3.50   -5.558  -10.820   -7.634   -7.427   -5.505   -6.339   -3.865
  99     2200  4.00   -5.552  -11.925   -8.571   -7.494   -5.490   -6.393   -3.978
 100     2200  4.50   -5.601  -13.258   -9.698   -7.632   -5.534   -6.454   -4.179
 101     2200  5.00   -5.630  -14.646  -10.710   -7.753   -5.569   -6.505   -4.274
 102     2200  5.50   -5.862  -15.705  -11.463   -8.054   -5.825   -6.754   -4.458
 103     2200  6.00   -5.973  -15.873  -11.610   -8.190   -5.973   -6.820   -4.423
 104     2300  3.50   -5.052   -9.756   -6.826   -6.773   -4.971   -5.799   -3.208
 105     2300  4.00   -5.062  -10.701   -7.619   -6.829   -4.969   -5.843   -3.307
 106     2300  4.50   -5.168  -11.927   -8.678   -6.999   -5.064   -5.937   -3.559
 107     2300  5.00   -5.266  -13.430   -9.873   -7.191   -5.163   -6.036   -3.767
 108     2300  5.50   -5.419  -14.673  -10.775   -7.384   -5.321   -6.128   -3.879
 109     2300  6.00   -5.498  -15.102  -11.045   -7.489   -5.430   -6.138   -3.814
 110     2400  3.50   -4.559   -8.949   -6.200   -6.183   -4.468   -5.315   -2.609
 111     2400  4.00   -4.578   -9.715   -6.844   -6.219   -4.471   -5.344   -2.683
 112     2400  4.50   -4.704  -10.749   -7.745   -6.375   -4.580   -5.434   -2.919
 113     2400  5.50   -4.965  -13.394   -9.917   -6.732   -4.830   -5.581   -3.285
 114     2400  6.00   -5.142  -14.361  -10.585   -6.959   -5.027   -5.663   -3.331
 115     2500  3.50   -4.121   -8.421   -5.767   -5.687   -4.032   -4.908   -2.104
 116     2500  4.00   -4.124   -8.993   -6.257   -5.685   -4.018   -4.905   -2.132
 117     2500  4.50   -4.268   -9.850   -7.002   -5.829   -4.137   -4.995   -2.346
 118     2500  5.00   -4.378  -10.961   -7.982   -5.974   -4.235   -5.058   -2.549
 119     2500  5.50   -4.557  -12.316   -9.119   -6.190   -4.405   -5.145   -2.746
 120     2500  6.00   -4.746  -13.400   -9.944   -6.407   -4.599   -5.207   -2.808
 121     2600  3.50   -3.741   -8.008   -5.424   -5.256   -3.660   -4.546   -1.668
 122     2600  4.00   -3.722   -8.446   -5.805   -5.221   -3.624   -4.518   -1.658
 123     2600  4.50   -3.860   -9.145   -6.403   -5.342   -3.733   -4.598   -1.835
 124     2600  5.00   -3.945  -10.020   -7.187   -5.437   -3.803   -4.638   -1.980
 125     2600  5.50   -4.119  -11.220   -8.249   -5.629   -3.962   -4.718   -2.172
 126     2600  6.00   -4.347  -12.399   -9.209   -5.886   -4.184   -4.812   -2.301
 127     2700  3.50   -3.435   -7.676   -5.146   -4.899   -3.363   -4.240   -1.312
 128     2700  4.00   -3.373   -7.989   -5.432   -4.813   -3.283   -4.168   -1.246
 129     2700  4.50   -3.485   -8.547   -5.899   -4.897   -3.364   -4.226   -1.374
 130     2700  5.00   -3.548   -9.262   -6.534   -4.962   -3.415   -4.256   -1.475
 131     2700  5.50   -3.700  -10.264   -7.441   -5.117   -3.548   -4.327   -1.635
 132     2700  6.00   -3.926  -11.413   -8.427   -5.357   -3.757   -4.417   -1.772
 133     2800  5.00   -2.830  -11.462   -8.121   -4.284   -2.587   -3.427   -0.372
 134     2800  5.50   -2.968  -12.320   -8.977   -4.449   -2.657   -3.491   -0.436
 135     2900  5.00   -2.510  -10.585   -7.346   -3.896   -2.316   -3.125   -0.011
 136     2900  5.50   -2.642  -11.381   -8.120   -4.044   -2.380   -3.174   -0.066
 137     3000  5.00   -2.229   -9.787   -6.662   -3.553   -2.082   -2.857    0.294
 138     3000  5.50   -2.350  -10.518   -7.346   -3.686   -2.138   -2.898    0.250
 139     3100  5.00   -1.987   -9.055   -6.059   -3.255   -1.880   -2.626    0.544
 140     3100  5.50   -2.091   -9.703   -6.639   -3.371   -1.928   -2.660    0.509
 141     3200  5.00   -1.783   -8.409   -5.534   -2.994   -1.706   -2.424    0.754
 142     3200  5.50   -1.865   -8.960   -6.012   -3.088   -1.743   -2.450    0.733
 143     3300  5.00   -1.608   -7.841   -5.068   -2.761   -1.556   -2.240    0.945
 144     3300  5.50   -1.668   -8.270   -5.449   -2.836   -1.584   -2.262    0.929
 145     3400  5.00   -1.457   -7.346   -4.652   -2.556   -1.422   -2.074    1.114
 146     3400  5.50   -1.499   -7.636   -4.944   -2.613   -1.445   -2.094    1.102
 147     3500  5.00   -1.326   -6.918   -4.267   -2.372   -1.302   -1.923    1.265
 148     3500  5.50   -1.355   -7.057   -4.484   -2.416   -1.320   -1.942    1.254
 149     3600  5.00   -1.211   -6.517   -3.925   -2.209   -1.194   -1.785    1.402
 150     3600  5.50   -1.231   -6.557   -4.081   -2.243   -1.209   -1.804    1.390
 151     3700  5.00   -1.108   -6.139   -3.630   -2.058   -1.093   -1.657    1.529
 152     3700  5.50   -1.129   -6.158   -3.759   -2.092   -1.111   -1.681    1.511
 153     3800  5.00   -1.013   -5.798   -3.372   -1.917   -0.999   -1.534    1.650
 154     3800  5.50   -1.023   -5.838   -3.478   -1.934   -1.006   -1.547    1.643
 155     3500  0.00   -1.802   -7.860   -5.303   -3.336   -1.825   -2.770    0.348
 156     3500  0.50   -1.587   -7.296   -4.835   -2.951   -1.589   -2.434    0.694
 157     3500  1.00   -1.409   -6.716   -4.393   -2.620   -1.395   -2.151    0.988
 158     3500  1.50   -1.272   -6.176   -4.025   -2.364   -1.246   -1.936    1.213
 159     3500  2.00   -1.197   -5.774   -3.801   -2.235   -1.168   -1.825    1.330
 160     3500  2.50   -1.161   -5.534   -3.691   -2.192   -1.134   -1.783    1.374
 161     3500  3.00   -1.142   -5.405   -3.644   -2.162   -1.113   -1.757    1.404
 162     3500  3.50   -1.139   -5.375   -3.672   -2.148   -1.105   -1.750    1.419
 163     3500  4.00   -1.150   -5.433   -3.780   -2.150   -1.108   -1.758    1.423
 164     3500  4.50   -1.167   -5.566   -3.957   -2.158   -1.113   -1.773    1.424
 165     3500  5.00   -1.188   -5.775   -4.189   -2.164   -1.116   -1.782    1.432
 166     3750  0.00   -1.462   -7.064   -4.635   -2.836   -1.478   -2.316    0.795
 167     3750  0.50   -1.329   -6.628   -4.281   -2.555   -1.329   -2.076    1.043
 168     3750  1.00   -1.218   -6.157   -3.943   -2.310   -1.204   -1.872    1.256
 169     3750  1.50   -1.123   -5.688   -3.644   -2.105   -1.098   -1.704    1.434
 170     3750  2.00   -1.045   -5.291   -3.411   -1.954   -1.013   -1.578    1.569
 171     3750  2.50   -0.999   -5.039   -3.281   -1.889   -0.966   -1.520    1.630
 172     3750  3.00   -0.970   -4.882   -3.206   -1.866   -0.939   -1.494    1.657
 173     3750  3.50   -0.958   -4.811   -3.183   -1.856   -0.926   -1.483    1.671
 174     3750  4.00   -0.952   -4.803   -3.204   -1.844   -0.914   -1.475    1.686
 175     3750  4.50   -0.956   -4.863   -3.289   -1.839   -0.909   -1.476    1.695
 176     3750  5.00   -0.965   -4.985   -3.433   -1.837   -0.905   -1.480    1.704
 177     4000  0.00   -1.102   -6.143   -3.878   -2.303   -1.111   -1.837    1.273
 178     4000  0.50   -1.002   -5.732   -3.568   -2.080   -1.002   -1.650    1.465
 179     4000  1.00   -0.932   -5.317   -3.298   -1.901   -0.925   -1.504    1.616
 180     4000  1.50   -0.887   -4.949   -3.088   -1.767   -0.872   -1.399    1.728
 181     4000  2.00   -0.856   -4.662   -2.939   -1.671   -0.834   -1.323    1.810
 182     4000  2.50   -0.829   -4.473   -2.847   -1.605   -0.800   -1.270    1.870
 183     4000  3.00   -0.809   -4.375   -2.801   -1.585   -0.778   -1.250    1.894
 184     4000  3.50   -0.787   -4.314   -2.772   -1.575   -0.756   -1.235    1.911
 185     4000  4.00   -0.774   -4.282   -2.760   -1.567   -0.741   -1.225    1.925
 186     4000  4.50   -0.770   -4.298   -2.781   -1.563   -0.732   -1.222    1.933
 187     4000  5.00   -0.774   -4.363   -2.844   -1.559   -0.726   -1.223    1.941
 188     4250  0.00   -0.812   -5.241   -3.183   -1.843   -0.812   -1.426    1.691
 189     4250  0.50   -0.740   -4.880   -2.939   -1.677   -0.736   -1.290    1.829
 190     4250  1.00   -0.689   -4.521   -2.727   -1.542   -0.681   -1.183    1.939
 191     4250  1.50   -0.656   -4.211   -2.563   -1.442   -0.645   -1.105    2.020
 192     4250  2.00   -0.636   -3.975   -2.448   -1.372   -0.623   -1.051    2.077
 193     4250  2.50   -0.625   -3.821   -2.379   -1.326   -0.607   -1.016    2.117
 194     4250  3.00   -0.617   -3.745   -2.346   -1.300   -0.595   -0.995    2.142
 195     4250  3.50   -0.612   -3.737   -2.345   -1.300   -0.588   -0.993    2.148
 196     4250  4.00   -0.607   -3.759   -2.356   -1.307   -0.581   -0.995    2.148
 197     4250  4.50   -0.603   -3.787   -2.370   -1.312   -0.574   -0.997    2.150
 198     4250  5.00   -0.603   -3.829   -2.392   -1.312   -0.569   -0.997    2.154
 199     4500  0.00   -0.574   -4.395   -2.552   -1.442   -0.568   -1.070    2.053
 200     4500  0.50   -0.535   -4.107   -2.391   -1.338   -0.527   -0.989    2.136
 201     4500  1.00   -0.505   -3.832   -2.250   -1.252   -0.496   -0.923    2.204
 202     4500  1.50   -0.485   -3.595   -2.141   -1.185   -0.474   -0.873    2.255
 203     4500  2.00   -0.472   -3.414   -2.064   -1.137   -0.460   -0.838    2.292
 204     4500  2.50   -0.465   -3.298   -2.017   -1.105   -0.451   -0.814    2.317
 205     4500  3.00   -0.460   -3.239   -1.996   -1.086   -0.444   -0.799    2.335
 206     4500  3.50   -0.457   -3.227   -1.993   -1.077   -0.439   -0.791    2.346
 207     4500  4.00   -0.455   -3.250   -2.004   -1.081   -0.434   -0.792    2.347
 208     4500  4.50   -0.453   -3.295   -2.024   -1.088   -0.431   -0.796    2.346
 209     4500  5.00   -0.452   -3.346   -2.045   -1.092   -0.427   -0.799    2.345
 210     4750  0.00   -0.390   -3.709   -2.016   -1.111   -0.379   -0.783    2.343
 211     4750  0.50   -0.375   -3.461   -1.912   -1.054   -0.364   -0.741    2.388
 212     4750  1.00   -0.366   -3.237   -1.830   -1.009   -0.354   -0.709    2.422
 213     4750  1.50   -0.360   -3.049   -1.768   -0.974   -0.348   -0.685    2.447
 214     4750  2.00   -0.356   -2.909   -1.728   -0.948   -0.343   -0.668    2.464
 215     4750  2.50   -0.352   -2.822   -1.706   -0.931   -0.339   -0.656    2.477
 216     4750  3.00   -0.349   -2.782   -1.700   -0.919   -0.335   -0.648    2.486
 217     4750  3.50   -0.345   -2.778   -1.705   -0.913   -0.330   -0.643    2.492
 218     4750  4.00   -0.343   -2.797   -1.716   -0.912   -0.326   -0.641    2.496
 219     4750  4.50   -0.340   -2.835   -1.734   -0.916   -0.323   -0.642    2.496
 220     4750  5.00   -0.338   -2.885   -1.754   -0.920   -0.319   -0.644    2.496
 221     5000  0.00   -0.255   -3.234   -1.601   -0.857   -0.242   -0.569    2.556
 222     5000  0.50   -0.256   -3.010   -1.537   -0.830   -0.243   -0.552    2.576
 223     5000  1.00   -0.260   -2.809   -1.490   -0.812   -0.247   -0.541    2.590
 224     5000  1.50   -0.265   -2.640   -1.459   -0.800   -0.252   -0.535    2.597
 225     5000  2.00   -0.269   -2.511   -1.444   -0.794   -0.257   -0.533    2.601
 226     5000  2.50   -0.272   -2.427   -1.440   -0.789   -0.259   -0.531    2.603
 227     5000  3.00   -0.271   -2.387   -1.446   -0.786   -0.258   -0.530    2.605
 228     5000  3.50   -0.268   -2.383   -1.459   -0.784   -0.254   -0.528    2.608
 229     5000  4.00   -0.264   -2.403   -1.476   -0.783   -0.249   -0.526    2.609
 230     5000  4.50   -0.260   -2.435   -1.494   -0.785   -0.244   -0.526    2.610
 231     5000  5.00   -0.256   -2.474   -1.512   -0.787   -0.240   -0.527    2.611
 232     5250  0.00   -0.157   -2.918   -1.280   -0.661   -0.142   -0.407    2.713
 233     5250  0.50   -0.168   -2.719   -1.249   -0.656   -0.154   -0.407    2.715
 234     5250  1.00   -0.180   -2.537   -1.229   -0.656   -0.166   -0.411    2.714
 235     5250  1.50   -0.192   -2.381   -1.221   -0.661   -0.179   -0.419    2.710
 236     5250  2.00   -0.205   -2.254   -1.222   -0.669   -0.191   -0.428    2.703
 237     5250  2.50   -0.214   -2.159   -1.231   -0.676   -0.201   -0.436    2.696
 238     5250  3.00   -0.220   -2.100   -1.245   -0.682   -0.206   -0.442    2.692
 239     5250  3.50   -0.219   -2.079   -1.262   -0.685   -0.206   -0.444    2.691
 240     5250  4.00   -0.215   -2.086   -1.281   -0.686   -0.201   -0.443    2.692
 241     5250  4.50   -0.209   -2.110   -1.300   -0.688   -0.194   -0.443    2.692
 242     5250  5.00   -0.203   -2.142   -1.319   -0.689   -0.188   -0.442    2.693
 243     5500  0.00   -0.083   -2.711   -1.025   -0.505   -0.068   -0.281    2.831
 244     5500  0.50   -0.099   -2.535   -1.019   -0.515   -0.085   -0.293    2.822
 245     5500  1.00   -0.116   -2.370   -1.021   -0.528   -0.102   -0.308    2.810
 246     5500  1.50   -0.134   -2.223   -1.031   -0.545   -0.120   -0.324    2.797
 247     5500  2.00   -0.152   -2.099   -1.046   -0.563   -0.138   -0.342    2.782
 248     5500  2.50   -0.168   -1.997   -1.066   -0.581   -0.154   -0.359    2.768
 249     5500  3.00   -0.180   -1.921   -1.087   -0.596   -0.166   -0.372    2.756
 250     5500  3.50   -0.186   -1.872   -1.108   -0.607   -0.172   -0.380    2.750
 251     5500  4.00   -0.185   -1.855   -1.127   -0.612   -0.171   -0.383    2.748
 252     5500  4.50   -0.179   -1.862   -1.147   -0.614   -0.165   -0.383    2.749
 253     5500  5.00   -0.172   -1.882   -1.165   -0.615   -0.157   -0.382    2.751
 254     5750  0.00   -0.026   -2.580   -0.814   -0.377   -0.011   -0.180    2.923
 255     5750  0.50   -0.045   -2.425   -0.828   -0.397   -0.030   -0.201    2.905
 256     5750  1.00   -0.065   -2.273   -0.847   -0.419   -0.050   -0.222    2.886
 257     5750  1.50   -0.085   -2.132   -0.871   -0.444   -0.071   -0.245    2.866
 258     5750  2.00   -0.107   -2.009   -0.899   -0.470   -0.093   -0.269    2.845
 259     5750  2.50   -0.127   -1.903   -0.929   -0.497   -0.113   -0.292    2.825
 260     5750  3.00   -0.145   -1.815   -0.959   -0.520   -0.131   -0.313    2.807
 261     5750  3.50   -0.158   -1.747   -0.986   -0.539   -0.144   -0.329    2.794
 262     5750  4.00   -0.164   -1.704   -1.009   -0.551   -0.149   -0.338    2.787
 263     5750  4.50   -0.162   -1.687   -1.028   -0.557   -0.147   -0.340    2.787
 264     5750  5.00   -0.156   -1.690   -1.046   -0.559   -0.141   -0.339    2.789
 265     6000  0.00    0.018   -2.497   -0.632   -0.270    0.033   -0.098    2.996
 266     6000  0.50   -0.001   -2.364   -0.665   -0.296    0.014   -0.122    2.972
 267     6000  1.00   -0.021   -2.224   -0.696   -0.324   -0.006   -0.148    2.948
 268     6000  1.50   -0.043   -2.089   -0.732   -0.354   -0.029   -0.176    2.922
 269     6000  2.00   -0.067   -1.965   -0.770   -0.386   -0.053   -0.205    2.896
 270     6000  2.50   -0.091   -1.855   -0.810   -0.419   -0.077   -0.234    2.871
 271     6000  3.00   -0.114   -1.758   -0.849   -0.450   -0.100   -0.261    2.847
 272     6000  3.50   -0.133   -1.677   -0.884   -0.477   -0.119   -0.284    2.828
 273     6000  4.00   -0.146   -1.614   -0.913   -0.497   -0.131   -0.300    2.815
 274     6000  4.50   -0.150   -1.573   -0.936   -0.509   -0.135   -0.307    2.810
 275     6000  5.00   -0.147   -1.555   -0.954   -0.515   -0.132   -0.309    2.811
 276     6250  0.50    0.034   -2.330   -0.518   -0.207    0.049   -0.057    3.026
 277     6250  1.00    0.015   -2.203   -0.564   -0.238    0.030   -0.084    2.998
 278     6250  1.50   -0.007   -2.074   -0.608   -0.272    0.008   -0.115    2.968
 279     6250  2.00   -0.032   -1.951   -0.655   -0.309   -0.017   -0.148    2.938
 280     6250  2.50   -0.059   -1.837   -0.702   -0.347   -0.044   -0.181    2.908
 281     6250  3.00   -0.085   -1.734   -0.749   -0.384   -0.070   -0.214    2.879
 282     6250  3.50   -0.109   -1.643   -0.793   -0.418   -0.094   -0.243    2.855
 283     6250  4.00   -0.128   -1.565   -0.830   -0.446   -0.113   -0.265    2.836
 284     6250  4.50   -0.139   -1.504   -0.859   -0.466   -0.124   -0.280    2.825
 285     6250  5.00   -0.142   -1.466   -0.881   -0.478   -0.127   -0.287    2.822
 286     6500  0.50    0.056   -2.311   -0.378   -0.130    0.070   -0.003    3.067
 287     6500  1.00    0.043   -2.197   -0.441   -0.163    0.058   -0.030    3.038
 288     6500  1.50    0.023   -2.076   -0.496   -0.199    0.038   -0.062    3.005
 289     6500  2.00   -0.001   -1.955   -0.550   -0.238    0.014   -0.097    2.971
 290     6500  2.50   -0.029   -1.839   -0.604   -0.279   -0.014   -0.134    2.937
 291     6500  3.00   -0.058   -1.730   -0.658   -0.321   -0.043   -0.171    2.905
 292     6500  3.50   -0.086   -1.632   -0.709   -0.361   -0.071   -0.205    2.875
 293     6500  4.00   -0.110   -1.543   -0.755   -0.397   -0.095   -0.234    2.850
 294     6500  4.50   -0.129   -1.468   -0.792   -0.425   -0.113   -0.257    2.833
 295     6500  5.00   -0.138   -1.412   -0.819   -0.444   -0.123   -0.270    2.825
 296     6750  0.50    0.073   -2.288   -0.275   -0.068    0.087    0.042    3.105
 297     6750  1.00    0.060   -2.196   -0.320   -0.095    0.074    0.013    3.067
 298     6750  1.50    0.046   -2.084   -0.390   -0.132    0.061   -0.017    3.034
 299     6750  2.00    0.024   -1.968   -0.454   -0.173    0.039   -0.053    2.998
 300     6750  2.50   -0.003   -1.853   -0.514   -0.216    0.012   -0.092    2.960
 301     6750  3.00   -0.033   -1.741   -0.574   -0.261   -0.018   -0.132    2.923
 302     6750  3.50   -0.064   -1.637   -0.632   -0.306   -0.048   -0.170    2.889
 303     6750  4.00   -0.093   -1.541   -0.685   -0.348   -0.077   -0.206    2.860
 304     6750  4.50   -0.117   -1.455   -0.730   -0.384   -0.101   -0.235    2.837
 305     6750  5.00   -0.134   -1.383   -0.765   -0.411   -0.118   -0.255    2.822
 306     7000  0.50    0.085   -2.251   -0.206   -0.026    0.099    0.076    3.139
 307     7000  1.00    0.072   -2.184   -0.233   -0.044    0.086    0.049    3.095
 308     7000  1.50    0.059   -2.090   -0.286   -0.074    0.073    0.018    3.054
 309     7000  2.00    0.043   -1.982   -0.362   -0.114    0.058   -0.015    3.017
 310     7000  2.50    0.019   -1.871   -0.431   -0.159    0.034   -0.055    2.977
 311     7000  3.00   -0.011   -1.760   -0.496   -0.206    0.004   -0.097    2.937
 312     7000  3.50   -0.043   -1.653   -0.559   -0.254   -0.028   -0.139    2.898
 313     7000  4.00   -0.076   -1.551   -0.619   -0.301   -0.060   -0.179    2.864
 314     7000  4.50   -0.105   -1.456   -0.672   -0.343   -0.089   -0.214    2.836
 315     7000  5.00   -0.128   -1.374   -0.716   -0.378   -0.112   -0.242    2.815
 316     7250  0.50    0.088   -2.191   -0.170   -0.004    0.102    0.097    3.167
 317     7250  1.00    0.078   -2.157   -0.175   -0.011    0.092    0.075    3.120
 318     7250  1.50    0.066   -2.085   -0.212   -0.031    0.080    0.047    3.072
 319     7250  2.00    0.051   -1.991   -0.272   -0.064    0.066    0.013    3.027
 320     7250  2.50    0.033   -1.887   -0.352   -0.107    0.049   -0.024    2.988
 321     7250  3.00    0.006   -1.780   -0.424   -0.155    0.022   -0.067    2.945
 322     7250  3.50   -0.025   -1.673   -0.493   -0.205   -0.010   -0.112    2.903
 323     7250  4.00   -0.059   -1.569   -0.558   -0.255   -0.043   -0.155    2.864
 324     7250  4.50   -0.092   -1.469   -0.618   -0.303   -0.076   -0.196    2.831
 325     7250  5.00   -0.121   -1.378   -0.669   -0.345   -0.105   -0.230    2.804
 326     7500  0.50    0.081   -2.091   -0.191   -0.014    0.096    0.098    3.185
 327     7500  1.00    0.074   -2.112   -0.144    0.004    0.087    0.088    3.139
 328     7500  1.50    0.066   -2.064   -0.165   -0.007    0.079    0.064    3.088
 329     7500  2.00    0.053   -1.988   -0.209   -0.029    0.067    0.033    3.037
 330     7500  2.50    0.038   -1.897   -0.275   -0.064    0.052   -0.003    2.990
 331     7500  3.00    0.018   -1.797   -0.357   -0.110    0.033   -0.043    2.947
 332     7500  3.50   -0.011   -1.694   -0.431   -0.160    0.005   -0.088    2.903
 333     7500  4.00   -0.045   -1.590   -0.501   -0.212   -0.029   -0.135    2.860
 334     7500  4.50   -0.080   -1.488   -0.567   -0.264   -0.064   -0.179    2.823
 335     7500  5.00   -0.113   -1.392   -0.626   -0.312   -0.097   -0.219    2.791
 336     7750  1.00    0.059   -2.044   -0.144   -0.002    0.072    0.086    3.150
 337     7750  1.50    0.055   -2.027   -0.141    0.000    0.068    0.070    3.099
 338     7750  2.00    0.047   -1.972   -0.173   -0.013    0.060    0.043    3.044
 339     7750  2.50    0.034   -1.896   -0.223   -0.038    0.048    0.009    2.989
 340     7750  3.00    0.018   -1.808   -0.293   -0.074    0.033   -0.030    2.941
 341     7750  3.50   -0.004   -1.711   -0.375   -0.121    0.012   -0.071    2.898
 342     7750  4.00   -0.035   -1.610   -0.450   -0.174   -0.018   -0.118    2.853
 343     7750  4.50   -0.070   -1.510   -0.521   -0.227   -0.053   -0.165    2.811
 344     7750  5.00   -0.106   -1.411   -0.586   -0.279   -0.089   -0.210    2.774
 345     8000  1.00    0.030   -1.946   -0.182   -0.037    0.044    0.064    3.147
 346     8000  1.50    0.033   -1.976   -0.140   -0.010    0.046    0.062    3.102
 347     8000  2.00    0.030   -1.944   -0.156   -0.014    0.043    0.041    3.046
 348     8000  2.50    0.021   -1.885   -0.196   -0.030    0.035    0.011    2.989
 349     8000  3.00    0.008   -1.810   -0.251   -0.055    0.022   -0.026    2.932
 350     8000  3.50   -0.008   -1.723   -0.324   -0.093    0.008   -0.064    2.885
 351     8000  4.00   -0.030   -1.628   -0.404   -0.141   -0.014   -0.107    2.840
 352     8000  4.50   -0.063   -1.531   -0.479   -0.194   -0.046   -0.155    2.796
 353     8000  5.00   -0.099   -1.433   -0.549   -0.249   -0.082   -0.203    2.755
 354     8250  1.00   -0.020   -1.819   -0.257   -0.102   -0.005    0.013    3.117
 355     8250  1.50    0.001   -1.908   -0.162   -0.038    0.014    0.041    3.098
 356     8250  2.00    0.002   -1.903   -0.158   -0.030    0.015    0.027    3.044
 357     8250  2.50   -0.002   -1.863   -0.187   -0.037    0.012    0.002    2.984
 358     8250  3.00   -0.010   -1.803   -0.232   -0.055    0.004   -0.031    2.923
 359     8250  3.50   -0.023   -1.729   -0.291   -0.081   -0.009   -0.069    2.866
 360     8250  4.00   -0.038   -1.643   -0.366   -0.119   -0.022   -0.107    2.821
 361     8250  4.50   -0.062   -1.549   -0.442   -0.168   -0.045   -0.150    2.777
 362     8250  5.00   -0.096   -1.454   -0.516   -0.222   -0.079   -0.199    2.734
 363     8500  1.50   -0.041   -1.828   -0.204   -0.083   -0.028    0.005    3.080
 364     8500  2.00   -0.033   -1.852   -0.178   -0.059   -0.021    0.003    3.035
 365     8500  2.50   -0.033   -1.832   -0.193   -0.058   -0.020   -0.016    2.974
 366     8500  3.00   -0.037   -1.788   -0.230   -0.068   -0.024   -0.045    2.910
 367     8500  3.50   -0.046   -1.727   -0.280   -0.086   -0.032   -0.080    2.849
 368     8500  4.00   -0.059   -1.654   -0.342   -0.114   -0.044   -0.119    2.795
 369     8500  4.50   -0.072   -1.566   -0.415   -0.152   -0.055   -0.155    2.753
 370     8500  5.00   -0.098   -1.474   -0.489   -0.200   -0.080   -0.200    2.710
 371     8750  1.50   -0.093   -1.749   -0.258   -0.138   -0.080   -0.042    3.049
 372     8750  2.00   -0.077   -1.797   -0.210   -0.099   -0.064   -0.030    3.018
 373     8750  2.50   -0.072   -1.796   -0.212   -0.089   -0.060   -0.043    2.961
 374     8750  3.00   -0.073   -1.767   -0.238   -0.092   -0.060   -0.067    2.896
 375     8750  3.50   -0.078   -1.720   -0.281   -0.104   -0.064   -0.099    2.830
 376     8750  4.00   -0.086   -1.658   -0.336   -0.123   -0.071   -0.136    2.770
 377     8750  4.50   -0.096   -1.582   -0.402   -0.152   -0.081   -0.174    2.720
 378     8750  5.00   -0.109   -1.493   -0.471   -0.189   -0.092   -0.210    2.681
 379     9000  1.50   -0.150   -1.677   -0.315   -0.197   -0.136   -0.096    3.006
 380     9000  2.00   -0.126   -1.745   -0.252   -0.147   -0.113   -0.072    2.991
 381     9000  2.50   -0.118   -1.758   -0.242   -0.130   -0.105   -0.078    2.942
 382     9000  3.00   -0.115   -1.743   -0.259   -0.126   -0.102   -0.097    2.878
 383     9000  3.50   -0.116   -1.708   -0.294   -0.131   -0.102   -0.125    2.809
 384     9000  4.00   -0.120   -1.658   -0.342   -0.144   -0.106   -0.159    2.743
 385     9000  4.50   -0.129   -1.594   -0.402   -0.165   -0.113   -0.198    2.687
 386     9000  5.00   -0.135   -1.513   -0.466   -0.193   -0.118   -0.232    2.645
 387     9250  2.00   -0.179   -1.700   -0.300   -0.199   -0.166   -0.119    2.955
 388     9250  2.50   -0.167   -1.724   -0.280   -0.176   -0.155   -0.118    2.914
 389     9250  3.00   -0.162   -1.719   -0.289   -0.167   -0.149   -0.133    2.854
 390     9250  3.50   -0.160   -1.694   -0.316   -0.167   -0.146   -0.157    2.786
 391     9250  4.00   -0.161   -1.655   -0.357   -0.174   -0.147   -0.188    2.718
 392     9250  4.50   -0.165   -1.601   -0.410   -0.188   -0.150   -0.225    2.656
 393     9250  5.00   -0.172   -1.533   -0.472   -0.210   -0.155   -0.263    2.606
 394     9500  2.00   -0.233   -1.660   -0.349   -0.252   -0.220   -0.168    2.915
 395     9500  2.50   -0.220   -1.695   -0.323   -0.225   -0.207   -0.163    2.882
 396     9500  3.00   -0.213   -1.699   -0.325   -0.214   -0.200   -0.174    2.828
 397     9500  3.50   -0.209   -1.682   -0.346   -0.210   -0.196   -0.194    2.762
 398     9500  4.00   -0.206   -1.650   -0.380   -0.211   -0.192   -0.221    2.692
 399     9500  4.50   -0.207   -1.605   -0.427   -0.219   -0.192   -0.256    2.625
 400     9500  5.00   -0.211   -1.547   -0.486   -0.235   -0.195   -0.294    2.568
 401     9750  2.00   -0.287   -1.627   -0.398   -0.304   -0.275   -0.218    2.871
 402     9750  2.50   -0.273   -1.670   -0.368   -0.276   -0.261   -0.211    2.844
 403     9750  3.00   -0.265   -1.682   -0.366   -0.262   -0.253   -0.218    2.796
 404     9750  3.50   -0.260   -1.672   -0.381   -0.256   -0.247   -0.235    2.733
 405     9750  4.00   -0.255   -1.646   -0.410   -0.254   -0.242   -0.259    2.662
 406     9750  4.50   -0.253   -1.608   -0.452   -0.257   -0.238   -0.291    2.593
 407     9750  5.00   -0.253   -1.558   -0.505   -0.267   -0.237   -0.328    2.532
 408    10000  2.00   -0.341   -1.598   -0.447   -0.357   -0.329   -0.269    2.826
 409    10000  2.50   -0.327   -1.649   -0.415   -0.327   -0.315   -0.259    2.803
 410    10000  3.00   -0.319   -1.667   -0.409   -0.313   -0.307   -0.264    2.760
 411    10000  3.50   -0.313   -1.664   -0.420   -0.304   -0.300   -0.279    2.700
 412    10000  4.00   -0.307   -1.644   -0.445   -0.300   -0.294   -0.301    2.631
 413    10000  4.50   -0.302   -1.612   -0.481   -0.299   -0.288   -0.329    2.561
 414    10000  5.00   -0.300   -1.568   -0.529   -0.304   -0.284   -0.364    2.497
 415    10250  2.00   -0.394   -1.575   -0.495   -0.408   -0.382   -0.319    2.780
 416    10250  2.50   -0.380   -1.631   -0.462   -0.379   -0.368   -0.308    2.760
 417    10250  3.00   -0.372   -1.655   -0.454   -0.363   -0.360   -0.312    2.721
 418    10250  3.50   -0.366   -1.658   -0.462   -0.354   -0.354   -0.325    2.665
 419    10250  4.00   -0.360   -1.644   -0.483   -0.348   -0.347   -0.344    2.599
 420    10250  4.50   -0.354   -1.616   -0.515   -0.345   -0.340   -0.370    2.529
 421    10250  5.00   -0.349   -1.577   -0.557   -0.346   -0.334   -0.402    2.463
 422    10500  2.00   -0.447   -1.556   -0.543   -0.459   -0.435   -0.369    2.734
 423    10500  2.50   -0.433   -1.617   -0.509   -0.429   -0.421   -0.358    2.716
 424    10500  3.00   -0.426   -1.646   -0.500   -0.414   -0.414   -0.360    2.680
 425    10500  3.50   -0.420   -1.654   -0.506   -0.405   -0.408   -0.372    2.628
 426    10500  4.00   -0.414   -1.645   -0.523   -0.398   -0.401   -0.389    2.565
 427    10500  4.50   -0.407   -1.622   -0.551   -0.393   -0.394   -0.413    2.495
 428    10500  5.00   -0.400   -1.587   -0.590   -0.391   -0.385   -0.443    2.427
 429    10750  2.00   -0.500   -1.542   -0.590   -0.509   -0.487   -0.418    2.688
 430    10750  2.50   -0.486   -1.605   -0.556   -0.480   -0.474   -0.407    2.672
 431    10750  3.00   -0.479   -1.638   -0.546   -0.465   -0.467   -0.409    2.637
 432    10750  3.50   -0.473   -1.651   -0.551   -0.455   -0.461   -0.419    2.589
 433    10750  4.00   -0.467   -1.647   -0.566   -0.448   -0.455   -0.435    2.530
 434    10750  4.50   -0.461   -1.629   -0.590   -0.442   -0.447   -0.457    2.461
 435    10750  5.00   -0.453   -1.598   -0.625   -0.438   -0.438   -0.485    2.392
 436    11000  2.00   -0.551   -1.531   -0.636   -0.558   -0.539   -0.467    2.643
 437    11000  2.50   -0.538   -1.597   -0.602   -0.529   -0.526   -0.455    2.627
 438    11000  3.00   -0.531   -1.633   -0.592   -0.515   -0.520   -0.458    2.594
 439    11000  3.50   -0.526   -1.649   -0.596   -0.505   -0.515   -0.467    2.549
 440    11000  4.00   -0.521   -1.649   -0.609   -0.498   -0.508   -0.482    2.492
 441    11000  4.50   -0.514   -1.636   -0.631   -0.492   -0.501   -0.502    2.426
 442    11000  5.00   -0.506   -1.609   -0.663   -0.486   -0.492   -0.529    2.357
 443    11250  2.00   -0.602   -1.525   -0.682   -0.607   -0.590   -0.515    2.597
 444    11250  2.50   -0.589   -1.592   -0.648   -0.578   -0.577   -0.503    2.582
 445    11250  3.00   -0.583   -1.631   -0.638   -0.564   -0.572   -0.506    2.550
 446    11250  3.50   -0.579   -1.650   -0.641   -0.555   -0.567   -0.515    2.507
 447    11250  4.00   -0.574   -1.653   -0.653   -0.548   -0.561   -0.529    2.453
 448    11250  4.50   -0.567   -1.643   -0.673   -0.542   -0.554   -0.548    2.390
 449    11250  5.00   -0.559   -1.621   -0.702   -0.535   -0.545   -0.573    2.321
 450    11500  2.00   -0.653   -1.521   -0.728   -0.656   -0.641   -0.563    2.552
 451    11500  2.50   -0.640   -1.590   -0.693   -0.627   -0.628   -0.551    2.538
 452    11500  3.00   -0.634   -1.631   -0.683   -0.613   -0.623   -0.554    2.507
 453    11500  3.50   -0.631   -1.652   -0.686   -0.605   -0.619   -0.562    2.465
 454    11500  4.00   -0.626   -1.657   -0.697   -0.598   -0.614   -0.576    2.414
 455    11500  4.50   -0.620   -1.651   -0.716   -0.591   -0.607   -0.594    2.353
 456    11500  5.00   -0.612   -1.632   -0.742   -0.585   -0.598   -0.617    2.286
 457    11750  2.00   -0.703   -1.520   -0.773   -0.704   -0.691   -0.611    2.507
 458    11750  2.50   -0.690   -1.591   -0.738   -0.674   -0.678   -0.598    2.494
 459    11750  3.00   -0.685   -1.633   -0.728   -0.661   -0.674   -0.601    2.463
 460    11750  3.50   -0.682   -1.655   -0.731   -0.653   -0.670   -0.610    2.422
 461    11750  4.00   -0.678   -1.663   -0.741   -0.647   -0.666   -0.623    2.373
 462    11750  4.50   -0.672   -1.660   -0.759   -0.641   -0.660   -0.640    2.315
 463    11750  5.00   -0.664   -1.644   -0.783   -0.634   -0.651   -0.662    2.250
 464    12000  2.50   -0.739   -1.594   -0.782   -0.722   -0.728   -0.645    2.450
 465    12000  3.00   -0.735   -1.636   -0.772   -0.709   -0.724   -0.648    2.419
 466    12000  3.50   -0.732   -1.661   -0.775   -0.702   -0.721   -0.657    2.379
 467    12000  4.00   -0.728   -1.671   -0.785   -0.695   -0.717   -0.669    2.332
 468    12000  4.50   -0.723   -1.669   -0.802   -0.690   -0.711   -0.686    2.276
 469    12000  5.00   -0.716   -1.657   -0.824   -0.682   -0.703   -0.706    2.214
 470    12250  2.50   -0.788   -1.598   -0.825   -0.768   -0.777   -0.691    2.406
 471    12250  3.00   -0.785   -1.642   -0.816   -0.756   -0.773   -0.694    2.376
 472    12250  3.50   -0.782   -1.668   -0.819   -0.749   -0.771   -0.703    2.337
 473    12250  4.00   -0.779   -1.679   -0.829   -0.743   -0.767   -0.716    2.291
 474    12250  4.50   -0.774   -1.679   -0.845   -0.738   -0.762   -0.732    2.237
 475    12250  5.00   -0.767   -1.669   -0.866   -0.731   -0.754   -0.751    2.177
 476    12500  2.50   -0.836   -1.605   -0.869   -0.814   -0.825   -0.737    2.363
 477    12500  3.00   -0.833   -1.650   -0.860   -0.802   -0.822   -0.740    2.333
 478    12500  3.50   -0.831   -1.676   -0.863   -0.796   -0.820   -0.749    2.294
 479    12500  4.00   -0.828   -1.688   -0.872   -0.791   -0.817   -0.762    2.249
 480    12500  4.50   -0.824   -1.690   -0.888   -0.785   -0.812   -0.777    2.197
 481    12500  5.00   -0.817   -1.682   -0.908   -0.778   -0.804   -0.796    2.139
 482    12750  2.50   -0.884   -1.613   -0.911   -0.859   -0.873   -0.782    2.320
 483    12750  3.00   -0.881   -1.659   -0.902   -0.848   -0.870   -0.786    2.291
 484    12750  3.50   -0.880   -1.686   -0.906   -0.842   -0.869   -0.795    2.252
 485    12750  4.00   -0.877   -1.699   -0.915   -0.837   -0.866   -0.807    2.208
 486    12750  4.50   -0.873   -1.702   -0.931   -0.832   -0.861   -0.822    2.157
 487    12750  5.00   -0.867   -1.695   -0.950   -0.826   -0.854   -0.840    2.101
 488    13000  2.50   -0.931   -1.622   -0.953   -0.904   -0.920   -0.826    2.278
 489    13000  3.00   -0.929   -1.669   -0.945   -0.893   -0.918   -0.830    2.248
 490    13000  3.50   -0.928   -1.697   -0.948   -0.888   -0.917   -0.840    2.211
 491    13000  4.00   -0.926   -1.711   -0.958   -0.883   -0.914   -0.852    2.167
 492    13000  4.50   -0.922   -1.714   -0.973   -0.879   -0.910   -0.867    2.117
 493    13000  5.00   -0.916   -1.709   -0.991   -0.872   -0.903   -0.885    2.063
 494    14000  2.00   -1.122   -1.578   -1.156   -1.107   -1.111   -1.011    2.124
 495    14000  2.50   -1.111   -1.667   -1.115   -1.076   -1.100   -0.997    2.115
 496    14000  3.00   -1.111   -1.719   -1.108   -1.067   -1.101   -1.003    2.085
 497    14000  3.50   -1.112   -1.750   -1.113   -1.064   -1.102   -1.014    2.048
 498    14000  4.00   -1.112   -1.766   -1.123   -1.061   -1.101   -1.027    2.006
 499    14000  4.50   -1.109   -1.772   -1.137   -1.058   -1.098   -1.041    1.959
 500    14000  5.00   -1.104   -1.769   -1.154   -1.052   -1.092   -1.057    1.910
 501    15000  2.50   -1.279   -1.719   -1.267   -1.237   -1.269   -1.158    1.961
 502    15000  3.00   -1.283   -1.778   -1.262   -1.231   -1.272   -1.166    1.930
 503    15000  3.50   -1.286   -1.812   -1.268   -1.230   -1.276   -1.178    1.892
 504    15000  4.00   -1.287   -1.830   -1.279   -1.229   -1.276   -1.192    1.851
 505    15000  4.50   -1.286   -1.838   -1.294   -1.226   -1.275   -1.207    1.807
 506    15000  5.00   -1.282   -1.837   -1.310   -1.222   -1.270   -1.222    1.760
 507    16000  2.50   -1.438   -1.771   -1.411   -1.389   -1.427   -1.309    1.816
 508    16000  3.00   -1.443   -1.839   -1.406   -1.385   -1.433   -1.319    1.784
 509    16000  3.50   -1.449   -1.878   -1.415   -1.386   -1.439   -1.333    1.746
 510    16000  4.00   -1.452   -1.899   -1.427   -1.387   -1.442   -1.348    1.705
 511    16000  4.50   -1.452   -1.908   -1.442   -1.385   -1.441   -1.363    1.661
 512    16000  5.00   -1.449   -1.909   -1.458   -1.382   -1.438   -1.378    1.616
 513    17000  2.50   -1.586   -1.824   -1.547   -1.532   -1.576   -1.451    1.679
 514    17000  3.00   -1.594   -1.899   -1.542   -1.529   -1.584   -1.462    1.647
 515    17000  3.50   -1.603   -1.945   -1.552   -1.533   -1.593   -1.479    1.607
 516    17000  4.00   -1.608   -1.970   -1.566   -1.535   -1.597   -1.495    1.566
 517    17000  4.50   -1.609   -1.981   -1.581   -1.535   -1.598   -1.511    1.523
 518    17000  5.00   -1.607   -1.983   -1.598   -1.533   -1.596   -1.526    1.479
 519    18000  2.50   -1.726   -1.877   -1.676   -1.667   -1.716   -1.585    1.550
 520    18000  3.00   -1.735   -1.959   -1.671   -1.665   -1.726   -1.597    1.517
 521    18000  3.50   -1.747   -2.010   -1.682   -1.671   -1.737   -1.616    1.477
 522    18000  4.00   -1.754   -2.039   -1.697   -1.675   -1.744   -1.634    1.435
 523    18000  4.50   -1.756   -2.053   -1.714   -1.677   -1.746   -1.650    1.393
 524    18000  5.00   -1.755   -2.056   -1.731   -1.675   -1.745   -1.666    1.349
 525    19000  2.50   -1.858   -1.930   -1.799   -1.795   -1.848   -1.712    1.427
 526    19000  3.00   -1.869   -2.018   -1.792   -1.793   -1.859   -1.725    1.395
 527    19000  3.50   -1.882   -2.073   -1.805   -1.801   -1.872   -1.745    1.354
 528    19000  4.00   -1.891   -2.106   -1.821   -1.807   -1.881   -1.764    1.312
 529    19000  4.50   -1.896   -2.123   -1.838   -1.810   -1.885   -1.782    1.270
 530    19000  5.00   -1.896   -2.129   -1.856   -1.810   -1.885   -1.798    1.227
 531    20000  3.00   -1.995   -2.076   -1.907   -1.914   -1.985   -1.845    1.279
 532    20000  3.50   -2.010   -2.135   -1.921   -1.924   -2.001   -1.867    1.237
 533    20000  4.00   -2.021   -2.171   -1.939   -1.932   -2.011   -1.888    1.195
 534    20000  4.50   -2.027   -2.192   -1.956   -1.937   -2.017   -1.906    1.153
 535    20000  5.00   -2.028   -2.200   -1.974   -1.937   -2.018   -1.923    1.111
 536    21000  3.00   -2.113   -2.134   -2.015   -2.028   -2.104   -1.959    1.169
 537    21000  3.50   -2.131   -2.197   -2.031   -2.041   -2.122   -1.983    1.127
 538    21000  4.00   -2.144   -2.236   -2.050   -2.050   -2.135   -2.005    1.084
 539    21000  4.50   -2.151   -2.258   -2.068   -2.056   -2.141   -2.024    1.042
 540    21000  5.00   -2.154   -2.268   -2.087   -2.058   -2.143   -2.041    1.001
 541    22000  3.00   -2.225   -2.190   -2.117   -2.136   -2.215   -2.065    1.066
 542    22000  3.50   -2.246   -2.258   -2.135   -2.151   -2.237   -2.092    1.021
 543    22000  4.00   -2.261   -2.299   -2.155   -2.163   -2.252   -2.116    0.978
 544    22000  4.50   -2.269   -2.323   -2.175   -2.170   -2.260   -2.136    0.937
 545    22000  5.00   -2.273   -2.335   -2.193   -2.172   -2.262   -2.154    0.896
 546    23000  3.00   -2.328   -2.242   -2.211   -2.235   -2.319   -2.164    0.971
 547    23000  3.50   -2.354   -2.317   -2.233   -2.255   -2.346   -2.196    0.921
 548    23000  4.00   -2.371   -2.361   -2.256   -2.269   -2.362   -2.221    0.877
 549    23000  4.50   -2.381   -2.387   -2.276   -2.278   -2.372   -2.242    0.836
 550    23000  5.00   -2.386   -2.399   -2.294   -2.281   -2.376   -2.260    0.796
 551    24000  3.00   -2.423   -2.287   -2.297   -2.326   -2.414   -2.255    0.884
 552    24000  3.50   -2.456   -2.373   -2.325   -2.353   -2.448   -2.293    0.828
 553    24000  4.00   -2.476   -2.421   -2.350   -2.370   -2.467   -2.321    0.782
 554    24000  4.50   -2.488   -2.449   -2.372   -2.380   -2.479   -2.343    0.740
 555    24000  5.00   -2.493   -2.463   -2.391   -2.384   -2.483   -2.362    0.701
 556    25000  3.00   -2.506   -2.320   -2.372   -2.406   -2.497   -2.333    0.809
 557    25000  3.50   -2.551   -2.425   -2.411   -2.444   -2.543   -2.383    0.741
 558    25000  4.00   -2.575   -2.478   -2.439   -2.464   -2.566   -2.415    0.691
 559    25000  4.50   -2.589   -2.508   -2.462   -2.477   -2.580   -2.439    0.649
 560    25000  5.00   -2.595   -2.524   -2.482   -2.482   -2.585   -2.458    0.609
 561    26000  3.00   -2.573   -2.336   -2.436   -2.473   -2.564   -2.398    0.749
 562    26000  3.50   -2.638   -2.471   -2.489   -2.527   -2.630   -2.466    0.661
 563    26000  4.00   -2.667   -2.532   -2.522   -2.553   -2.659   -2.503    0.607
 564    26000  4.50   -2.684   -2.565   -2.547   -2.568   -2.675   -2.529    0.563
 565    26000  5.00   -2.691   -2.582   -2.568   -2.575   -2.682   -2.549    0.523
 566    27000  3.50   -2.716   -2.508   -2.558   -2.602   -2.708   -2.540    0.591
 567    27000  4.00   -2.753   -2.580   -2.599   -2.636   -2.745   -2.585    0.529
 568    27000  4.50   -2.773   -2.618   -2.627   -2.653   -2.764   -2.613    0.482
 569    27000  5.00   -2.782   -2.637   -2.649   -2.662   -2.773   -2.635    0.442
 570    28000  3.50   -2.784   -2.536   -2.619   -2.667   -2.776   -2.603    0.531
 571    28000  4.00   -2.832   -2.623   -2.669   -2.711   -2.824   -2.659    0.458
 572    28000  4.50   -2.855   -2.666   -2.701   -2.733   -2.847   -2.692    0.408
 573    28000  5.00   -2.867   -2.687   -2.724   -2.744   -2.858   -2.714    0.366
 574    29000  3.50   -2.844   -2.557   -2.674   -2.726   -2.836   -2.660    0.479
 575    29000  4.00   -2.902   -2.658   -2.731   -2.778   -2.895   -2.725    0.395
 576    29000  4.50   -2.932   -2.708   -2.768   -2.806   -2.924   -2.763    0.340
 577    29000  5.00   -2.946   -2.733   -2.794   -2.819   -2.937   -2.789    0.297
 578    30000  3.50   -2.903   -2.582   -2.731   -2.784   -2.894   -2.716    0.428
 579    30000  4.00   -2.966   -2.687   -2.787   -2.839   -2.958   -2.784    0.340
 580    30000  4.50   -3.001   -2.745   -2.829   -2.872   -2.993   -2.828    0.279
 581    30000  5.00   -3.018   -2.774   -2.857   -2.889   -3.010   -2.856    0.233
 582    31000  3.50   -2.965   -2.617   -2.793   -2.848   -2.956   -2.776    0.372
 583    31000  4.00   -3.025   -2.713   -2.840   -2.897   -3.017   -2.839    0.290
 584    31000  4.50   -3.064   -2.777   -2.885   -2.933   -3.057   -2.887    0.224
 585    31000  5.00   -3.085   -2.810   -2.916   -2.953   -3.077   -2.918    0.176
 586    32000  4.00   -3.082   -2.742   -2.893   -2.953   -3.074   -2.893    0.241
 587    32000  4.50   -3.124   -2.807   -2.937   -2.990   -3.116   -2.942    0.174
 588    32000  5.00   -3.147   -2.844   -2.970   -3.013   -3.140   -2.976    0.123
 589    33000  4.00   -3.143   -2.779   -2.951   -3.013   -3.134   -2.950    0.187
 590    33000  4.50   -3.181   -2.836   -2.988   -3.046   -3.173   -2.995    0.126
 591    33000  5.00   -3.206   -2.875   -3.021   -3.069   -3.198   -3.030    0.074
 592    34000  4.00   -3.209   -2.826   -3.015   -3.079   -3.200   -3.014    0.128
 593    34000  4.50   -3.239   -2.872   -3.042   -3.103   -3.231   -3.050    0.075
 594    34000  5.00   -3.264   -2.908   -3.072   -3.125   -3.256   -3.083    0.026
 595    35000  4.00   -3.280   -2.882   -3.085   -3.150   -3.270   -3.082    0.063
 596    35000  4.50   -3.302   -2.915   -3.101   -3.165   -3.293   -3.109    0.021
 597    35000  5.00   -3.323   -2.946   -3.126   -3.183   -3.314   -3.138   -0.024
 598    36000  4.00   -3.356   -2.946   -3.160   -3.226   -3.345   -3.156   -0.008
 599    36000  4.50   -3.368   -2.965   -3.165   -3.231   -3.358   -3.172   -0.038
 600    36000  5.00   -3.384   -2.990   -3.184   -3.244   -3.376   -3.196   -0.077
 601    37000  4.00   -3.435   -3.016   -3.239   -3.306   -3.424   -3.235   -0.084
 602    37000  4.50   -3.438   -3.023   -3.233   -3.301   -3.428   -3.239   -0.102
 603    37000  5.00   -3.449   -3.039   -3.245   -3.309   -3.440   -3.257   -0.134
 604    38000  4.00   -3.517   -3.090   -3.319   -3.388   -3.506   -3.315   -0.163
 605    38000  4.50   -3.512   -3.087   -3.306   -3.375   -3.501   -3.311   -0.171
 606    38000  5.00   -3.518   -3.095   -3.311   -3.377   -3.508   -3.322   -0.195
 607    39000  4.00   -3.600   -3.166   -3.400   -3.470   -3.588   -3.397   -0.244
 608    39000  4.50   -3.590   -3.156   -3.382   -3.452   -3.578   -3.387   -0.244
 609    39000  5.00   -3.589   -3.157   -3.380   -3.448   -3.579   -3.391   -0.260
 610    40000  4.50   -3.669   -3.228   -3.459   -3.531   -3.657   -3.464   -0.319
 611    40000  5.00   -3.664   -3.223   -3.453   -3.522   -3.653   -3.463   -0.329
 612    41000  4.50   -3.748   -3.301   -3.536   -3.609   -3.736   -3.542   -0.396
 613    41000  5.00   -3.740   -3.292   -3.527   -3.598   -3.728   -3.537   -0.401
 614    42000  4.50   -3.827   -3.374   -3.613   -3.687   -3.814   -3.619   -0.473
 615    42000  5.00   -3.817   -3.363   -3.602   -3.675   -3.805   -3.612   -0.475
 616    43000  4.50   -3.904   -3.446   -3.688   -3.764   -3.892   -3.696   -0.548
 617    43000  5.00   -3.894   -3.435   -3.677   -3.751   -3.882   -3.688   -0.549
 618    44000  4.50   -3.980   -3.517   -3.762   -3.839   -3.968   -3.771   -0.623
 619    44000  5.00   -3.971   -3.506   -3.751   -3.826   -3.958   -3.763   -0.623
 620    45000  4.50   -4.054   -3.587   -3.835   -3.913   -4.042   -3.845   -0.696
 621    45000  5.00   -4.046   -3.576   -3.824   -3.901   -4.033   -3.837   -0.696
 622    46000  4.50   -4.127   -3.655   -3.906   -3.985   -4.115   -3.917   -0.767
 623    46000  5.00   -4.119   -3.645   -3.896   -3.974   -4.107   -3.910   -0.768
 624    47000  4.50   -4.198   -3.722   -3.976   -4.055   -4.186   -3.987   -0.837
 625    47000  5.00   -4.192   -3.713   -3.967   -4.045   -4.179   -3.981   -0.839
 626    48000  4.50   -4.267   -3.787   -4.043   -4.124   -4.256   -4.056   -0.905
 627    48000  5.00   -4.262   -3.780   -4.036   -4.115   -4.250   -4.051   -0.908
 628    49000  4.50   -4.335   -3.851   -4.110   -4.191   -4.324   -4.123   -0.972
 629    49000  5.00   -4.331   -3.845   -4.103   -4.184   -4.319   -4.119   -0.976
 630    50000  5.00   -4.399   -3.909   -4.169   -4.251   -4.387   -4.186   -1.043
 631    56101  5.00   -4.493   -3.991   -4.276   -4.359   -4.487   -4.283   -1.116
 632    62946  5.00   -4.838   -4.317   -4.611   -4.698   -4.832   -4.625   -1.457
 633    70627  5.00   -5.186   -4.649   -4.950   -5.042   -5.181   -4.970   -1.802
 634    79245  5.00   -5.538   -4.986   -5.293   -5.390   -5.532   -5.319   -2.151
 635    88914  5.00   -5.892   -5.327   -5.641   -5.740   -5.887   -5.671   -2.502
 636    99763  5.00   -6.249   -5.672   -5.991   -6.094   -6.243   -6.025   -2.857
 637   111936  5.00   -6.607   -6.021   -6.344   -6.450   -6.602   -6.382   -3.213
 638   125595  5.00   -6.968   -6.373   -6.699   -6.808   -6.963   -6.741   -3.572
 639   140920  5.00   -7.330   -6.727   -7.057   -7.167   -7.325   -7.101   -3.933
 640   158115  5.00   -7.693   -7.084   -7.417   -7.529   -7.689   -7.463   -4.295
 641   177407  5.00   -8.058   -7.443   -7.778   -7.892   -8.054   -7.827   -4.658
 642   199055  5.00   -8.424   -7.803   -8.141   -8.257   -8.420   -8.192   -5.023
 643   223343  5.00   -8.791   -8.165   -8.506   -8.622   -8.787   -8.558   -5.389
 644   250595  5.00   -9.159   -8.529   -8.871   -8.989   -9.155   -8.925   -5.756
 645   281172  5.00   -9.528   -8.894   -9.238   -9.357   -9.523   -9.293   -6.124
 646   315481  5.00   -9.897   -9.260   -9.605   -9.725   -9.893   -9.662   -6.493
 647   353975  5.00  -10.267   -9.627   -9.974  -10.094  -10.263  -10.031   -6.862
 648   397167  5.00  -10.638   -9.995  -10.343  -10.464  -10.633  -10.401   -7.232
 649   445629  5.00  -11.009  -10.364  -10.712  -10.834  -11.004  -10.772   -7.603
 650   500004  5.00  -11.380  -10.733  -11.083  -11.205  -11.376  -11.143   -7.974
 651   561014  5.00  -11.752  -11.103  -11.453  -11.576  -11.748  -11.514   -8.345
 652   629469  5.00  -12.124  -11.474  -11.825  -11.948  -12.120  -11.886   -8.717
 653   706276  5.00  -12.497  -11.845  -12.196  -12.320  -12.492  -12.258   -9.089
 654   792455  5.00  -12.869  -12.216  -12.568  -12.693  -12.865  -12.631   -9.462
 655   889149  5.00  -13.242  -12.588  -12.941  -13.065  -13.238  -13.004   -9.835
 656   997642  5.00  -13.616  -12.960  -13.313  -13.438  -13.611  -13.377  -10.208
 657  1119373  5.00  -13.989  -13.333  -13.686  -13.812  -13.985  -13.750  -10.581
 658  1255958  5.00  -14.363  -13.705  -14.059  -14.185  -14.359  -14.123  -10.954
 659  1409209  5.00  -14.736  -14.079  -14.433  -14.558  -14.732  -14.497  -11.328
 660  1581159  5.00  -15.110  -14.452  -14.806  -14.932  -15.106  -14.871  -11.702
 661  1774090  5.00  -15.484  -14.825  -15.180  -15.306  -15.480  -15.245  -12.076
 662  1990563  5.00  -15.858  -15.199  -15.554  -15.680  -15.854  -15.619  -12.450
 663  2233450  5.00  -16.233  -15.573  -15.928  -16.054  -16.229  -15.993  -12.824
 664  2505973  5.00  -16.607  -15.946  -16.302  -16.428  -16.603  -16.367  -13.198
 665  2811749  5.00  -16.981  -16.320  -16.676  -16.802  -16.977  -16.741  -13.572
 666  3154836  5.00  -17.356  -16.695  -17.050  -17.177  -17.352  -17.116  -13.947
 667  3539785  5.00  -17.730  -17.069  -17.425  -17.551  -17.726  -17.490  -14.321
 668  3971706  5.00  -18.105  -17.443  -17.799  -17.926  -18.101  -17.865  -14.695
 669  4456330  5.00  -18.479  -17.817  -18.174  -18.300  -18.475  -18.239  -15.070
# BCs for Fluks et al. 1994 M-giant spectra:
#  n     Teff  logg        V        u        v        b        y     Hb_w     Hb_n
   0     3810  0.00   -1.256   -5.855   -3.811   -2.265   -1.232   -1.931    1.170
   1     3736  0.00   -1.480   -6.115   -4.030   -2.530   -1.453   -2.183    0.891
   2     3666  0.00   -1.722   -6.391   -4.273   -2.831   -1.685   -2.446    0.605
   3     3574  0.00   -2.104   -6.631   -4.515   -3.335   -2.066   -2.904    0.104
   4     3434  0.00   -2.802   -7.168   -5.018   -4.097   -2.781   -3.622   -0.650
   5     3309  0.00   -3.818   -7.714   -5.676   -5.319   -3.824   -4.702   -1.846
   6     3126  0.00   -5.168   -8.671   -6.868   -6.762   -5.175   -6.081   -3.187
   7     2890  0.00   -6.368   -9.380   -8.016   -8.321   -6.476   -7.597   -4.711
   8     2667  0.00   -7.217  -10.106   -8.903   -9.329   -7.494   -8.675   -5.740
   9     2500  0.00   -7.956  -10.833   -9.685  -10.041   -8.267   -9.416   -6.458
