# BCs for ATLAS9 + DUSTY99 + blackbody spectra:
#  n     Teff  logg        V        u        v        b        y     Hb_w     Hb_n
   0      500  3.50  -59.119  -999999  -999999  -999999  -69.842  -999999  -999999
   1      500  4.00  -58.200  -999999  -999999  -999999  -68.661  -999999  -999999
   2      500  4.50  -57.680  -999999  -999999  -999999  -68.279  -999999  -999999
   3      500  5.00  -55.682  -999999  -999999  -999999  -65.895  -999999  -999999
   4      500  5.50  -53.129  -999999  -999999  -77.839  -62.792  -74.046  -72.082
   5      500  6.00  -50.570  -999999  -999999  -73.559  -59.666  -70.445  -68.139
   6      600  3.50  -48.322  -999999  -81.826  -68.908  -56.215  -65.938  -63.528
   7      600  4.00  -47.751  -999999  -79.978  -68.065  -55.506  -65.113  -62.691
   8      600  4.50  -48.940  -999999  -999999  -70.347  -57.240  -67.330  -64.953
   9      600  5.00  -47.334  -999999  -80.497  -68.247  -55.370  -65.265  -62.864
  10      600  5.50  -45.369  -999999  -76.877  -65.597  -53.040  -62.662  -60.230
  11      600  6.00  -43.273  -999999  -73.364  -62.648  -50.494  -59.771  -57.303
  12      700  3.50  -39.934  -78.334  -66.031  -56.493  -45.790  -53.826  -51.246
  13      700  4.00  -39.478  -77.496  -65.256  -55.814  -45.226  -53.167  -50.578
  14      700  4.50  -40.458  -80.287  -67.379  -57.610  -46.597  -54.898  -52.340
  15      700  5.00  -39.630  -78.615  -66.275  -56.600  -45.671  -53.906  -51.340
  16      700  5.50  -37.999  -75.828  -63.999  -54.536  -43.814  -51.882  -49.297
  17      700  6.00  -36.018  -72.392  -61.003  -51.857  -41.480  -49.265  -46.652
  18      800  3.50  -32.303  -64.147  -53.631  -45.576  -36.566  -43.220  -40.512
  19      800  4.00  -32.488  -64.388  -53.844  -45.780  -36.764  -43.422  -40.714
  20      800  4.50  -33.329  -66.328  -55.587  -47.259  -37.898  -44.841  -42.156
  21      800  5.00  -32.505  -65.230  -54.615  -46.346  -37.022  -43.940  -41.251
  22      800  5.50  -31.284  -63.618  -53.178  -44.968  -35.688  -42.574  -39.880
  23      800  6.00  -29.531  -60.811  -50.636  -42.632  -33.625  -40.286  -37.574
  24      900  3.50  -25.811  -52.281  -43.075  -36.258  -28.769  -34.202  -31.394
  25      900  4.00  -25.745  -52.409  -43.156  -36.289  -28.739  -34.221  -31.417
  26      900  4.50  -26.747  -54.699  -45.171  -37.986  -30.030  -35.837  -33.058
  27      900  5.00  -25.224  -52.635  -43.224  -36.138  -28.330  -34.015  -31.227
  28      900  5.50  -25.253  -52.725  -43.302  -36.198  -28.370  -34.072  -31.285
  29     1000  3.50  -22.629  -46.305  -37.779  -31.635  -24.979  -29.755  -26.897
  30     1000  4.00  -22.027  -45.364  -36.926  -30.861  -24.302  -29.001  -26.137
  31     1000  4.50  -21.798  -45.471  -36.927  -30.765  -24.109  -28.881  -26.023
  32     1000  5.00  -21.566  -45.612  -36.936  -30.665  -23.911  -28.755  -25.904
  33     1000  5.50  -21.151  -45.144  -36.452  -30.184  -23.458  -28.279  -25.426
  34     1000  6.00  -20.198  -43.402  -34.896  -28.822  -22.342  -26.969  -24.103
  35     1100  3.50  -19.595  -40.661  -32.853  -27.338  -21.439  -25.627  -22.725
  36     1100  4.00  -19.329  -40.241  -32.476  -26.998  -21.142  -25.297  -22.392
  37     1100  4.50  -19.142  -40.244  -32.394  -26.863  -20.965  -25.150  -22.248
  38     1100  5.00  -18.642  -39.800  -31.898  -26.342  -20.442  -24.625  -21.724
  39     1100  5.50  -18.053  -39.131  -31.210  -25.665  -19.807  -23.955  -21.052
  40     1100  6.00  -23.043  -46.719  -38.193  -32.049  -25.393  -30.169  -27.311
  41     1200  3.50  -16.880  -35.578  -28.509  -23.572  -18.325  -22.018  -19.080
  42     1200  4.00  -16.880  -35.578  -28.509  -23.572  -18.325  -22.018  -19.080
  43     1200  4.50  -16.880  -35.578  -28.509  -23.572  -18.325  -22.018  -19.080
  44     1200  5.00  -16.749  -35.872  -28.639  -23.588  -18.234  -22.005  -19.072
  45     1200  6.00  -15.508  -34.227  -27.039  -22.076  -16.874  -20.525  -17.585
  46     1300  3.50  -14.478  -31.066  -24.704  -20.285  -15.606  -18.874  -15.905
  47     1300  4.00  -14.512  -31.094  -24.738  -20.322  -15.642  -18.911  -15.942
  48     1300  4.50  -14.879  -31.897  -25.394  -20.868  -16.068  -19.427  -16.463
  49     1300  5.00  -14.825  -31.926  -25.399  -20.849  -16.023  -19.400  -16.438
  50     1300  5.50  -14.600  -31.885  -25.258  -20.653  -15.796  -19.193  -16.234
  51     1300  6.00  -17.119  -35.706  -28.675  -23.766  -18.548  -22.220  -19.279
  52     1400  3.50  -12.481  -27.303  -21.547  -17.566  -13.371  -16.279  -13.285
  53     1400  4.00  -12.508  -27.344  -21.588  -17.603  -13.401  -16.314  -13.320
  54     1400  4.50  -12.726  -27.836  -21.999  -17.942  -13.653  -16.632  -13.642
  55     1400  5.00  -12.953  -28.357  -22.413  -18.280  -13.912  -16.949  -13.963
  56     1400  5.50  -12.709  -28.323  -22.253  -18.057  -13.654  -16.712  -13.728
  57     1400  6.00  -12.712  -28.341  -22.265  -18.064  -13.658  -16.718  -13.735
  58     1500  3.50  -10.953  -24.481  -19.186  -15.538  -11.692  -14.344  -11.332
  59     1500  4.00  -10.917  -24.364  -19.094  -15.464  -11.642  -14.275  -11.262
  60     1500  4.50  -11.130  -24.898  -19.516  -15.798  -11.886  -14.585  -11.576
  61     1500  5.00  -11.228  -25.132  -19.706  -15.947  -11.995  -14.723  -11.716
  62     1500  5.50  -11.297  -25.380  -19.880  -16.069  -12.070  -14.831  -11.827
  63     1500  6.00  -11.279  -25.460  -19.903  -16.060  -12.043  -14.816  -11.813
  64     1600  3.50   -9.634  -22.474  -17.431  -13.937  -10.264  -12.770   -9.766
  65     1600  4.00   -9.639  -22.228  -17.275  -13.859  -10.257  -12.722   -9.705
  66     1600  4.50   -9.690  -22.333  -17.351  -13.917  -10.311  -12.783   -9.761
  67     1600  5.00   -9.767  -22.441  -17.447  -14.004  -10.389  -12.868   -9.846
  68     1600  5.50   -9.836  -22.640  -17.589  -14.104  -10.459  -12.960   -9.938
  69     1600  6.00   -9.894  -22.820  -17.705  -14.179  -10.509  -13.026  -10.006
  70     1700  3.50   -8.431  -20.722  -15.547  -12.254   -8.877  -11.022   -8.170
  71     1700  4.00   -8.056  -20.320  -15.233  -11.830   -8.474  -10.642   -7.743
  72     1700  4.50   -7.331  -19.075  -14.032  -10.745   -7.642   -9.598   -6.743
  73     1700  5.00   -8.192  -20.116  -15.319  -11.967   -8.629  -10.834   -7.878
  74     1700  5.50   -8.520  -20.363  -15.645  -12.379   -9.009  -11.287   -8.272
  75     1700  6.00   -8.674  -20.567  -15.813  -12.549   -9.171  -11.470   -8.439
  76     1800  3.50   -7.719  -19.204  -13.880  -11.121   -8.032   -9.806   -7.159
  77     1800  4.00   -7.502  -18.788  -13.878  -10.812   -7.793   -9.600   -6.857
  78     1800  4.50   -6.906  -17.721  -13.030   -9.985   -7.137   -8.853   -6.069
  79     1800  5.00   -6.889  -17.562  -13.012   -9.919   -7.113   -8.813   -6.011
  80     1800  5.50   -7.371  -18.422  -13.861  -10.672   -7.678   -9.569   -6.665
  81     1800  6.00   -7.438  -18.538  -13.971  -10.805   -7.770   -9.718   -6.763
  82     1900  3.50   -6.963  -16.235  -11.567   -9.804   -7.137   -8.473   -6.027
  83     1900  4.00   -7.039  -17.553  -12.708   -9.998   -7.221   -8.711   -6.185
  84     1900  4.50   -7.413  -18.637  -13.786  -10.591   -7.649   -9.355   -6.691
  85     1900  5.00   -6.894  -17.522  -12.947   -9.825   -7.078   -8.660   -5.959
  86     1900  5.50   -7.060  -17.485  -13.098  -10.046   -7.290   -8.941   -6.115
  87     1900  6.00   -7.051  -17.449  -13.063  -10.093   -7.318   -9.044   -6.115
  88     2000  3.50   -6.560  -14.047  -10.003   -8.995   -6.632   -7.695   -5.346
  89     2000  4.00   -6.498  -15.543  -11.170   -9.067   -6.573   -7.774   -5.406
  90     2000  4.50   -6.469  -16.552  -11.990   -9.110   -6.549   -7.814   -5.433
  91     2000  5.00   -6.596  -17.108  -12.496   -9.286   -6.694   -8.022   -5.544
  92     2000  5.50   -6.870  -17.037  -12.745   -9.685   -7.043   -8.530   -5.818
  93     2000  6.00   -6.688  -16.528  -12.323   -9.464   -6.888   -8.405   -5.545
  94     2100  4.00   -6.043  -13.629   -9.809   -8.269   -6.038   -7.054   -4.708
  95     2100  5.00   -5.961  -15.747  -11.424   -8.312   -5.961   -7.028   -4.731
  96     2100  5.50   -6.396  -16.623  -12.202   -8.885   -6.447   -7.605   -5.157
  97     2100  6.00   -6.592  -16.404  -12.222   -9.200   -6.732   -7.987   -5.323
  98     2200  3.50   -5.558  -10.820   -7.634   -7.427   -5.505   -6.339   -3.865
  99     2200  4.00   -5.552  -11.925   -8.571   -7.494   -5.490   -6.393   -3.978
 100     2200  4.50   -5.601  -13.258   -9.698   -7.632   -5.534   -6.454   -4.179
 101     2200  5.00   -5.630  -14.646  -10.710   -7.753   -5.569   -6.505   -4.274
 102     2200  5.50   -5.862  -15.705  -11.463   -8.054   -5.825   -6.754   -4.458
 103     2200  6.00   -5.973  -15.873  -11.610   -8.190   -5.973   -6.820   -4.423
 104     2300  3.50   -5.052   -9.756   -6.826   -6.773   -4.971   -5.799   -3.208
 105     2300  4.00   -5.062  -10.701   -7.619   -6.829   -4.969   -5.843   -3.307
 106     2300  4.50   -5.168  -11.927   -8.678   -6.999   -5.064   -5.937   -3.559
 107     2300  5.00   -5.266  -13.430   -9.873   -7.191   -5.163   -6.036   -3.767
 108     2300  5.50   -5.419  -14.673  -10.775   -7.384   -5.321   -6.128   -3.879
 109     2300  6.00   -5.498  -15.102  -11.045   -7.489   -5.430   -6.138   -3.814
 110     2400  3.50   -4.559   -8.949   -6.200   -6.183   -4.468   -5.315   -2.609
 111     2400  4.00   -4.578   -9.715   -6.844   -6.219   -4.471   -5.344   -2.683
 112     2400  4.50   -4.704  -10.749   -7.745   -6.375   -4.580   -5.434   -2.919
 113     2400  5.50   -4.965  -13.394   -9.917   -6.732   -4.830   -5.581   -3.285
 114     2400  6.00   -5.142  -14.361  -10.585   -6.959   -5.027   -5.663   -3.331
 115     2500  3.50   -4.121   -8.421   -5.767   -5.687   -4.032   -4.908   -2.104
 116     2500  4.00   -4.124   -8.993   -6.257   -5.685   -4.018   -4.905   -2.132
 117     2500  4.50   -4.268   -9.850   -7.002   -5.829   -4.137   -4.995   -2.346
 118     2500  5.00   -4.378  -10.961   -7.982   -5.974   -4.235   -5.058   -2.549
 119     2500  5.50   -4.557  -12.316   -9.119   -6.190   -4.405   -5.145   -2.746
 120     2500  6.00   -4.746  -13.400   -9.944   -6.407   -4.599   -5.207   -2.808
 121     2600  3.50   -3.741   -8.008   -5.424   -5.256   -3.660   -4.546   -1.668
 122     2600  4.00   -3.722   -8.446   -5.805   -5.221   -3.624   -4.518   -1.658
 123     2600  4.50   -3.860   -9.145   -6.403   -5.342   -3.733   -4.598   -1.835
 124     2600  5.00   -3.945  -10.020   -7.187   -5.437   -3.803   -4.638   -1.980
 125     2600  5.50   -4.119  -11.220   -8.249   -5.629   -3.962   -4.718   -2.172
 126     2600  6.00   -4.347  -12.399   -9.209   -5.886   -4.184   -4.812   -2.301
 127     2700  3.50   -3.435   -7.676   -5.146   -4.899   -3.363   -4.240   -1.312
 128     2700  4.00   -3.373   -7.989   -5.432   -4.813   -3.283   -4.168   -1.246
 129     2700  4.50   -3.485   -8.547   -5.899   -4.897   -3.364   -4.226   -1.374
 130     2700  5.00   -3.548   -9.262   -6.534   -4.962   -3.415   -4.256   -1.475
 131     2700  5.50   -3.700  -10.264   -7.441   -5.117   -3.548   -4.327   -1.635
 132     2700  6.00   -3.926  -11.413   -8.427   -5.357   -3.757   -4.417   -1.772
 133     2800  5.00   -2.830  -11.462   -8.121   -4.284   -2.587   -3.427   -0.372
 134     2800  5.50   -2.968  -12.320   -8.977   -4.449   -2.657   -3.491   -0.436
 135     2900  5.00   -2.510  -10.585   -7.346   -3.896   -2.316   -3.125   -0.011
 136     2900  5.50   -2.642  -11.381   -8.120   -4.044   -2.380   -3.174   -0.066
 137     3000  5.00   -2.229   -9.787   -6.662   -3.553   -2.082   -2.857    0.294
 138     3000  5.50   -2.350  -10.518   -7.346   -3.686   -2.138   -2.898    0.250
 139     3100  5.00   -1.987   -9.055   -6.059   -3.255   -1.880   -2.626    0.544
 140     3100  5.50   -2.091   -9.703   -6.639   -3.371   -1.928   -2.660    0.509
 141     3200  5.00   -1.783   -8.409   -5.534   -2.994   -1.706   -2.424    0.754
 142     3200  5.50   -1.865   -8.960   -6.012   -3.088   -1.743   -2.450    0.733
 143     3300  5.00   -1.608   -7.841   -5.068   -2.761   -1.556   -2.240    0.945
 144     3300  5.50   -1.668   -8.270   -5.449   -2.836   -1.584   -2.262    0.929
 145     3400  5.00   -1.457   -7.346   -4.652   -2.556   -1.422   -2.074    1.114
 146     3400  5.50   -1.499   -7.636   -4.944   -2.613   -1.445   -2.094    1.102
 147     3500  5.00   -1.326   -6.918   -4.267   -2.372   -1.302   -1.923    1.265
 148     3500  5.50   -1.355   -7.057   -4.484   -2.416   -1.320   -1.942    1.254
 149     3600  5.00   -1.211   -6.517   -3.925   -2.209   -1.194   -1.785    1.402
 150     3600  5.50   -1.231   -6.557   -4.081   -2.243   -1.209   -1.804    1.390
 151     3700  5.00   -1.108   -6.139   -3.630   -2.058   -1.093   -1.657    1.529
 152     3700  5.50   -1.129   -6.158   -3.759   -2.092   -1.111   -1.681    1.511
 153     3800  5.00   -1.013   -5.798   -3.372   -1.917   -0.999   -1.534    1.650
 154     3800  5.50   -1.023   -5.838   -3.478   -1.934   -1.006   -1.547    1.643
 155     3500  0.00   -1.714   -7.760   -5.139   -3.140   -1.716   -2.602    0.524
 156     3500  0.50   -1.555   -7.198   -4.702   -2.826   -1.540   -2.338    0.797
 157     3500  1.00   -1.423   -6.640   -4.306   -2.565   -1.395   -2.123    1.022
 158     3500  1.50   -1.310   -6.137   -3.975   -2.354   -1.273   -1.950    1.205
 159     3500  2.00   -1.227   -5.742   -3.735   -2.206   -1.183   -1.829    1.334
 160     3500  2.50   -1.179   -5.510   -3.626   -2.155   -1.137   -1.778    1.388
 161     3500  3.00   -1.145   -5.385   -3.583   -2.136   -1.106   -1.751    1.417
 162     3500  3.50   -1.136   -5.339   -3.593   -2.129   -1.096   -1.744    1.429
 163     3500  4.00   -1.145   -5.369   -3.667   -2.137   -1.101   -1.756    1.427
 164     3500  4.50   -1.169   -5.478   -3.813   -2.161   -1.118   -1.785    1.413
 165     3500  5.00   -1.210   -5.669   -4.025   -2.197   -1.145   -1.825    1.390
 166     3750  0.00   -1.358   -6.938   -4.481   -2.630   -1.357   -2.131    0.986
 167     3750  0.50   -1.266   -6.498   -4.158   -2.404   -1.252   -1.946    1.180
 168     3750  1.00   -1.192   -6.056   -3.870   -2.219   -1.167   -1.800    1.336
 169     3750  1.50   -1.127   -5.641   -3.619   -2.068   -1.092   -1.681    1.466
 170     3750  2.00   -1.063   -5.291   -3.414   -1.942   -1.022   -1.580    1.577
 171     3750  2.50   -1.018   -5.053   -3.279   -1.864   -0.973   -1.517    1.646
 172     3750  3.00   -0.991   -4.936   -3.224   -1.852   -0.947   -1.500    1.665
 173     3750  3.50   -0.968   -4.856   -3.194   -1.850   -0.927   -1.488    1.677
 174     3750  4.00   -0.958   -4.823   -3.196   -1.844   -0.915   -1.482    1.687
 175     3750  4.50   -0.960   -4.855   -3.253   -1.846   -0.911   -1.487    1.690
 176     3750  5.00   -0.977   -4.970   -3.389   -1.860   -0.919   -1.508    1.683
 177     4000  0.00   -1.015   -6.019   -3.763   -2.140   -1.014   -1.689    1.422
 178     4000  0.50   -0.945   -5.609   -3.478   -1.953   -0.936   -1.538    1.578
 179     4000  1.00   -0.902   -5.224   -3.247   -1.815   -0.886   -1.432    1.691
 180     4000  1.50   -0.875   -4.899   -3.073   -1.716   -0.851   -1.357    1.773
 181     4000  2.00   -0.863   -4.664   -2.958   -1.651   -0.832   -1.311    1.828
 182     4000  2.50   -0.847   -4.508   -2.881   -1.598   -0.808   -1.272    1.876
 183     4000  3.00   -0.828   -4.423   -2.836   -1.567   -0.784   -1.247    1.909
 184     4000  3.50   -0.812   -4.390   -2.820   -1.569   -0.768   -1.244    1.915
 185     4000  4.00   -0.794   -4.360   -2.806   -1.573   -0.751   -1.240    1.921
 186     4000  4.50   -0.784   -4.352   -2.812   -1.572   -0.739   -1.237    1.927
 187     4000  5.00   -0.786   -4.391   -2.857   -1.575   -0.735   -1.243    1.930
 188     4250  0.00   -0.753   -5.194   -3.142   -1.740   -0.748   -1.333    1.780
 189     4250  0.50   -0.696   -4.824   -2.901   -1.588   -0.687   -1.212    1.904
 190     4250  1.00   -0.661   -4.483   -2.707   -1.476   -0.649   -1.127    1.993
 191     4250  1.50   -0.643   -4.202   -2.565   -1.399   -0.628   -1.070    2.055
 192     4250  2.00   -0.635   -3.997   -2.469   -1.348   -0.616   -1.033    2.096
 193     4250  2.50   -0.632   -3.869   -2.413   -1.314   -0.608   -1.010    2.125
 194     4250  3.00   -0.632   -3.808   -2.386   -1.292   -0.602   -0.995    2.146
 195     4250  3.50   -0.633   -3.805   -2.385   -1.284   -0.596   -0.990    2.158
 196     4250  4.00   -0.631   -3.845   -2.406   -1.299   -0.592   -1.000    2.152
 197     4250  4.50   -0.626   -3.885   -2.428   -1.315   -0.586   -1.009    2.146
 198     4250  5.00   -0.623   -3.915   -2.447   -1.322   -0.579   -1.013    2.147
 199     4500  0.00   -0.548   -4.464   -2.595   -1.401   -0.539   -1.034    2.085
 200     4500  0.50   -0.510   -4.160   -2.419   -1.294   -0.499   -0.951    2.169
 201     4500  1.00   -0.485   -3.880   -2.275   -1.213   -0.473   -0.890    2.232
 202     4500  1.50   -0.472   -3.649   -2.169   -1.155   -0.458   -0.849    2.276
 203     4500  2.00   -0.466   -3.479   -2.098   -1.117   -0.451   -0.822    2.305
 204     4500  2.50   -0.464   -3.371   -2.056   -1.092   -0.447   -0.805    2.325
 205     4500  3.00   -0.465   -3.317   -2.035   -1.075   -0.444   -0.794    2.341
 206     4500  3.50   -0.466   -3.307   -2.030   -1.063   -0.440   -0.786    2.353
 207     4500  4.00   -0.468   -3.334   -2.039   -1.060   -0.436   -0.784    2.361
 208     4500  4.50   -0.469   -3.393   -2.067   -1.070   -0.434   -0.791    2.357
 209     4500  5.00   -0.470   -3.456   -2.097   -1.084   -0.432   -0.801    2.351
 210     4750  0.00   -0.379   -3.819   -2.090   -1.103   -0.367   -0.774    2.348
 211     4750  0.50   -0.363   -3.571   -1.978   -1.041   -0.350   -0.728    2.396
 212     4750  1.00   -0.352   -3.345   -1.886   -0.991   -0.338   -0.694    2.432
 213     4750  1.50   -0.346   -3.158   -1.819   -0.956   -0.332   -0.670    2.457
 214     4750  2.00   -0.344   -3.019   -1.775   -0.932   -0.329   -0.655    2.474
 215     4750  2.50   -0.343   -2.927   -1.750   -0.916   -0.328   -0.645    2.485
 216     4750  3.00   -0.343   -2.882   -1.741   -0.905   -0.326   -0.638    2.494
 217     4750  3.50   -0.342   -2.873   -1.742   -0.897   -0.323   -0.633    2.502
 218     4750  4.00   -0.342   -2.891   -1.749   -0.892   -0.320   -0.629    2.509
 219     4750  4.50   -0.342   -2.934   -1.765   -0.891   -0.317   -0.628    2.514
 220     4750  5.00   -0.343   -2.999   -1.790   -0.893   -0.313   -0.629    2.516
 221     5000  0.00   -0.248   -3.327   -1.665   -0.855   -0.234   -0.564    2.558
 222     5000  0.50   -0.247   -3.109   -1.598   -0.826   -0.233   -0.545    2.580
 223     5000  1.00   -0.249   -2.915   -1.546   -0.804   -0.234   -0.532    2.595
 224     5000  1.50   -0.252   -2.754   -1.512   -0.790   -0.237   -0.524    2.605
 225     5000  2.00   -0.255   -2.630   -1.492   -0.781   -0.241   -0.521    2.610
 226     5000  2.50   -0.258   -2.547   -1.485   -0.775   -0.243   -0.519    2.613
 227     5000  3.00   -0.259   -2.503   -1.488   -0.771   -0.243   -0.518    2.615
 228     5000  3.50   -0.257   -2.491   -1.496   -0.767   -0.241   -0.515    2.619
 229     5000  4.00   -0.255   -2.505   -1.508   -0.763   -0.237   -0.512    2.624
 230     5000  4.50   -0.252   -2.537   -1.523   -0.760   -0.233   -0.509    2.628
 231     5000  5.00   -0.250   -2.585   -1.542   -0.759   -0.228   -0.507    2.632
 232     5250  0.00   -0.149   -2.990   -1.330   -0.659   -0.134   -0.402    2.716
 233     5250  0.50   -0.159   -2.797   -1.295   -0.652   -0.144   -0.401    2.720
 234     5250  1.00   -0.169   -2.620   -1.271   -0.650   -0.154   -0.403    2.721
 235     5250  1.50   -0.179   -2.469   -1.259   -0.652   -0.165   -0.408    2.719
 236     5250  2.00   -0.189   -2.348   -1.258   -0.656   -0.174   -0.414    2.714
 237     5250  2.50   -0.197   -2.260   -1.265   -0.661   -0.182   -0.420    2.710
 238     5250  3.00   -0.201   -2.204   -1.276   -0.664   -0.186   -0.425    2.707
 239     5250  3.50   -0.202   -2.180   -1.291   -0.665   -0.186   -0.426    2.707
 240     5250  4.00   -0.198   -2.184   -1.308   -0.664   -0.182   -0.425    2.709
 241     5250  4.50   -0.194   -2.206   -1.325   -0.663   -0.177   -0.422    2.712
 242     5250  5.00   -0.189   -2.242   -1.343   -0.660   -0.170   -0.419    2.716
 243     5500  0.00   -0.075   -2.767   -1.062   -0.502   -0.059   -0.275    2.836
 244     5500  0.50   -0.090   -2.596   -1.053   -0.510   -0.075   -0.286    2.828
 245     5500  1.00   -0.106   -2.433   -1.050   -0.521   -0.090   -0.298    2.818
 246     5500  1.50   -0.121   -2.289   -1.056   -0.535   -0.106   -0.313    2.807
 247     5500  2.00   -0.136   -2.167   -1.068   -0.550   -0.122   -0.328    2.795
 248     5500  2.50   -0.150   -2.069   -1.085   -0.565   -0.135   -0.342    2.783
 249     5500  3.00   -0.160   -1.996   -1.105   -0.577   -0.145   -0.353    2.774
 250     5500  3.50   -0.164   -1.951   -1.125   -0.585   -0.149   -0.360    2.770
 251     5500  4.00   -0.164   -1.934   -1.144   -0.588   -0.148   -0.361    2.769
 252     5500  4.50   -0.159   -1.940   -1.163   -0.588   -0.143   -0.360    2.772
 253     5500  5.00   -0.153   -1.961   -1.181   -0.586   -0.136   -0.357    2.775
 254     5750  0.00   -0.018   -2.622   -0.841   -0.372   -0.002   -0.173    2.929
 255     5750  0.50   -0.036   -2.472   -0.853   -0.391   -0.020   -0.192    2.912
 256     5750  1.00   -0.054   -2.322   -0.867   -0.411   -0.039   -0.212    2.895
 257     5750  1.50   -0.073   -2.183   -0.887   -0.434   -0.058   -0.233    2.877
 258     5750  2.00   -0.092   -2.059   -0.911   -0.457   -0.077   -0.255    2.858
 259     5750  2.50   -0.110   -1.955   -0.938   -0.481   -0.096   -0.276    2.840
 260     5750  3.00   -0.126   -1.868   -0.966   -0.502   -0.111   -0.294    2.825
 261     5750  3.50   -0.137   -1.802   -0.992   -0.517   -0.122   -0.307    2.814
 262     5750  4.00   -0.141   -1.760   -1.014   -0.527   -0.126   -0.315    2.809
 263     5750  4.50   -0.139   -1.744   -1.034   -0.531   -0.124   -0.316    2.810
 264     5750  5.00   -0.134   -1.747   -1.052   -0.531   -0.117   -0.314    2.813
 265     6000  0.00    0.026   -2.529   -0.651   -0.264    0.041   -0.090    3.002
 266     6000  0.50    0.008   -2.399   -0.682   -0.289    0.024   -0.114    2.979
 267     6000  1.00   -0.011   -2.261   -0.711   -0.315    0.005   -0.138    2.956
 268     6000  1.50   -0.031   -2.127   -0.742   -0.343   -0.016   -0.164    2.933
 269     6000  2.00   -0.053   -2.003   -0.777   -0.373   -0.038   -0.191    2.909
 270     6000  2.50   -0.075   -1.893   -0.813   -0.403   -0.060   -0.217    2.886
 271     6000  3.00   -0.096   -1.797   -0.849   -0.432   -0.081   -0.242    2.865
 272     6000  3.50   -0.113   -1.716   -0.882   -0.456   -0.098   -0.263    2.848
 273     6000  4.00   -0.124   -1.653   -0.911   -0.474   -0.109   -0.277    2.837
 274     6000  4.50   -0.127   -1.613   -0.933   -0.484   -0.112   -0.284    2.833
 275     6000  5.00   -0.125   -1.595   -0.952   -0.488   -0.109   -0.285    2.834
 276     6250  0.50    0.042   -2.356   -0.530   -0.200    0.057   -0.048    3.033
 277     6250  1.00    0.025   -2.231   -0.573   -0.230    0.040   -0.075    3.006
 278     6250  1.50    0.004   -2.103   -0.615   -0.262    0.019   -0.104    2.978
 279     6250  2.00   -0.019   -1.980   -0.658   -0.296   -0.004   -0.135    2.950
 280     6250  2.50   -0.044   -1.866   -0.702   -0.332   -0.029   -0.166    2.922
 281     6250  3.00   -0.068   -1.763   -0.746   -0.367   -0.053   -0.196    2.896
 282     6250  3.50   -0.090   -1.672   -0.787   -0.398   -0.075   -0.223    2.873
 283     6250  4.00   -0.108   -1.593   -0.823   -0.424   -0.092   -0.244    2.856
 284     6250  4.50   -0.118   -1.533   -0.851   -0.443   -0.103   -0.258    2.846
 285     6250  5.00   -0.121   -1.494   -0.873   -0.453   -0.105   -0.264    2.844
 286     6500  0.50    0.063   -2.329   -0.386   -0.123    0.078    0.005    3.074
 287     6500  1.00    0.052   -2.217   -0.446   -0.155    0.067   -0.021    3.046
 288     6500  1.50    0.033   -2.097   -0.500   -0.189    0.049   -0.052    3.015
 289     6500  2.00    0.010   -1.977   -0.550   -0.226    0.026   -0.085    2.983
 290     6500  2.50   -0.015   -1.861   -0.602   -0.265    0.000   -0.120    2.950
 291     6500  3.00   -0.042   -1.752   -0.653   -0.305   -0.027   -0.154    2.920
 292     6500  3.50   -0.068   -1.653   -0.702   -0.343   -0.053   -0.187    2.892
 293     6500  4.00   -0.091   -1.564   -0.745   -0.376   -0.076   -0.215    2.869
 294     6500  4.50   -0.109   -1.489   -0.781   -0.403   -0.093   -0.236    2.853
 295     6500  5.00   -0.118   -1.431   -0.809   -0.420   -0.102   -0.248    2.845
 296     6750  0.50    0.080   -2.300   -0.280   -0.063    0.095    0.049    3.111
 297     6750  1.00    0.068   -2.209   -0.323   -0.088    0.082    0.022    3.074
 298     6750  1.50    0.055   -2.099   -0.391   -0.123    0.070   -0.007    3.043
 299     6750  2.00    0.035   -1.983   -0.453   -0.162    0.050   -0.041    3.008
 300     6750  2.50    0.010   -1.869   -0.511   -0.203    0.025   -0.079    2.972
 301     6750  3.00   -0.019   -1.757   -0.568   -0.246   -0.003   -0.117    2.937
 302     6750  3.50   -0.048   -1.653   -0.623   -0.289   -0.032   -0.154    2.905
 303     6750  4.00   -0.075   -1.556   -0.674   -0.329   -0.060   -0.187    2.876
 304     6750  4.50   -0.098   -1.470   -0.718   -0.363   -0.082   -0.215    2.855
 305     6750  5.00   -0.114   -1.398   -0.753   -0.389   -0.099   -0.235    2.840
 306     7000  0.50    0.092   -2.258   -0.209   -0.021    0.106    0.083    3.145
 307     7000  1.00    0.080   -2.193   -0.235   -0.038    0.094    0.057    3.102
 308     7000  1.50    0.067   -2.100   -0.286   -0.066    0.081    0.027    3.062
 309     7000  2.00    0.052   -1.992   -0.360   -0.105    0.068   -0.005    3.026
 310     7000  2.50    0.030   -1.881   -0.427   -0.147    0.045   -0.043    2.988
 311     7000  3.00    0.002   -1.770   -0.490   -0.192    0.017   -0.083    2.949
 312     7000  3.50   -0.029   -1.664   -0.551   -0.238   -0.013   -0.124    2.912
 313     7000  4.00   -0.059   -1.562   -0.608   -0.283   -0.043   -0.163    2.879
 314     7000  4.50   -0.087   -1.468   -0.660   -0.324   -0.071   -0.196    2.852
 315     7000  5.00   -0.110   -1.385   -0.703   -0.358   -0.094   -0.223    2.832
 316     7250  0.50    0.095   -2.193   -0.172    0.001    0.109    0.104    3.174
 317     7250  1.00    0.085   -2.162   -0.176   -0.005    0.099    0.083    3.127
 318     7250  1.50    0.074   -2.090   -0.211   -0.024    0.088    0.055    3.080
 319     7250  2.00    0.060   -1.997   -0.269   -0.055    0.074    0.022    3.036
 320     7250  2.50    0.043   -1.893   -0.347   -0.097    0.059   -0.014    2.997
 321     7250  3.00    0.018   -1.786   -0.418   -0.143    0.034   -0.055    2.956
 322     7250  3.50   -0.012   -1.680   -0.484   -0.190    0.004   -0.098    2.915
 323     7250  4.00   -0.045   -1.576   -0.547   -0.239   -0.028   -0.140    2.878
 324     7250  4.50   -0.076   -1.477   -0.606   -0.285   -0.060   -0.179    2.846
 325     7250  5.00   -0.104   -1.386   -0.657   -0.326   -0.088   -0.213    2.820
 326     7500  0.50    0.088   -2.086   -0.192   -0.010    0.103    0.104    3.192
 327     7500  1.00    0.081   -2.111   -0.142    0.010    0.095    0.096    3.146
 328     7500  1.50    0.073   -2.064   -0.163   -0.000    0.087    0.072    3.096
 329     7500  2.00    0.061   -1.990   -0.205   -0.021    0.075    0.042    3.046
 330     7500  2.50    0.047   -1.899   -0.269   -0.055    0.061    0.006    2.999
 331     7500  3.00    0.028   -1.799   -0.350   -0.099    0.044   -0.032    2.957
 332     7500  3.50    0.000   -1.697   -0.423   -0.147    0.016   -0.076    2.914
 333     7500  4.00   -0.032   -1.594   -0.491   -0.198   -0.016   -0.121    2.872
 334     7500  4.50   -0.066   -1.492   -0.556   -0.248   -0.049   -0.165    2.836
 335     7500  5.00   -0.098   -1.397   -0.614   -0.294   -0.081   -0.203    2.805
 336     7750  1.00    0.066   -2.038   -0.141    0.003    0.080    0.093    3.158
 337     7750  1.50    0.062   -2.023   -0.137    0.007    0.076    0.078    3.107
 338     7750  2.00    0.055   -1.969   -0.168   -0.006    0.069    0.052    3.053
 339     7750  2.50    0.043   -1.894   -0.217   -0.029    0.057    0.018    2.999
 340     7750  3.00    0.027   -1.807   -0.285   -0.064    0.042   -0.019    2.951
 341     7750  3.50    0.007   -1.711   -0.366   -0.110    0.023   -0.060    2.907
 342     7750  4.00   -0.023   -1.612   -0.441   -0.161   -0.006   -0.106    2.863
 343     7750  4.50   -0.057   -1.511   -0.510   -0.213   -0.040   -0.152    2.822
 344     7750  5.00   -0.091   -1.414   -0.574   -0.263   -0.074   -0.196    2.787
 345     8000  1.00    0.037   -1.940   -0.179   -0.031    0.051    0.070    3.154
 346     8000  1.50    0.040   -1.969   -0.135   -0.004    0.054    0.070    3.111
 347     8000  2.00    0.037   -1.937   -0.150   -0.006    0.051    0.049    3.056
 348     8000  2.50    0.030   -1.879   -0.189   -0.021    0.044    0.020    2.998
 349     8000  3.00    0.017   -1.805   -0.242   -0.046    0.032   -0.015    2.942
 350     8000  3.50    0.002   -1.720   -0.315   -0.082    0.017   -0.054    2.894
 351     8000  4.00   -0.020   -1.627   -0.395   -0.130   -0.003   -0.096    2.850
 352     8000  4.50   -0.051   -1.530   -0.469   -0.182   -0.034   -0.143    2.806
 353     8000  5.00   -0.087   -1.433   -0.538   -0.234   -0.069   -0.190    2.766
 354     8250  1.00   -0.013   -1.813   -0.253   -0.097    0.002    0.019    3.124
 355     8250  1.50    0.008   -1.903   -0.155   -0.032    0.022    0.049    3.106
 356     8250  2.00    0.010   -1.897   -0.151   -0.022    0.023    0.036    3.053
 357     8250  2.50    0.006   -1.857   -0.178   -0.029    0.020    0.012    2.993
 358     8250  3.00   -0.002   -1.797   -0.223   -0.046    0.013   -0.021    2.932
 359     8250  3.50   -0.014   -1.724   -0.282   -0.071    0.001   -0.059    2.876
 360     8250  4.00   -0.028   -1.639   -0.356   -0.109   -0.012   -0.097    2.830
 361     8250  4.50   -0.052   -1.547   -0.433   -0.156   -0.035   -0.140    2.787
 362     8250  5.00   -0.084   -1.453   -0.506   -0.209   -0.067   -0.188    2.744
 363     8500  1.50   -0.034   -1.823   -0.198   -0.076   -0.021    0.013    3.088
 364     8500  2.00   -0.026   -1.846   -0.171   -0.052   -0.013    0.011    3.043
 365     8500  2.50   -0.026   -1.826   -0.184   -0.050   -0.012   -0.008    2.983
 366     8500  3.00   -0.029   -1.781   -0.220   -0.059   -0.016   -0.036    2.919
 367     8500  3.50   -0.038   -1.721   -0.270   -0.077   -0.023   -0.070    2.858
 368     8500  4.00   -0.050   -1.648   -0.332   -0.104   -0.035   -0.109    2.804
 369     8500  4.50   -0.063   -1.562   -0.406   -0.142   -0.046   -0.146    2.761
 370     8500  5.00   -0.088   -1.471   -0.480   -0.189   -0.070   -0.190    2.718
 371     8750  1.50   -0.085   -1.741   -0.251   -0.131   -0.072   -0.034    3.057
 372     8750  2.00   -0.069   -1.791   -0.202   -0.092   -0.056   -0.022    3.026
 373     8750  2.50   -0.065   -1.789   -0.204   -0.082   -0.052   -0.034    2.970
 374     8750  3.00   -0.065   -1.760   -0.230   -0.085   -0.052   -0.058    2.905
 375     8750  3.50   -0.070   -1.712   -0.272   -0.096   -0.055   -0.090    2.839
 376     8750  4.00   -0.078   -1.650   -0.327   -0.114   -0.063   -0.127    2.779
 377     8750  4.50   -0.088   -1.576   -0.392   -0.142   -0.072   -0.165    2.728
 378     8750  5.00   -0.100   -1.488   -0.462   -0.180   -0.083   -0.201    2.689
 379     9000  1.50   -0.141   -1.665   -0.308   -0.189   -0.128   -0.087    3.016
 380     9000  2.00   -0.118   -1.736   -0.244   -0.139   -0.105   -0.063    3.000
 381     9000  2.50   -0.110   -1.750   -0.233   -0.121   -0.097   -0.069    2.951
 382     9000  3.00   -0.107   -1.735   -0.250   -0.118   -0.094   -0.088    2.887
 383     9000  3.50   -0.108   -1.700   -0.285   -0.123   -0.094   -0.116    2.818
 384     9000  4.00   -0.112   -1.650   -0.333   -0.136   -0.098   -0.151    2.752
 385     9000  4.50   -0.120   -1.586   -0.392   -0.156   -0.105   -0.189    2.696
 386     9000  5.00   -0.128   -1.507   -0.457   -0.184   -0.110   -0.224    2.653
 387     9250  2.00   -0.170   -1.686   -0.291   -0.190   -0.157   -0.109    2.966
 388     9250  2.50   -0.159   -1.712   -0.270   -0.167   -0.146   -0.109    2.925
 389     9250  3.00   -0.153   -1.708   -0.279   -0.158   -0.141   -0.123    2.864
 390     9250  3.50   -0.152   -1.685   -0.307   -0.159   -0.138   -0.148    2.795
 391     9250  4.00   -0.153   -1.645   -0.348   -0.166   -0.139   -0.179    2.727
 392     9250  4.50   -0.157   -1.592   -0.401   -0.180   -0.142   -0.216    2.665
 393     9250  5.00   -0.164   -1.526   -0.463   -0.202   -0.148   -0.255    2.613
 394     9500  2.00   -0.223   -1.642   -0.339   -0.243   -0.211   -0.158    2.926
 395     9500  2.50   -0.210   -1.678   -0.313   -0.216   -0.198   -0.153    2.893
 396     9500  3.00   -0.204   -1.683   -0.315   -0.204   -0.191   -0.163    2.839
 397     9500  3.50   -0.200   -1.669   -0.335   -0.200   -0.187   -0.184    2.772
 398     9500  4.00   -0.198   -1.639   -0.370   -0.203   -0.184   -0.212    2.701
 399     9500  4.50   -0.199   -1.596   -0.418   -0.211   -0.184   -0.247    2.634
 400     9500  5.00   -0.203   -1.539   -0.477   -0.227   -0.187   -0.286    2.576
 401     9750  2.00   -0.277   -1.606   -0.388   -0.295   -0.264   -0.208    2.883
 402     9750  2.50   -0.263   -1.651   -0.358   -0.266   -0.251   -0.200    2.856
 403     9750  3.00   -0.256   -1.663   -0.355   -0.253   -0.243   -0.207    2.808
 404     9750  3.50   -0.251   -1.655   -0.370   -0.246   -0.238   -0.224    2.745
 405     9750  4.00   -0.247   -1.632   -0.399   -0.245   -0.233   -0.250    2.673
 406     9750  4.50   -0.245   -1.597   -0.442   -0.248   -0.230   -0.282    2.602
 407     9750  5.00   -0.246   -1.549   -0.496   -0.259   -0.230   -0.320    2.540
 408    10000  2.00   -0.331   -1.576   -0.437   -0.347   -0.318   -0.258    2.838
 409    10000  2.50   -0.316   -1.628   -0.405   -0.317   -0.304   -0.248    2.815
 410    10000  3.00   -0.309   -1.646   -0.399   -0.303   -0.297   -0.253    2.772
 411    10000  3.50   -0.303   -1.644   -0.409   -0.295   -0.291   -0.268    2.713
 412    10000  4.00   -0.298   -1.627   -0.434   -0.291   -0.285   -0.290    2.643
 413    10000  4.50   -0.294   -1.598   -0.471   -0.291   -0.280   -0.320    2.572
 414    10000  5.00   -0.292   -1.557   -0.520   -0.296   -0.277   -0.355    2.506
 415    10250  2.00   -0.384   -1.551   -0.485   -0.398   -0.371   -0.308    2.792
 416    10250  2.50   -0.370   -1.608   -0.452   -0.368   -0.357   -0.297    2.773
 417    10250  3.00   -0.362   -1.633   -0.444   -0.353   -0.350   -0.301    2.733
 418    10250  3.50   -0.357   -1.637   -0.451   -0.344   -0.344   -0.314    2.679
 419    10250  4.00   -0.351   -1.625   -0.472   -0.339   -0.338   -0.333    2.612
 420    10250  4.50   -0.346   -1.600   -0.504   -0.336   -0.332   -0.360    2.541
 421    10250  5.00   -0.342   -1.564   -0.547   -0.338   -0.326   -0.393    2.473
 422    10500  2.00   -0.437   -1.531   -0.533   -0.449   -0.424   -0.358    2.746
 423    10500  2.50   -0.422   -1.593   -0.499   -0.419   -0.410   -0.346    2.729
 424    10500  3.00   -0.415   -1.623   -0.489   -0.404   -0.403   -0.349    2.692
 425    10500  3.50   -0.410   -1.632   -0.495   -0.395   -0.398   -0.360    2.641
 426    10500  4.00   -0.405   -1.625   -0.513   -0.388   -0.392   -0.378    2.578
 427    10500  4.50   -0.399   -1.604   -0.541   -0.384   -0.385   -0.403    2.508
 428    10500  5.00   -0.393   -1.573   -0.580   -0.383   -0.378   -0.434    2.438
 429    10750  2.00   -0.489   -1.515   -0.580   -0.499   -0.476   -0.407    2.700
 430    10750  2.50   -0.475   -1.580   -0.545   -0.469   -0.463   -0.395    2.685
 431    10750  3.00   -0.468   -1.615   -0.536   -0.454   -0.456   -0.398    2.650
 432    10750  3.50   -0.463   -1.628   -0.540   -0.445   -0.451   -0.408    2.602
 433    10750  4.00   -0.458   -1.626   -0.555   -0.439   -0.446   -0.424    2.543
 434    10750  4.50   -0.452   -1.610   -0.580   -0.433   -0.439   -0.447    2.474
 435    10750  5.00   -0.445   -1.582   -0.615   -0.430   -0.431   -0.476    2.404
 436    11000  2.00   -0.540   -1.504   -0.627   -0.549   -0.528   -0.456    2.654
 437    11000  2.50   -0.526   -1.571   -0.592   -0.519   -0.515   -0.444    2.640
 438    11000  3.00   -0.520   -1.609   -0.581   -0.504   -0.509   -0.446    2.607
 439    11000  3.50   -0.516   -1.627   -0.585   -0.495   -0.504   -0.456    2.562
 440    11000  4.00   -0.511   -1.628   -0.598   -0.489   -0.499   -0.471    2.505
 441    11000  4.50   -0.505   -1.617   -0.621   -0.483   -0.492   -0.492    2.439
 442    11000  5.00   -0.498   -1.593   -0.653   -0.478   -0.484   -0.519    2.368
 443    11250  2.00   -0.592   -1.497   -0.674   -0.598   -0.579   -0.505    2.609
 444    11250  2.50   -0.578   -1.566   -0.637   -0.568   -0.566   -0.492    2.595
 445    11250  3.00   -0.572   -1.606   -0.627   -0.553   -0.560   -0.494    2.563
 446    11250  3.50   -0.568   -1.626   -0.630   -0.545   -0.557   -0.503    2.520
 447    11250  4.00   -0.564   -1.632   -0.642   -0.539   -0.552   -0.518    2.466
 448    11250  4.50   -0.558   -1.624   -0.663   -0.533   -0.546   -0.538    2.402
 449    11250  5.00   -0.551   -1.604   -0.692   -0.527   -0.537   -0.563    2.333
 450    11500  2.00   -0.642   -1.493   -0.720   -0.646   -0.630   -0.553    2.563
 451    11500  2.50   -0.628   -1.563   -0.683   -0.616   -0.617   -0.540    2.551
 452    11500  3.00   -0.623   -1.605   -0.673   -0.602   -0.612   -0.542    2.520
 453    11500  3.50   -0.620   -1.628   -0.675   -0.594   -0.608   -0.551    2.478
 454    11500  4.00   -0.616   -1.636   -0.687   -0.588   -0.604   -0.565    2.426
 455    11500  4.50   -0.611   -1.632   -0.705   -0.582   -0.598   -0.584    2.365
 456    11500  5.00   -0.604   -1.616   -0.733   -0.577   -0.590   -0.608    2.298
 457    11750  2.00   -0.692   -1.492   -0.765   -0.694   -0.680   -0.600    2.518
 458    11750  2.50   -0.679   -1.563   -0.728   -0.664   -0.667   -0.587    2.506
 459    11750  3.00   -0.674   -1.606   -0.718   -0.651   -0.662   -0.589    2.476
 460    11750  3.50   -0.671   -1.631   -0.720   -0.643   -0.659   -0.598    2.435
 461    11750  4.00   -0.668   -1.642   -0.731   -0.637   -0.656   -0.612    2.386
 462    11750  4.50   -0.663   -1.640   -0.748   -0.632   -0.651   -0.630    2.327
 463    11750  5.00   -0.656   -1.627   -0.773   -0.626   -0.643   -0.652    2.262
 464    12000  2.50   -0.728   -1.566   -0.772   -0.712   -0.717   -0.634    2.462
 465    12000  3.00   -0.724   -1.610   -0.762   -0.698   -0.712   -0.636    2.432
 466    12000  3.50   -0.721   -1.636   -0.765   -0.691   -0.710   -0.645    2.393
 467    12000  4.00   -0.719   -1.648   -0.775   -0.686   -0.707   -0.659    2.344
 468    12000  4.50   -0.714   -1.649   -0.792   -0.680   -0.702   -0.676    2.288
 469    12000  5.00   -0.708   -1.639   -0.815   -0.674   -0.695   -0.697    2.225
 470    12250  2.50   -0.777   -1.570   -0.816   -0.758   -0.766   -0.680    2.418
 471    12250  3.00   -0.773   -1.615   -0.806   -0.746   -0.762   -0.683    2.389
 472    12250  3.50   -0.771   -1.642   -0.809   -0.739   -0.760   -0.692    2.350
 473    12250  4.00   -0.769   -1.656   -0.819   -0.733   -0.757   -0.705    2.303
 474    12250  4.50   -0.765   -1.659   -0.835   -0.728   -0.753   -0.721    2.249
 475    12250  5.00   -0.759   -1.652   -0.857   -0.723   -0.746   -0.742    2.188
 476    12500  2.50   -0.826   -1.577   -0.860   -0.805   -0.814   -0.726    2.375
 477    12500  3.00   -0.822   -1.623   -0.850   -0.792   -0.811   -0.729    2.346
 478    12500  3.50   -0.820   -1.651   -0.853   -0.786   -0.809   -0.738    2.308
 479    12500  4.00   -0.818   -1.666   -0.862   -0.781   -0.807   -0.751    2.262
 480    12500  4.50   -0.815   -1.670   -0.878   -0.776   -0.803   -0.767    2.209
 481    12500  5.00   -0.809   -1.665   -0.899   -0.770   -0.796   -0.787    2.150
 482    12750  2.50   -0.873   -1.585   -0.903   -0.850   -0.862   -0.772    2.332
 483    12750  3.00   -0.870   -1.632   -0.893   -0.838   -0.859   -0.774    2.303
 484    12750  3.50   -0.869   -1.660   -0.896   -0.832   -0.858   -0.784    2.265
 485    12750  4.00   -0.867   -1.676   -0.905   -0.828   -0.856   -0.796    2.221
 486    12750  4.50   -0.864   -1.681   -0.920   -0.823   -0.852   -0.812    2.169
 487    12750  5.00   -0.859   -1.678   -0.940   -0.817   -0.846   -0.831    2.113
 488    13000  2.50   -0.920   -1.595   -0.945   -0.895   -0.909   -0.816    2.289
 489    13000  3.00   -0.918   -1.642   -0.936   -0.884   -0.907   -0.819    2.261
 490    13000  3.50   -0.917   -1.671   -0.939   -0.878   -0.906   -0.829    2.224
 491    13000  4.00   -0.915   -1.687   -0.948   -0.874   -0.904   -0.841    2.179
 492    13000  4.50   -0.912   -1.694   -0.963   -0.869   -0.901   -0.857    2.129
 493    13000  5.00   -0.908   -1.691   -0.982   -0.864   -0.895   -0.875    2.074
 494    14000  2.00   -1.115   -1.555   -1.151   -1.101   -1.103   -1.004    2.132
 495    14000  2.50   -1.102   -1.642   -1.108   -1.068   -1.091   -0.988    2.125
 496    14000  3.00   -1.101   -1.694   -1.100   -1.059   -1.090   -0.993    2.096
 497    14000  3.50   -1.102   -1.725   -1.104   -1.055   -1.091   -1.004    2.060
 498    14000  4.00   -1.102   -1.743   -1.114   -1.052   -1.091   -1.016    2.018
 499    14000  4.50   -1.100   -1.751   -1.128   -1.048   -1.088   -1.031    1.972
 500    14000  5.00   -1.096   -1.751   -1.146   -1.044   -1.084   -1.048    1.921
 501    15000  2.50   -1.271   -1.696   -1.262   -1.231   -1.261   -1.150    1.970
 502    15000  3.00   -1.274   -1.755   -1.256   -1.224   -1.263   -1.157    1.940
 503    15000  3.50   -1.277   -1.789   -1.261   -1.222   -1.266   -1.169    1.904
 504    15000  4.00   -1.278   -1.808   -1.272   -1.221   -1.267   -1.183    1.863
 505    15000  4.50   -1.277   -1.817   -1.285   -1.218   -1.266   -1.197    1.819
 506    15000  5.00   -1.273   -1.818   -1.302   -1.214   -1.262   -1.213    1.771
 507    16000  2.50   -1.430   -1.751   -1.407   -1.383   -1.420   -1.302    1.824
 508    16000  3.00   -1.436   -1.818   -1.401   -1.379   -1.425   -1.311    1.793
 509    16000  3.50   -1.441   -1.857   -1.409   -1.380   -1.431   -1.325    1.756
 510    16000  4.00   -1.444   -1.879   -1.421   -1.380   -1.434   -1.340    1.715
 511    16000  4.50   -1.444   -1.889   -1.435   -1.378   -1.433   -1.354    1.672
 512    16000  5.00   -1.441   -1.891   -1.451   -1.375   -1.430   -1.370    1.627
 513    17000  2.50   -1.579   -1.805   -1.543   -1.527   -1.568   -1.445    1.687
 514    17000  3.00   -1.587   -1.881   -1.539   -1.524   -1.577   -1.456    1.655
 515    17000  3.50   -1.596   -1.926   -1.548   -1.527   -1.585   -1.472    1.616
 516    17000  4.00   -1.601   -1.952   -1.561   -1.530   -1.590   -1.488    1.576
 517    17000  4.50   -1.602   -1.964   -1.576   -1.530   -1.591   -1.503    1.533
 518    17000  5.00   -1.600   -1.967   -1.592   -1.527   -1.589   -1.519    1.489
 519    18000  2.50   -1.718   -1.859   -1.671   -1.662   -1.708   -1.578    1.558
 520    18000  3.00   -1.729   -1.942   -1.667   -1.660   -1.719   -1.591    1.525
 521    18000  3.50   -1.740   -1.993   -1.679   -1.666   -1.730   -1.610    1.485
 522    18000  4.00   -1.748   -2.023   -1.694   -1.671   -1.737   -1.628    1.444
 523    18000  4.50   -1.750   -2.038   -1.709   -1.672   -1.740   -1.644    1.402
 524    18000  5.00   -1.750   -2.042   -1.726   -1.671   -1.739   -1.660    1.359
 525    19000  2.50   -1.849   -1.911   -1.792   -1.789   -1.839   -1.704    1.436
 526    19000  3.00   -1.862   -2.001   -1.789   -1.789   -1.853   -1.719    1.403
 527    19000  3.50   -1.877   -2.058   -1.802   -1.797   -1.867   -1.740    1.361
 528    19000  4.00   -1.886   -2.092   -1.819   -1.804   -1.876   -1.759    1.319
 529    19000  4.50   -1.891   -2.110   -1.835   -1.807   -1.880   -1.777    1.277
 530    19000  5.00   -1.891   -2.117   -1.853   -1.807   -1.880   -1.793    1.235
 531    20000  3.00   -1.988   -2.061   -1.903   -1.909   -1.978   -1.838    1.287
 532    20000  3.50   -2.005   -2.121   -1.919   -1.921   -1.995   -1.862    1.244
 533    20000  4.00   -2.017   -2.159   -1.937   -1.930   -2.007   -1.883    1.202
 534    20000  4.50   -2.023   -2.180   -1.955   -1.934   -2.013   -1.902    1.160
 535    20000  5.00   -2.024   -2.189   -1.972   -1.935   -2.014   -1.919    1.118
 536    21000  3.00   -2.105   -2.118   -2.010   -2.023   -2.096   -1.951    1.178
 537    21000  3.50   -2.126   -2.184   -2.028   -2.037   -2.117   -1.977    1.133
 538    21000  4.00   -2.140   -2.224   -2.048   -2.048   -2.130   -2.001    1.090
 539    21000  4.50   -2.148   -2.248   -2.067   -2.054   -2.138   -2.020    1.049
 540    21000  5.00   -2.150   -2.259   -2.085   -2.056   -2.140   -2.038    1.007
 541    22000  3.00   -2.215   -2.172   -2.111   -2.129   -2.206   -2.056    1.077
 542    22000  3.50   -2.240   -2.245   -2.132   -2.147   -2.231   -2.086    1.029
 543    22000  4.00   -2.257   -2.289   -2.154   -2.160   -2.247   -2.112    0.984
 544    22000  4.50   -2.266   -2.314   -2.174   -2.168   -2.256   -2.132    0.943
 545    22000  5.00   -2.270   -2.327   -2.192   -2.171   -2.260   -2.150    0.902
 546    23000  3.00   -2.318   -2.223   -2.204   -2.227   -2.309   -2.154    0.982
 547    23000  3.50   -2.347   -2.303   -2.229   -2.250   -2.338   -2.189    0.930
 548    23000  4.00   -2.367   -2.351   -2.254   -2.266   -2.358   -2.217    0.884
 549    23000  4.50   -2.378   -2.378   -2.275   -2.276   -2.369   -2.239    0.842
 550    23000  5.00   -2.383   -2.393   -2.294   -2.280   -2.373   -2.257    0.801
 551    24000  3.00   -2.412   -2.267   -2.289   -2.318   -2.403   -2.244    0.896
 552    24000  3.50   -2.448   -2.358   -2.320   -2.347   -2.440   -2.285    0.837
 553    24000  4.00   -2.471   -2.410   -2.348   -2.367   -2.462   -2.316    0.789
 554    24000  4.50   -2.484   -2.441   -2.370   -2.378   -2.475   -2.340    0.746
 555    24000  5.00   -2.491   -2.456   -2.390   -2.384   -2.481   -2.359    0.706
 556    25000  3.00   -2.494   -2.301   -2.364   -2.397   -2.486   -2.322    0.821
 557    25000  3.50   -2.542   -2.410   -2.405   -2.437   -2.534   -2.375    0.751
 558    25000  4.00   -2.569   -2.467   -2.436   -2.461   -2.560   -2.409    0.699
 559    25000  4.50   -2.585   -2.500   -2.461   -2.475   -2.575   -2.435    0.655
 560    25000  5.00   -2.592   -2.518   -2.481   -2.482   -2.583   -2.455    0.614
 561    26000  3.00   -2.563   -2.320   -2.429   -2.465   -2.554   -2.388    0.760
 562    26000  3.50   -2.629   -2.456   -2.483   -2.521   -2.621   -2.457    0.671
 563    26000  4.00   -2.661   -2.520   -2.519   -2.549   -2.652   -2.497    0.615
 564    26000  4.50   -2.679   -2.556   -2.545   -2.565   -2.670   -2.524    0.569
 565    26000  5.00   -2.688   -2.576   -2.567   -2.574   -2.679   -2.546    0.528
 566    27000  3.50   -2.707   -2.494   -2.552   -2.595   -2.699   -2.531    0.601
 567    27000  4.00   -2.747   -2.569   -2.595   -2.631   -2.738   -2.578    0.537
 568    27000  4.50   -2.768   -2.609   -2.625   -2.651   -2.759   -2.608    0.489
 569    27000  5.00   -2.779   -2.630   -2.647   -2.661   -2.770   -2.631    0.448
 570    28000  3.50   -2.775   -2.523   -2.613   -2.660   -2.767   -2.595    0.541
 571    28000  4.00   -2.825   -2.612   -2.665   -2.706   -2.817   -2.652    0.466
 572    28000  4.50   -2.850   -2.657   -2.698   -2.730   -2.842   -2.686    0.415
 573    28000  5.00   -2.863   -2.681   -2.722   -2.742   -2.854   -2.711    0.372
 574    29000  3.50   -2.837   -2.547   -2.669   -2.720   -2.828   -2.653    0.487
 575    29000  4.00   -2.896   -2.647   -2.727   -2.774   -2.888   -2.718    0.403
 576    29000  4.50   -2.926   -2.700   -2.765   -2.803   -2.918   -2.758    0.347
 577    29000  5.00   -2.942   -2.727   -2.792   -2.817   -2.933   -2.785    0.303
 578    30000  3.50   -2.898   -2.575   -2.727   -2.781   -2.889   -2.711    0.434
 579    30000  4.00   -2.960   -2.678   -2.783   -2.835   -2.952   -2.778    0.348
 580    30000  4.50   -2.996   -2.737   -2.826   -2.869   -2.988   -2.823    0.285
 581    30000  5.00   -3.014   -2.768   -2.855   -2.887   -3.006   -2.852    0.239
 582    31000  3.50   -2.962   -2.612   -2.790   -2.845   -2.953   -2.773    0.376
 583    31000  4.00   -3.020   -2.706   -2.837   -2.893   -3.012   -2.834    0.296
 584    31000  4.50   -3.060   -2.770   -2.882   -2.930   -3.052   -2.883    0.230
 585    31000  5.00   -3.082   -2.805   -2.914   -2.951   -3.073   -2.915    0.181
 586    32000  4.00   -3.078   -2.737   -2.891   -2.950   -3.070   -2.889    0.245
 587    32000  4.50   -3.120   -2.802   -2.936   -2.988   -3.112   -2.939    0.179
 588    32000  5.00   -3.144   -2.839   -2.969   -3.011   -3.136   -2.973    0.128
 589    33000  4.00   -3.140   -2.776   -2.950   -3.012   -3.132   -2.948    0.190
 590    33000  4.50   -3.178   -2.833   -2.987   -3.044   -3.170   -2.992    0.129
 591    33000  5.00   -3.203   -2.872   -3.021   -3.068   -3.196   -3.027    0.078
 592    34000  4.00   -3.207   -2.824   -3.014   -3.078   -3.198   -3.012    0.130
 593    34000  4.50   -3.238   -2.870   -3.042   -3.103   -3.229   -3.048    0.078
 594    34000  5.00   -3.262   -2.906   -3.072   -3.125   -3.254   -3.081    0.029
 595    35000  4.00   -3.278   -2.880   -3.084   -3.149   -3.268   -3.081    0.065
 596    35000  4.50   -3.301   -2.914   -3.101   -3.165   -3.292   -3.108    0.022
 597    35000  5.00   -3.322   -2.945   -3.127   -3.183   -3.313   -3.137   -0.022
 598    36000  4.00   -3.354   -2.943   -3.158   -3.225   -3.343   -3.154   -0.006
 599    36000  4.50   -3.367   -2.964   -3.165   -3.231   -3.357   -3.171   -0.037
 600    36000  5.00   -3.384   -2.989   -3.184   -3.245   -3.375   -3.195   -0.076
 601    37000  4.00   -3.433   -3.013   -3.236   -3.304   -3.422   -3.232   -0.082
 602    37000  4.50   -3.437   -3.022   -3.233   -3.301   -3.427   -3.238   -0.101
 603    37000  5.00   -3.449   -3.039   -3.246   -3.309   -3.439   -3.256   -0.133
 604    38000  4.00   -3.515   -3.087   -3.316   -3.385   -3.504   -3.313   -0.161
 605    38000  4.50   -3.511   -3.085   -3.305   -3.374   -3.500   -3.310   -0.169
 606    38000  5.00   -3.517   -3.095   -3.311   -3.377   -3.507   -3.321   -0.194
 607    39000  4.00   -3.597   -3.162   -3.397   -3.466   -3.585   -3.394   -0.241
 608    39000  4.50   -3.588   -3.154   -3.380   -3.451   -3.577   -3.385   -0.242
 609    39000  5.00   -3.588   -3.156   -3.380   -3.448   -3.578   -3.390   -0.259
 610    40000  4.50   -3.666   -3.225   -3.456   -3.529   -3.655   -3.462   -0.317
 611    40000  5.00   -3.663   -3.222   -3.452   -3.521   -3.651   -3.461   -0.328
 612    41000  4.50   -3.745   -3.297   -3.533   -3.606   -3.733   -3.539   -0.393
 613    41000  5.00   -3.738   -3.290   -3.525   -3.597   -3.727   -3.535   -0.399
 614    42000  4.50   -3.823   -3.369   -3.609   -3.684   -3.811   -3.616   -0.469
 615    42000  5.00   -3.815   -3.360   -3.600   -3.672   -3.803   -3.610   -0.472
 616    43000  4.50   -3.900   -3.441   -3.683   -3.759   -3.887   -3.691   -0.544
 617    43000  5.00   -3.891   -3.431   -3.674   -3.748   -3.879   -3.685   -0.546
 618    44000  4.50   -3.975   -3.511   -3.757   -3.834   -3.963   -3.766   -0.617
 619    44000  5.00   -3.967   -3.501   -3.747   -3.823   -3.954   -3.759   -0.619
 620    45000  4.50   -4.048   -3.580   -3.829   -3.907   -4.036   -3.838   -0.689
 621    45000  5.00   -4.041   -3.571   -3.820   -3.896   -4.029   -3.833   -0.692
 622    46000  4.50   -4.120   -3.647   -3.899   -3.978   -4.108   -3.909   -0.760
 623    46000  5.00   -4.114   -3.639   -3.891   -3.969   -4.102   -3.905   -0.763
 624    47000  4.50   -4.190   -3.713   -3.968   -4.047   -4.178   -3.979   -0.829
 625    47000  5.00   -4.186   -3.707   -3.961   -4.039   -4.173   -3.975   -0.833
 626    48000  4.50   -4.259   -3.778   -4.035   -4.116   -4.247   -4.047   -0.897
 627    48000  5.00   -4.256   -3.773   -4.029   -4.109   -4.243   -4.044   -0.901
 628    49000  4.50   -4.326   -3.841   -4.101   -4.182   -4.314   -4.114   -0.963
 629    49000  5.00   -4.324   -3.837   -4.096   -4.176   -4.312   -4.112   -0.969
 630    50000  5.00   -4.391   -3.900   -4.161   -4.243   -4.379   -4.178   -1.034
 631    56101  5.00   -4.493   -3.991   -4.276   -4.359   -4.487   -4.283   -1.116
 632    62946  5.00   -4.838   -4.317   -4.611   -4.698   -4.832   -4.625   -1.457
 633    70627  5.00   -5.186   -4.649   -4.950   -5.042   -5.181   -4.970   -1.802
 634    79245  5.00   -5.538   -4.986   -5.293   -5.390   -5.532   -5.319   -2.151
 635    88914  5.00   -5.892   -5.327   -5.641   -5.740   -5.887   -5.671   -2.502
 636    99763  5.00   -6.249   -5.672   -5.991   -6.094   -6.243   -6.025   -2.857
 637   111936  5.00   -6.607   -6.021   -6.344   -6.450   -6.602   -6.382   -3.213
 638   125595  5.00   -6.968   -6.373   -6.699   -6.808   -6.963   -6.741   -3.572
 639   140920  5.00   -7.330   -6.727   -7.057   -7.167   -7.325   -7.101   -3.933
 640   158115  5.00   -7.693   -7.084   -7.417   -7.529   -7.689   -7.463   -4.295
 641   177407  5.00   -8.058   -7.443   -7.778   -7.892   -8.054   -7.827   -4.658
 642   199055  5.00   -8.424   -7.803   -8.141   -8.257   -8.420   -8.192   -5.023
 643   223343  5.00   -8.791   -8.165   -8.506   -8.622   -8.787   -8.558   -5.389
 644   250595  5.00   -9.159   -8.529   -8.871   -8.989   -9.155   -8.925   -5.756
 645   281172  5.00   -9.528   -8.894   -9.238   -9.357   -9.523   -9.293   -6.124
 646   315481  5.00   -9.897   -9.260   -9.605   -9.725   -9.893   -9.662   -6.493
 647   353975  5.00  -10.267   -9.627   -9.974  -10.094  -10.263  -10.031   -6.862
 648   397167  5.00  -10.638   -9.995  -10.343  -10.464  -10.633  -10.401   -7.232
 649   445629  5.00  -11.009  -10.364  -10.712  -10.834  -11.004  -10.772   -7.603
 650   500004  5.00  -11.380  -10.733  -11.083  -11.205  -11.376  -11.143   -7.974
 651   561014  5.00  -11.752  -11.103  -11.453  -11.576  -11.748  -11.514   -8.345
 652   629469  5.00  -12.124  -11.474  -11.825  -11.948  -12.120  -11.886   -8.717
 653   706276  5.00  -12.497  -11.845  -12.196  -12.320  -12.492  -12.258   -9.089
 654   792455  5.00  -12.869  -12.216  -12.568  -12.693  -12.865  -12.631   -9.462
 655   889149  5.00  -13.242  -12.588  -12.941  -13.065  -13.238  -13.004   -9.835
 656   997642  5.00  -13.616  -12.960  -13.313  -13.438  -13.611  -13.377  -10.208
 657  1119373  5.00  -13.989  -13.333  -13.686  -13.812  -13.985  -13.750  -10.581
 658  1255958  5.00  -14.363  -13.705  -14.059  -14.185  -14.359  -14.123  -10.954
 659  1409209  5.00  -14.736  -14.079  -14.433  -14.558  -14.732  -14.497  -11.328
 660  1581159  5.00  -15.110  -14.452  -14.806  -14.932  -15.106  -14.871  -11.702
 661  1774090  5.00  -15.484  -14.825  -15.180  -15.306  -15.480  -15.245  -12.076
 662  1990563  5.00  -15.858  -15.199  -15.554  -15.680  -15.854  -15.619  -12.450
 663  2233450  5.00  -16.233  -15.573  -15.928  -16.054  -16.229  -15.993  -12.824
 664  2505973  5.00  -16.607  -15.946  -16.302  -16.428  -16.603  -16.367  -13.198
 665  2811749  5.00  -16.981  -16.320  -16.676  -16.802  -16.977  -16.741  -13.572
 666  3154836  5.00  -17.356  -16.695  -17.050  -17.177  -17.352  -17.116  -13.947
 667  3539785  5.00  -17.730  -17.069  -17.425  -17.551  -17.726  -17.490  -14.321
 668  3971706  5.00  -18.105  -17.443  -17.799  -17.926  -18.101  -17.865  -14.695
 669  4456330  5.00  -18.479  -17.817  -18.174  -18.300  -18.475  -18.239  -15.070
# BCs for Fluks et al. 1994 M-giant spectra:
#  n     Teff  logg        V        u        v        b        y     Hb_w     Hb_n
   0     3810  0.00   -1.256   -5.855   -3.811   -2.265   -1.232   -1.931    1.170
   1     3736  0.00   -1.480   -6.115   -4.030   -2.530   -1.453   -2.183    0.891
   2     3666  0.00   -1.722   -6.391   -4.273   -2.831   -1.685   -2.446    0.605
   3     3574  0.00   -2.104   -6.631   -4.515   -3.335   -2.066   -2.904    0.104
   4     3434  0.00   -2.802   -7.168   -5.018   -4.097   -2.781   -3.622   -0.650
   5     3309  0.00   -3.818   -7.714   -5.676   -5.319   -3.824   -4.702   -1.846
   6     3126  0.00   -5.168   -8.671   -6.868   -6.762   -5.175   -6.081   -3.187
   7     2890  0.00   -6.368   -9.380   -8.016   -8.321   -6.476   -7.597   -4.711
   8     2667  0.00   -7.217  -10.106   -8.903   -9.329   -7.494   -8.675   -5.740
   9     2500  0.00   -7.956  -10.833   -9.685  -10.041   -8.267   -9.416   -6.458
