# BCs for ATLAS9 + DUSTY99 + blackbody spectra:
#  n     Teff  logg        V        u        v        b        y     Hb_w     Hb_n
   0      500  3.50  -59.119  -999999  -999999  -999999  -69.842  -999999  -999999
   1      500  4.00  -58.200  -999999  -999999  -999999  -68.661  -999999  -999999
   2      500  4.50  -57.680  -999999  -999999  -999999  -68.279  -999999  -999999
   3      500  5.00  -55.682  -999999  -999999  -999999  -65.895  -999999  -999999
   4      500  5.50  -53.129  -999999  -999999  -77.839  -62.792  -74.046  -72.082
   5      500  6.00  -50.570  -999999  -999999  -73.559  -59.666  -70.445  -68.139
   6      600  3.50  -48.322  -999999  -81.826  -68.908  -56.215  -65.938  -63.528
   7      600  4.00  -47.751  -999999  -79.978  -68.065  -55.506  -65.113  -62.691
   8      600  4.50  -48.940  -999999  -999999  -70.347  -57.240  -67.330  -64.953
   9      600  5.00  -47.334  -999999  -80.497  -68.247  -55.370  -65.265  -62.864
  10      600  5.50  -45.369  -999999  -76.877  -65.597  -53.040  -62.662  -60.230
  11      600  6.00  -43.273  -999999  -73.364  -62.648  -50.494  -59.771  -57.303
  12      700  3.50  -39.934  -78.334  -66.031  -56.493  -45.790  -53.826  -51.246
  13      700  4.00  -39.478  -77.496  -65.256  -55.814  -45.226  -53.167  -50.578
  14      700  4.50  -40.458  -80.287  -67.379  -57.610  -46.597  -54.898  -52.340
  15      700  5.00  -39.630  -78.615  -66.275  -56.600  -45.671  -53.906  -51.340
  16      700  5.50  -37.999  -75.828  -63.999  -54.536  -43.814  -51.882  -49.297
  17      700  6.00  -36.018  -72.392  -61.003  -51.857  -41.480  -49.265  -46.652
  18      800  3.50  -32.303  -64.147  -53.631  -45.576  -36.566  -43.220  -40.512
  19      800  4.00  -32.488  -64.388  -53.844  -45.780  -36.764  -43.422  -40.714
  20      800  4.50  -33.329  -66.328  -55.587  -47.259  -37.898  -44.841  -42.156
  21      800  5.00  -32.505  -65.230  -54.615  -46.346  -37.022  -43.940  -41.251
  22      800  5.50  -31.284  -63.618  -53.178  -44.968  -35.688  -42.574  -39.880
  23      800  6.00  -29.531  -60.811  -50.636  -42.632  -33.625  -40.286  -37.574
  24      900  3.50  -25.811  -52.281  -43.075  -36.258  -28.769  -34.202  -31.394
  25      900  4.00  -25.745  -52.409  -43.156  -36.289  -28.739  -34.221  -31.417
  26      900  4.50  -26.747  -54.699  -45.171  -37.986  -30.030  -35.837  -33.058
  27      900  5.00  -25.224  -52.635  -43.224  -36.138  -28.330  -34.015  -31.227
  28      900  5.50  -25.253  -52.725  -43.302  -36.198  -28.370  -34.072  -31.285
  29     1000  3.50  -22.629  -46.305  -37.779  -31.635  -24.979  -29.755  -26.897
  30     1000  4.00  -22.027  -45.364  -36.926  -30.861  -24.302  -29.001  -26.137
  31     1000  4.50  -21.798  -45.471  -36.927  -30.765  -24.109  -28.881  -26.023
  32     1000  5.00  -21.566  -45.612  -36.936  -30.665  -23.911  -28.755  -25.904
  33     1000  5.50  -21.151  -45.144  -36.452  -30.184  -23.458  -28.279  -25.426
  34     1000  6.00  -20.198  -43.402  -34.896  -28.822  -22.342  -26.969  -24.103
  35     1100  3.50  -19.595  -40.661  -32.853  -27.338  -21.439  -25.627  -22.725
  36     1100  4.00  -19.329  -40.241  -32.476  -26.998  -21.142  -25.297  -22.392
  37     1100  4.50  -19.142  -40.244  -32.394  -26.863  -20.965  -25.150  -22.248
  38     1100  5.00  -18.642  -39.800  -31.898  -26.342  -20.442  -24.625  -21.724
  39     1100  5.50  -18.053  -39.131  -31.210  -25.665  -19.807  -23.955  -21.052
  40     1100  6.00  -23.043  -46.719  -38.193  -32.049  -25.393  -30.169  -27.311
  41     1200  3.50  -16.880  -35.578  -28.509  -23.572  -18.325  -22.018  -19.080
  42     1200  4.00  -16.880  -35.578  -28.509  -23.572  -18.325  -22.018  -19.080
  43     1200  4.50  -16.880  -35.578  -28.509  -23.572  -18.325  -22.018  -19.080
  44     1200  5.00  -16.749  -35.872  -28.639  -23.588  -18.234  -22.005  -19.072
  45     1200  6.00  -15.508  -34.227  -27.039  -22.076  -16.874  -20.525  -17.585
  46     1300  3.50  -14.478  -31.066  -24.704  -20.285  -15.606  -18.874  -15.905
  47     1300  4.00  -14.512  -31.094  -24.738  -20.322  -15.642  -18.911  -15.942
  48     1300  4.50  -14.879  -31.897  -25.394  -20.868  -16.068  -19.427  -16.463
  49     1300  5.00  -14.825  -31.926  -25.399  -20.849  -16.023  -19.400  -16.438
  50     1300  5.50  -14.600  -31.885  -25.258  -20.653  -15.796  -19.193  -16.234
  51     1300  6.00  -17.119  -35.706  -28.675  -23.766  -18.548  -22.220  -19.279
  52     1400  3.50  -12.481  -27.303  -21.547  -17.566  -13.371  -16.279  -13.285
  53     1400  4.00  -12.508  -27.344  -21.588  -17.603  -13.401  -16.314  -13.320
  54     1400  4.50  -12.726  -27.836  -21.999  -17.942  -13.653  -16.632  -13.642
  55     1400  5.00  -12.953  -28.357  -22.413  -18.280  -13.912  -16.949  -13.963
  56     1400  5.50  -12.709  -28.323  -22.253  -18.057  -13.654  -16.712  -13.728
  57     1400  6.00  -12.712  -28.341  -22.265  -18.064  -13.658  -16.718  -13.735
  58     1500  3.50  -10.953  -24.481  -19.186  -15.538  -11.692  -14.344  -11.332
  59     1500  4.00  -10.917  -24.364  -19.094  -15.464  -11.642  -14.275  -11.262
  60     1500  4.50  -11.130  -24.898  -19.516  -15.798  -11.886  -14.585  -11.576
  61     1500  5.00  -11.228  -25.132  -19.706  -15.947  -11.995  -14.723  -11.716
  62     1500  5.50  -11.297  -25.380  -19.880  -16.069  -12.070  -14.831  -11.827
  63     1500  6.00  -11.279  -25.460  -19.903  -16.060  -12.043  -14.816  -11.813
  64     1600  3.50   -9.634  -22.474  -17.431  -13.937  -10.264  -12.770   -9.766
  65     1600  4.00   -9.639  -22.228  -17.275  -13.859  -10.257  -12.722   -9.705
  66     1600  4.50   -9.690  -22.333  -17.351  -13.917  -10.311  -12.783   -9.761
  67     1600  5.00   -9.767  -22.441  -17.447  -14.004  -10.389  -12.868   -9.846
  68     1600  5.50   -9.836  -22.640  -17.589  -14.104  -10.459  -12.960   -9.938
  69     1600  6.00   -9.894  -22.820  -17.705  -14.179  -10.509  -13.026  -10.006
  70     1700  3.50   -8.431  -20.722  -15.547  -12.254   -8.877  -11.022   -8.170
  71     1700  4.00   -8.056  -20.320  -15.233  -11.830   -8.474  -10.642   -7.743
  72     1700  4.50   -7.331  -19.075  -14.032  -10.745   -7.642   -9.598   -6.743
  73     1700  5.00   -8.192  -20.116  -15.319  -11.967   -8.629  -10.834   -7.878
  74     1700  5.50   -8.520  -20.363  -15.645  -12.379   -9.009  -11.287   -8.272
  75     1700  6.00   -8.674  -20.567  -15.813  -12.549   -9.171  -11.470   -8.439
  76     1800  3.50   -7.719  -19.204  -13.880  -11.121   -8.032   -9.806   -7.159
  77     1800  4.00   -7.502  -18.788  -13.878  -10.812   -7.793   -9.600   -6.857
  78     1800  4.50   -6.906  -17.721  -13.030   -9.985   -7.137   -8.853   -6.069
  79     1800  5.00   -6.889  -17.562  -13.012   -9.919   -7.113   -8.813   -6.011
  80     1800  5.50   -7.371  -18.422  -13.861  -10.672   -7.678   -9.569   -6.665
  81     1800  6.00   -7.438  -18.538  -13.971  -10.805   -7.770   -9.718   -6.763
  82     1900  3.50   -6.963  -16.235  -11.567   -9.804   -7.137   -8.473   -6.027
  83     1900  4.00   -7.039  -17.553  -12.708   -9.998   -7.221   -8.711   -6.185
  84     1900  4.50   -7.413  -18.637  -13.786  -10.591   -7.649   -9.355   -6.691
  85     1900  5.00   -6.894  -17.522  -12.947   -9.825   -7.078   -8.660   -5.959
  86     1900  5.50   -7.060  -17.485  -13.098  -10.046   -7.290   -8.941   -6.115
  87     1900  6.00   -7.051  -17.449  -13.063  -10.093   -7.318   -9.044   -6.115
  88     2000  3.50   -6.560  -14.047  -10.003   -8.995   -6.632   -7.695   -5.346
  89     2000  4.00   -6.498  -15.543  -11.170   -9.067   -6.573   -7.774   -5.406
  90     2000  4.50   -6.469  -16.552  -11.990   -9.110   -6.549   -7.814   -5.433
  91     2000  5.00   -6.596  -17.108  -12.496   -9.286   -6.694   -8.022   -5.544
  92     2000  5.50   -6.870  -17.037  -12.745   -9.685   -7.043   -8.530   -5.818
  93     2000  6.00   -6.688  -16.528  -12.323   -9.464   -6.888   -8.405   -5.545
  94     2100  4.00   -6.043  -13.629   -9.809   -8.269   -6.038   -7.054   -4.708
  95     2100  5.00   -5.961  -15.747  -11.424   -8.312   -5.961   -7.028   -4.731
  96     2100  5.50   -6.396  -16.623  -12.202   -8.885   -6.447   -7.605   -5.157
  97     2100  6.00   -6.592  -16.404  -12.222   -9.200   -6.732   -7.987   -5.323
  98     2200  3.50   -5.558  -10.820   -7.634   -7.427   -5.505   -6.339   -3.865
  99     2200  4.00   -5.552  -11.925   -8.571   -7.494   -5.490   -6.393   -3.978
 100     2200  4.50   -5.601  -13.258   -9.698   -7.632   -5.534   -6.454   -4.179
 101     2200  5.00   -5.630  -14.646  -10.710   -7.753   -5.569   -6.505   -4.274
 102     2200  5.50   -5.862  -15.705  -11.463   -8.054   -5.825   -6.754   -4.458
 103     2200  6.00   -5.973  -15.873  -11.610   -8.190   -5.973   -6.820   -4.423
 104     2300  3.50   -5.052   -9.756   -6.826   -6.773   -4.971   -5.799   -3.208
 105     2300  4.00   -5.062  -10.701   -7.619   -6.829   -4.969   -5.843   -3.307
 106     2300  4.50   -5.168  -11.927   -8.678   -6.999   -5.064   -5.937   -3.559
 107     2300  5.00   -5.266  -13.430   -9.873   -7.191   -5.163   -6.036   -3.767
 108     2300  5.50   -5.419  -14.673  -10.775   -7.384   -5.321   -6.128   -3.879
 109     2300  6.00   -5.498  -15.102  -11.045   -7.489   -5.430   -6.138   -3.814
 110     2400  3.50   -4.559   -8.949   -6.200   -6.183   -4.468   -5.315   -2.609
 111     2400  4.00   -4.578   -9.715   -6.844   -6.219   -4.471   -5.344   -2.683
 112     2400  4.50   -4.704  -10.749   -7.745   -6.375   -4.580   -5.434   -2.919
 113     2400  5.50   -4.965  -13.394   -9.917   -6.732   -4.830   -5.581   -3.285
 114     2400  6.00   -5.142  -14.361  -10.585   -6.959   -5.027   -5.663   -3.331
 115     2500  3.50   -4.121   -8.421   -5.767   -5.687   -4.032   -4.908   -2.104
 116     2500  4.00   -4.124   -8.993   -6.257   -5.685   -4.018   -4.905   -2.132
 117     2500  4.50   -4.268   -9.850   -7.002   -5.829   -4.137   -4.995   -2.346
 118     2500  5.00   -4.378  -10.961   -7.982   -5.974   -4.235   -5.058   -2.549
 119     2500  5.50   -4.557  -12.316   -9.119   -6.190   -4.405   -5.145   -2.746
 120     2500  6.00   -4.746  -13.400   -9.944   -6.407   -4.599   -5.207   -2.808
 121     2600  3.50   -3.741   -8.008   -5.424   -5.256   -3.660   -4.546   -1.668
 122     2600  4.00   -3.722   -8.446   -5.805   -5.221   -3.624   -4.518   -1.658
 123     2600  4.50   -3.860   -9.145   -6.403   -5.342   -3.733   -4.598   -1.835
 124     2600  5.00   -3.945  -10.020   -7.187   -5.437   -3.803   -4.638   -1.980
 125     2600  5.50   -4.119  -11.220   -8.249   -5.629   -3.962   -4.718   -2.172
 126     2600  6.00   -4.347  -12.399   -9.209   -5.886   -4.184   -4.812   -2.301
 127     2700  3.50   -3.435   -7.676   -5.146   -4.899   -3.363   -4.240   -1.312
 128     2700  4.00   -3.373   -7.989   -5.432   -4.813   -3.283   -4.168   -1.246
 129     2700  4.50   -3.485   -8.547   -5.899   -4.897   -3.364   -4.226   -1.374
 130     2700  5.00   -3.548   -9.262   -6.534   -4.962   -3.415   -4.256   -1.475
 131     2700  5.50   -3.700  -10.264   -7.441   -5.117   -3.548   -4.327   -1.635
 132     2700  6.00   -3.926  -11.413   -8.427   -5.357   -3.757   -4.417   -1.772
 133     2800  5.00   -3.173   -8.595   -5.968   -4.515   -3.049   -3.884   -1.008
 134     2800  5.50   -3.307   -9.441   -6.733   -4.649   -3.166   -3.956   -1.144
 135     2900  5.00   -2.857   -8.048   -5.516   -4.140   -2.744   -3.564   -0.620
 136     2900  5.50   -2.949   -8.730   -6.124   -4.226   -2.819   -3.609   -0.702
 137     3000  5.00   -2.578   -7.572   -5.129   -3.806   -2.476   -3.272   -0.279
 138     3000  5.50   -2.636   -8.122   -5.614   -3.856   -2.519   -3.295   -0.320
 139     3100  5.00   -2.332   -7.155   -4.791   -3.505   -2.239   -3.006    0.024
 140     3100  5.50   -2.360   -7.589   -5.179   -3.529   -2.256   -3.012    0.013
 141     3200  5.00   -2.112   -6.791   -4.494   -3.234   -2.028   -2.763    0.292
 142     3200  5.50   -2.113   -7.121   -4.803   -3.235   -2.022   -2.753    0.304
 143     3300  5.00   -1.919   -6.473   -4.233   -2.992   -1.842   -2.545    0.531
 144     3300  5.50   -1.898   -6.720   -4.479   -2.975   -1.818   -2.522    0.565
 145     3400  5.00   -1.749   -6.211   -4.010   -2.776   -1.679   -2.347    0.749
 146     3400  5.50   -1.712   -6.375   -4.200   -2.746   -1.642   -2.311    0.798
 147     3500  5.00   -1.581   -5.956   -3.807   -2.575   -1.522   -2.161    0.954
 148     3500  5.50   -1.538   -6.050   -3.941   -2.535   -1.479   -2.121    1.009
 149     3600  5.00   -1.448   -5.779   -3.648   -2.402   -1.392   -2.002    1.127
 150     3600  5.50   -1.398   -5.813   -3.739   -2.358   -1.344   -1.956    1.184
 151     3700  5.00   -1.329   -5.639   -3.519   -2.244   -1.275   -1.858    1.288
 152     3700  5.50   -1.275   -5.616   -3.569   -2.200   -1.224   -1.809    1.343
 153     3800  5.00   -1.221   -5.526   -3.411   -2.099   -1.170   -1.725    1.435
 154     3800  5.50   -1.164   -5.449   -3.423   -2.055   -1.118   -1.675    1.490
 155     3500  0.00   -2.336   -8.052   -5.157   -3.593   -2.273   -3.084   -0.121
 156     3500  0.50   -2.454   -7.752   -4.936   -3.662   -2.390   -3.174   -0.234
 157     3500  1.00   -2.553   -7.445   -4.714   -3.721   -2.492   -3.248   -0.332
 158     3500  1.50   -2.630   -7.129   -4.490   -3.766   -2.575   -3.307   -0.409
 159     3500  2.00   -2.670   -6.803   -4.261   -3.777   -2.620   -3.331   -0.448
 160     3500  2.50   -2.667   -6.469   -4.031   -3.744   -2.619   -3.311   -0.437
 161     3500  3.00   -2.611   -6.146   -3.812   -3.650   -2.558   -3.237   -0.364
 162     3500  3.50   -2.489   -5.851   -3.607   -3.483   -2.424   -3.096   -0.215
 163     3500  4.00   -2.309   -5.589   -3.426   -3.259   -2.228   -2.901    0.001
 164     3500  4.50   -2.087   -5.350   -3.277   -3.007   -1.994   -2.674    0.260
 165     3500  5.00   -1.867   -5.195   -3.206   -2.777   -1.768   -2.459    0.516
 166     3750  0.00   -1.395   -7.618   -4.742   -2.614   -1.365   -2.093    0.988
 167     3750  0.50   -1.444   -7.321   -4.541   -2.608   -1.404   -2.123    0.957
 168     3750  1.00   -1.494   -7.035   -4.343   -2.602   -1.446   -2.151    0.926
 169     3750  1.50   -1.543   -6.750   -4.138   -2.592   -1.487   -2.174    0.898
 170     3750  2.00   -1.592   -6.466   -3.940   -2.585   -1.529   -2.198    0.867
 171     3750  2.50   -1.637   -6.179   -3.745   -2.581   -1.569   -2.220    0.836
 172     3750  3.00   -1.679   -5.909   -3.574   -2.584   -1.605   -2.245    0.802
 173     3750  3.50   -1.699   -5.665   -3.423   -2.573   -1.621   -2.252    0.787
 174     3750  4.00   -1.685   -5.454   -3.295   -2.538   -1.602   -2.233    0.805
 175     3750  4.50   -1.613   -5.247   -3.183   -2.456   -1.526   -2.162    0.885
 176     3750  5.00   -1.498   -5.062   -3.095   -2.339   -1.410   -2.050    1.014
 177     4000  0.00   -0.928   -7.001   -4.233   -2.057   -0.912   -1.520    1.578
 178     4000  0.50   -0.948   -6.727   -4.074   -2.032   -0.925   -1.531    1.572
 179     4000  1.00   -0.970   -6.460   -3.917   -2.010   -0.940   -1.542    1.567
 180     4000  1.50   -0.988   -6.195   -3.749   -1.973   -0.950   -1.541    1.576
 181     4000  2.00   -1.008   -5.937   -3.587   -1.940   -0.962   -1.543    1.580
 182     4000  2.50   -1.031   -5.700   -3.432   -1.911   -0.977   -1.548    1.581
 183     4000  3.00   -1.061   -5.487   -3.297   -1.900   -1.000   -1.567    1.567
 184     4000  3.50   -1.095   -5.313   -3.185   -1.901   -1.027   -1.594    1.542
 185     4000  4.00   -1.124   -5.168   -3.095   -1.907   -1.050   -1.621    1.516
 186     4000  4.50   -1.135   -5.037   -3.022   -1.908   -1.056   -1.635    1.503
 187     4000  5.00   -1.103   -4.893   -2.963   -1.885   -1.025   -1.612    1.533
 188     4250  0.00   -0.636   -6.083   -3.680   -1.665   -0.625   -1.137    1.962
 189     4250  0.50   -0.649   -5.879   -3.557   -1.641   -0.634   -1.143    1.959
 190     4250  1.00   -0.662   -5.658   -3.431   -1.616   -0.642   -1.150    1.958
 191     4250  1.50   -0.673   -5.436   -3.302   -1.581   -0.647   -1.147    1.967
 192     4250  2.00   -0.683   -5.220   -3.170   -1.541   -0.650   -1.139    1.983
 193     4250  2.50   -0.694   -5.041   -3.056   -1.506   -0.652   -1.136    1.997
 194     4250  3.00   -0.710   -4.895   -2.954   -1.480   -0.659   -1.139    2.005
 195     4250  3.50   -0.732   -4.793   -2.880   -1.473   -0.673   -1.158    1.998
 196     4250  4.00   -0.756   -4.723   -2.823   -1.474   -0.690   -1.184    1.984
 197     4250  4.50   -0.781   -4.668   -2.783   -1.485   -0.708   -1.214    1.963
 198     4250  5.00   -0.795   -4.603   -2.752   -1.497   -0.718   -1.238    1.947
 199     4500  0.00   -0.435   -5.214   -3.169   -1.365   -0.425   -0.865    2.234
 200     4500  0.50   -0.442   -5.074   -3.074   -1.342   -0.430   -0.866    2.234
 201     4500  1.00   -0.452   -4.922   -2.982   -1.322   -0.438   -0.872    2.231
 202     4500  1.50   -0.463   -4.755   -2.887   -1.300   -0.445   -0.875    2.232
 203     4500  2.00   -0.471   -4.589   -2.786   -1.266   -0.447   -0.870    2.243
 204     4500  2.50   -0.479   -4.442   -2.692   -1.231   -0.448   -0.864    2.257
 205     4500  3.00   -0.489   -4.339   -2.615   -1.202   -0.449   -0.861    2.270
 206     4500  3.50   -0.505   -4.268   -2.555   -1.186   -0.455   -0.868    2.275
 207     4500  4.00   -0.523   -4.233   -2.515   -1.180   -0.465   -0.885    2.273
 208     4500  4.50   -0.543   -4.226   -2.493   -1.181   -0.476   -0.907    2.266
 209     4500  5.00   -0.564   -4.227   -2.484   -1.191   -0.490   -0.936    2.252
 210     4750  0.00   -0.290   -4.546   -2.714   -1.116   -0.278   -0.665    2.434
 211     4750  0.50   -0.294   -4.424   -2.634   -1.097   -0.282   -0.661    2.438
 212     4750  1.00   -0.301   -4.306   -2.565   -1.083   -0.288   -0.663    2.437
 213     4750  1.50   -0.309   -4.183   -2.497   -1.069   -0.294   -0.667    2.435
 214     4750  2.00   -0.316   -4.055   -2.427   -1.048   -0.298   -0.667    2.439
 215     4750  2.50   -0.322   -3.936   -2.357   -1.021   -0.300   -0.663    2.448
 216     4750  3.00   -0.329   -3.847   -2.298   -0.995   -0.300   -0.659    2.459
 217     4750  3.50   -0.339   -3.785   -2.248   -0.974   -0.302   -0.658    2.468
 218     4750  4.00   -0.353   -3.754   -2.213   -0.961   -0.307   -0.665    2.473
 219     4750  4.50   -0.370   -3.754   -2.194   -0.954   -0.314   -0.677    2.474
 220     4750  5.00   -0.388   -3.777   -2.189   -0.953   -0.322   -0.694    2.472
 221     5000  0.00   -0.180   -4.052   -2.301   -0.898   -0.165   -0.506    2.592
 222     5000  0.50   -0.184   -3.923   -2.234   -0.886   -0.170   -0.501    2.597
 223     5000  1.00   -0.189   -3.804   -2.177   -0.877   -0.175   -0.502    2.597
 224     5000  1.50   -0.196   -3.692   -2.126   -0.870   -0.181   -0.505    2.594
 225     5000  2.00   -0.202   -3.584   -2.078   -0.860   -0.186   -0.508    2.594
 226     5000  2.50   -0.207   -3.485   -2.032   -0.845   -0.189   -0.507    2.598
 227     5000  3.00   -0.212   -3.404   -1.991   -0.827   -0.191   -0.505    2.604
 228     5000  3.50   -0.218   -3.348   -1.958   -0.809   -0.192   -0.504    2.612
 229     5000  4.00   -0.228   -3.315   -1.932   -0.793   -0.194   -0.504    2.618
 230     5000  4.50   -0.239   -3.305   -1.914   -0.782   -0.197   -0.508    2.624
 231     5000  5.00   -0.253   -3.321   -1.907   -0.773   -0.201   -0.516    2.628
 232     5250  0.00   -0.089   -3.669   -1.921   -0.703   -0.072   -0.367    2.729
 233     5250  0.50   -0.095   -3.538   -1.871   -0.699   -0.079   -0.368    2.728
 234     5250  1.00   -0.102   -3.415   -1.828   -0.697   -0.086   -0.371    2.725
 235     5250  1.50   -0.109   -3.301   -1.790   -0.696   -0.093   -0.376    2.721
 236     5250  2.00   -0.115   -3.196   -1.756   -0.695   -0.100   -0.380    2.718
 237     5250  2.50   -0.121   -3.104   -1.727   -0.690   -0.105   -0.384    2.717
 238     5250  3.00   -0.127   -3.028   -1.704   -0.683   -0.108   -0.385    2.718
 239     5250  3.50   -0.131   -2.973   -1.686   -0.673   -0.110   -0.385    2.722
 240     5250  4.00   -0.137   -2.938   -1.674   -0.661   -0.111   -0.385    2.728
 241     5250  4.50   -0.144   -2.924   -1.665   -0.649   -0.113   -0.386    2.734
 242     5250  5.00   -0.153   -2.931   -1.662   -0.638   -0.114   -0.387    2.741
 243     5500  0.00   -0.012   -3.358   -1.574   -0.531    0.006   -0.242    2.851
 244     5500  0.50   -0.022   -3.235   -1.547   -0.536   -0.004   -0.250    2.842
 245     5500  1.00   -0.030   -3.113   -1.520   -0.541   -0.014   -0.259    2.833
 246     5500  1.50   -0.039   -2.997   -1.495   -0.546   -0.022   -0.267    2.825
 247     5500  2.00   -0.047   -2.891   -1.474   -0.551   -0.031   -0.275    2.818
 248     5500  2.50   -0.055   -2.797   -1.457   -0.554   -0.038   -0.282    2.813
 249     5500  3.00   -0.061   -2.718   -1.445   -0.556   -0.044   -0.288    2.810
 250     5500  3.50   -0.067   -2.659   -1.439   -0.554   -0.048   -0.291    2.810
 251     5500  4.00   -0.072   -2.618   -1.437   -0.550   -0.050   -0.293    2.812
 252     5500  4.50   -0.076   -2.597   -1.439   -0.542   -0.051   -0.293    2.817
 253     5500  5.00   -0.082   -2.596   -1.444   -0.532   -0.052   -0.293    2.824
 254     5750  0.00    0.051   -3.102   -1.263   -0.381    0.070   -0.131    2.958
 255     5750  0.50    0.039   -2.994   -1.262   -0.395    0.057   -0.147    2.940
 256     5750  1.00    0.028   -2.878   -1.253   -0.407    0.046   -0.161    2.924
 257     5750  1.50    0.018   -2.763   -1.242   -0.418    0.035   -0.175    2.911
 258     5750  2.00    0.008   -2.655   -1.233   -0.428    0.025   -0.187    2.899
 259     5750  2.50   -0.001   -2.558   -1.226   -0.437    0.016   -0.198    2.889
 260     5750  3.00   -0.010   -2.474   -1.223   -0.445    0.008   -0.208    2.882
 261     5750  3.50   -0.017   -2.406   -1.225   -0.451    0.001   -0.215    2.878
 262     5750  4.00   -0.023   -2.355   -1.230   -0.453   -0.003   -0.220    2.877
 263     5750  4.50   -0.028   -2.324   -1.239   -0.451   -0.006   -0.222    2.879
 264     5750  5.00   -0.031   -2.313   -1.250   -0.445   -0.006   -0.222    2.884
 265     6000  0.00    0.097   -2.894   -0.984   -0.250    0.116   -0.036    3.048
 266     6000  0.50    0.086   -2.806   -1.011   -0.274    0.105   -0.058    3.022
 267     6000  1.00    0.075   -2.699   -1.022   -0.292    0.093   -0.078    3.001
 268     6000  1.50    0.064   -2.587   -1.025   -0.309    0.081   -0.096    2.981
 269     6000  2.00    0.052   -2.478   -1.028   -0.324    0.070   -0.113    2.964
 270     6000  2.50    0.041   -2.377   -1.032   -0.338    0.059   -0.128    2.950
 271     6000  3.00    0.031   -2.287   -1.037   -0.351    0.049   -0.141    2.939
 272     6000  3.50    0.022   -2.210   -1.046   -0.362    0.040   -0.153    2.930
 273     6000  4.00    0.014   -2.148   -1.056   -0.369    0.033   -0.161    2.926
 274     6000  4.50    0.008   -2.105   -1.069   -0.373    0.028   -0.166    2.925
 275     6000  5.00    0.004   -2.080   -1.084   -0.373    0.026   -0.168    2.927
 276     6250  0.50    0.119   -2.658   -0.782   -0.168    0.137    0.016    3.088
 277     6250  1.00    0.110   -2.563   -0.817   -0.193    0.128   -0.007    3.062
 278     6250  1.50    0.099   -2.456   -0.838   -0.215    0.117   -0.029    3.038
 279     6250  2.00    0.087   -2.347   -0.852   -0.235    0.105   -0.050    3.015
 280     6250  2.50    0.075   -2.243   -0.865   -0.254    0.092   -0.070    2.996
 281     6250  3.00    0.063   -2.147   -0.879   -0.271    0.081   -0.087    2.981
 282     6250  3.50    0.052   -2.061   -0.895   -0.287    0.070   -0.102    2.968
 283     6250  4.00    0.042   -1.989   -0.911   -0.299    0.061   -0.114    2.960
 284     6250  4.50    0.034   -1.933   -0.928   -0.308    0.054   -0.122    2.956
 285     6250  5.00    0.029   -1.894   -0.946   -0.312    0.050   -0.127    2.955
 286     6500  0.50    0.142   -2.536   -0.594   -0.082    0.160    0.076    3.142
 287     6500  1.00    0.133   -2.459   -0.626   -0.105    0.151    0.051    3.108
 288     6500  1.50    0.125   -2.358   -0.668   -0.132    0.143    0.026    3.081
 289     6500  2.00    0.114   -2.251   -0.698   -0.157    0.132    0.003    3.055
 290     6500  2.50    0.101   -2.145   -0.721   -0.180    0.119   -0.021    3.031
 291     6500  3.00    0.088   -2.044   -0.743   -0.202    0.106   -0.042    3.011
 292     6500  3.50    0.075   -1.951   -0.766   -0.222    0.093   -0.061    2.994
 293     6500  4.00    0.063   -1.870   -0.788   -0.239    0.082   -0.077    2.982
 294     6500  4.50    0.053   -1.801   -0.811   -0.253    0.072   -0.089    2.974
 295     6500  5.00    0.046   -1.749   -0.832   -0.262    0.066   -0.097    2.970
 296     6750  0.50    0.156   -2.428   -0.443   -0.017    0.173    0.122    3.186
 297     6750  1.00    0.148   -2.372   -0.469   -0.035    0.165    0.098    3.147
 298     6750  1.50    0.140   -2.285   -0.507   -0.059    0.157    0.072    3.112
 299     6750  2.00    0.133   -2.181   -0.557   -0.088    0.151    0.047    3.084
 300     6750  2.50    0.121   -2.075   -0.594   -0.115    0.139    0.021    3.057
 301     6750  3.00    0.107   -1.971   -0.625   -0.141    0.125   -0.004    3.032
 302     6750  3.50    0.093   -1.872   -0.654   -0.166    0.111   -0.027    3.010
 303     6750  4.00    0.079   -1.782   -0.683   -0.187    0.097   -0.047    2.994
 304     6750  4.50    0.067   -1.703   -0.711   -0.206    0.085   -0.064    2.981
 305     6750  5.00    0.057   -1.639   -0.737   -0.220    0.076   -0.076    2.974
 306     7000  0.50    0.162   -2.325   -0.327    0.027    0.178    0.154    3.221
 307     7000  1.00    0.155   -2.292   -0.345    0.016    0.172    0.133    3.179
 308     7000  1.50    0.149   -2.221   -0.376   -0.001    0.165    0.108    3.138
 309     7000  2.00    0.142   -2.129   -0.421   -0.026    0.159    0.081    3.102
 310     7000  2.50    0.134   -2.024   -0.477   -0.058    0.152    0.055    3.073
 311     7000  3.00    0.121   -1.919   -0.520   -0.087    0.139    0.027    3.044
 312     7000  3.50    0.106   -1.817   -0.557   -0.116    0.124    0.000    3.018
 313     7000  4.00    0.090   -1.721   -0.593   -0.142    0.108   -0.024    2.997
 314     7000  4.50    0.076   -1.633   -0.627   -0.166    0.094   -0.045    2.980
 315     7000  5.00    0.063   -1.558   -0.658   -0.185    0.082   -0.062    2.969
 316     7250  0.50    0.162   -2.213   -0.256    0.046    0.178    0.172    3.247
 317     7250  1.00    0.155   -2.213   -0.248    0.051    0.171    0.156    3.204
 318     7250  1.50    0.151   -2.160   -0.274    0.039    0.167    0.134    3.160
 319     7250  2.00    0.145   -2.082   -0.311    0.021    0.161    0.108    3.117
 320     7250  2.50    0.138   -1.986   -0.363   -0.006    0.155    0.080    3.080
 321     7250  3.00    0.129   -1.882   -0.425   -0.040    0.146    0.051    3.049
 322     7250  3.50    0.114   -1.780   -0.473   -0.072    0.132    0.022    3.019
 323     7250  4.00    0.098   -1.681   -0.515   -0.102    0.116   -0.006    2.992
 324     7250  4.50    0.081   -1.588   -0.555   -0.130    0.099   -0.032    2.971
 325     7250  5.00    0.065   -1.503   -0.592   -0.155    0.084   -0.053    2.955
 326     7500  0.50    0.151   -2.053   -0.258    0.019    0.169    0.158    3.253
 327     7500  1.00    0.147   -2.125   -0.181    0.066    0.162    0.168    3.223
 328     7500  1.50    0.145   -2.096   -0.195    0.064    0.160    0.150    3.177
 329     7500  2.00    0.142   -2.033   -0.229    0.052    0.157    0.126    3.129
 330     7500  2.50    0.136   -1.951   -0.272    0.033    0.152    0.098    3.083
 331     7500  3.00    0.128   -1.855   -0.332    0.002    0.145    0.068    3.046
 332     7500  3.50    0.117   -1.754   -0.396   -0.034    0.134    0.037    3.014
 333     7500  4.00    0.100   -1.655   -0.448   -0.068    0.118    0.006    2.983
 334     7500  4.50    0.083   -1.559   -0.494   -0.099    0.101   -0.023    2.956
 335     7500  5.00    0.065   -1.468   -0.537   -0.129    0.083   -0.049    2.936
 336     7750  1.00    0.131   -2.021   -0.151    0.061    0.146    0.166    3.234
 337     7750  1.50    0.131   -2.022   -0.141    0.073    0.146    0.155    3.188
 338     7750  2.00    0.131   -1.978   -0.167    0.067    0.146    0.135    3.137
 339     7750  2.50    0.127   -1.910   -0.206    0.053    0.143    0.109    3.087
 340     7750  3.00    0.121   -1.830   -0.255    0.033    0.137    0.079    3.039
 341     7750  3.50    0.112   -1.735   -0.323   -0.001    0.129    0.046    3.001
 342     7750  4.00    0.099   -1.637   -0.388   -0.038    0.116    0.013    2.968
 343     7750  4.50    0.081   -1.541   -0.442   -0.073    0.098   -0.019    2.937
 344     7750  5.00    0.061   -1.448   -0.491   -0.107    0.080   -0.049    2.912
 345     8000  1.00    0.103   -1.891   -0.164    0.028    0.119    0.143    3.230
 346     8000  1.50    0.109   -1.939   -0.113    0.065    0.124    0.149    3.195
 347     8000  2.00    0.111   -1.914   -0.126    0.068    0.125    0.134    3.144
 348     8000  2.50    0.110   -1.862   -0.160    0.059    0.125    0.110    3.089
 349     8000  3.00    0.107   -1.793   -0.206    0.044    0.122    0.081    3.035
 350     8000  3.50    0.099   -1.715   -0.261    0.023    0.116    0.048    2.986
 351     8000  4.00    0.090   -1.624   -0.332   -0.013    0.107    0.015    2.948
 352     8000  4.50    0.074   -1.530   -0.397   -0.052    0.092   -0.020    2.914
 353     8000  5.00    0.055   -1.437   -0.452   -0.088    0.073   -0.053    2.884
 354     8250  1.00    0.055   -1.731   -0.213   -0.034    0.071    0.093    3.199
 355     8250  1.50    0.080   -1.847   -0.112    0.042    0.094    0.132    3.193
 356     8250  2.00    0.084   -1.846   -0.105    0.056    0.098    0.123    3.144
 357     8250  2.50    0.086   -1.809   -0.131    0.054    0.101    0.103    3.087
 358     8250  3.00    0.086   -1.754   -0.172    0.044    0.100    0.076    3.029
 359     8250  3.50    0.081   -1.687   -0.223    0.027    0.097    0.045    2.974
 360     8250  4.00    0.073   -1.610   -0.284    0.002    0.089    0.009    2.926
 361     8250  4.50    0.062   -1.522   -0.357   -0.035    0.079   -0.025    2.888
 362     8250  5.00    0.045   -1.431   -0.421   -0.074    0.063   -0.061    2.854
 363     8500  1.50    0.041   -1.752   -0.134    0.005    0.056    0.101    3.179
 364     8500  2.00    0.050   -1.776   -0.106    0.032    0.064    0.103    3.139
 365     8500  2.50    0.054   -1.754   -0.119    0.037    0.068    0.087    3.083
 366     8500  3.00    0.056   -1.711   -0.152    0.032    0.071    0.064    3.022
 367     8500  3.50    0.055   -1.655   -0.199    0.020    0.070    0.034    2.961
 368     8500  4.00    0.050   -1.590   -0.255    0.002    0.066   -0.001    2.905
 369     8500  4.50    0.041   -1.515   -0.323   -0.026    0.058   -0.038    2.858
 370     8500  5.00    0.029   -1.429   -0.394   -0.065    0.047   -0.073    2.822
 371     8750  1.50   -0.005   -1.656   -0.171   -0.042    0.010    0.060    3.152
 372     8750  2.00    0.010   -1.710   -0.123   -0.002    0.024    0.073    3.125
 373     8750  2.50    0.016   -1.702   -0.124    0.009    0.030    0.063    3.073
 374     8750  3.00    0.020   -1.669   -0.149    0.009    0.034    0.043    3.011
 375     8750  3.50    0.021   -1.623   -0.189    0.002    0.036    0.015    2.946
 376     8750  4.00    0.020   -1.567   -0.241   -0.010    0.035   -0.018    2.884
 377     8750  4.50    0.014   -1.504   -0.302   -0.030    0.031   -0.055    2.830
 378     8750  5.00    0.006   -1.428   -0.372   -0.062    0.024   -0.091    2.788
 379     9000  1.50   -0.054   -1.560   -0.214   -0.092   -0.039    0.014    3.117
 380     9000  2.00   -0.033   -1.647   -0.152   -0.043   -0.019    0.038    3.102
 381     9000  2.50   -0.026   -1.656   -0.142   -0.026   -0.013    0.032    3.056
 382     9000  3.00   -0.022   -1.633   -0.159   -0.023   -0.008    0.014    2.995
 383     9000  3.50   -0.019   -1.594   -0.192   -0.026   -0.005   -0.010    2.929
 384     9000  4.00   -0.018   -1.546   -0.238   -0.033   -0.003   -0.040    2.864
 385     9000  4.50   -0.019   -1.490   -0.294   -0.047   -0.003   -0.075    2.805
 386     9000  5.00   -0.025   -1.426   -0.359   -0.069   -0.008   -0.114    2.753
 387     9250  2.00   -0.079   -1.584   -0.187   -0.086   -0.065   -0.002    3.074
 388     9250  2.50   -0.071   -1.613   -0.169   -0.066   -0.058   -0.004    3.033
 389     9250  3.00   -0.067   -1.603   -0.180   -0.060   -0.054   -0.019    2.975
 390     9250  3.50   -0.064   -1.572   -0.207   -0.061   -0.050   -0.042    2.909
 391     9250  4.00   -0.061   -1.530   -0.247   -0.065   -0.046   -0.070    2.841
 392     9250  4.50   -0.060   -1.479   -0.298   -0.074   -0.044   -0.103    2.777
 393     9250  5.00   -0.062   -1.422   -0.359   -0.089   -0.045   -0.141    2.720
 394     9500  2.00   -0.127   -1.522   -0.226   -0.131   -0.113   -0.044    3.040
 395     9500  2.50   -0.118   -1.571   -0.202   -0.108   -0.104   -0.042    3.006
 396     9500  3.00   -0.114   -1.575   -0.207   -0.101   -0.101   -0.056    2.951
 397     9500  3.50   -0.112   -1.554   -0.231   -0.101   -0.098   -0.078    2.884
 398     9500  4.00   -0.108   -1.519   -0.267   -0.103   -0.094   -0.105    2.814
 399     9500  4.50   -0.105   -1.473   -0.313   -0.109   -0.090   -0.137    2.746
 400     9500  5.00   -0.104   -1.421   -0.369   -0.119   -0.088   -0.173    2.687
 401     9750  2.00   -0.175   -1.463   -0.266   -0.177   -0.161   -0.088    3.004
 402     9750  2.50   -0.165   -1.528   -0.238   -0.152   -0.151   -0.083    2.974
 403     9750  3.00   -0.162   -1.547   -0.240   -0.144   -0.148   -0.095    2.923
 404     9750  3.50   -0.160   -1.538   -0.259   -0.143   -0.146   -0.116    2.858
 405     9750  4.00   -0.158   -1.511   -0.292   -0.145   -0.143   -0.142    2.786
 406     9750  4.50   -0.155   -1.471   -0.335   -0.149   -0.139   -0.173    2.716
 407     9750  5.00   -0.152   -1.424   -0.387   -0.156   -0.135   -0.208    2.653
 408    10000  2.00   -0.223   -1.409   -0.308   -0.223   -0.209   -0.133    2.965
 409    10000  2.50   -0.212   -1.486   -0.277   -0.197   -0.199   -0.125    2.940
 410    10000  3.00   -0.210   -1.519   -0.275   -0.187   -0.196   -0.136    2.892
 411    10000  3.50   -0.209   -1.522   -0.292   -0.186   -0.195   -0.156    2.829
 412    10000  4.00   -0.208   -1.504   -0.321   -0.188   -0.194   -0.182    2.758
 413    10000  4.50   -0.205   -1.472   -0.361   -0.192   -0.190   -0.212    2.685
 414    10000  5.00   -0.202   -1.429   -0.410   -0.197   -0.186   -0.247    2.617
 415    10250  2.00   -0.271   -1.363   -0.351   -0.270   -0.257   -0.178    2.925
 416    10250  2.50   -0.260   -1.447   -0.317   -0.241   -0.246   -0.168    2.904
 417    10250  3.00   -0.257   -1.490   -0.313   -0.232   -0.244   -0.177    2.859
 418    10250  3.50   -0.258   -1.504   -0.327   -0.230   -0.244   -0.197    2.799
 419    10250  4.00   -0.258   -1.497   -0.354   -0.232   -0.244   -0.222    2.728
 420    10250  4.50   -0.256   -1.473   -0.391   -0.236   -0.242   -0.253    2.653
 421    10250  5.00   -0.253   -1.437   -0.438   -0.240   -0.237   -0.287    2.582
 422    10500  2.00   -0.320   -1.326   -0.394   -0.317   -0.306   -0.223    2.884
 423    10500  2.50   -0.307   -1.412   -0.358   -0.287   -0.294   -0.212    2.866
 424    10500  3.00   -0.305   -1.462   -0.352   -0.276   -0.292   -0.220    2.824
 425    10500  3.50   -0.306   -1.486   -0.364   -0.275   -0.293   -0.238    2.767
 426    10500  4.00   -0.308   -1.488   -0.389   -0.277   -0.294   -0.263    2.698
 427    10500  4.50   -0.307   -1.473   -0.424   -0.281   -0.293   -0.293    2.622
 428    10500  5.00   -0.305   -1.444   -0.469   -0.285   -0.289   -0.328    2.547
 429    10750  2.00   -0.369   -1.297   -0.437   -0.364   -0.355   -0.270    2.842
 430    10750  2.50   -0.355   -1.382   -0.399   -0.332   -0.342   -0.256    2.827
 431    10750  3.00   -0.353   -1.437   -0.392   -0.321   -0.340   -0.263    2.788
 432    10750  3.50   -0.355   -1.468   -0.403   -0.320   -0.341   -0.280    2.733
 433    10750  4.00   -0.357   -1.479   -0.426   -0.322   -0.343   -0.305    2.666
 434    10750  4.50   -0.358   -1.473   -0.459   -0.326   -0.343   -0.335    2.591
 435    10750  5.00   -0.356   -1.451   -0.502   -0.330   -0.341   -0.369    2.514
 436    11000  2.00   -0.418   -1.276   -0.481   -0.411   -0.405   -0.316    2.799
 437    11000  2.50   -0.403   -1.359   -0.441   -0.378   -0.390   -0.301    2.787
 438    11000  3.00   -0.400   -1.415   -0.433   -0.366   -0.387   -0.307    2.750
 439    11000  3.50   -0.402   -1.451   -0.442   -0.364   -0.389   -0.323    2.698
 440    11000  4.00   -0.405   -1.469   -0.464   -0.367   -0.392   -0.347    2.634
 441    11000  4.50   -0.407   -1.471   -0.495   -0.372   -0.393   -0.376    2.559
 442    11000  5.00   -0.407   -1.457   -0.536   -0.376   -0.392   -0.410    2.481
 443    11250  2.00   -0.468   -1.261   -0.525   -0.459   -0.454   -0.363    2.756
 444    11250  2.50   -0.451   -1.341   -0.483   -0.424   -0.438   -0.346    2.746
 445    11250  3.00   -0.448   -1.397   -0.474   -0.411   -0.435   -0.350    2.712
 446    11250  3.50   -0.450   -1.436   -0.482   -0.409   -0.437   -0.366    2.662
 447    11250  4.00   -0.454   -1.460   -0.502   -0.412   -0.440   -0.389    2.599
 448    11250  4.50   -0.456   -1.468   -0.532   -0.417   -0.443   -0.418    2.527
 449    11250  5.00   -0.457   -1.461   -0.571   -0.422   -0.443   -0.452    2.449
 450    11500  2.00   -0.516   -1.252   -0.569   -0.506   -0.503   -0.410    2.712
 451    11500  2.50   -0.499   -1.329   -0.525   -0.469   -0.486   -0.391    2.705
 452    11500  3.00   -0.495   -1.384   -0.515   -0.456   -0.482   -0.394    2.673
 453    11500  3.50   -0.497   -1.424   -0.522   -0.454   -0.484   -0.409    2.625
 454    11500  4.00   -0.501   -1.452   -0.542   -0.457   -0.488   -0.431    2.565
 455    11500  4.50   -0.505   -1.465   -0.570   -0.462   -0.491   -0.460    2.494
 456    11500  5.00   -0.507   -1.465   -0.607   -0.467   -0.493   -0.493    2.418
 457    11750  2.00   -0.565   -1.248   -0.613   -0.553   -0.552   -0.456    2.668
 458    11750  2.50   -0.547   -1.322   -0.567   -0.515   -0.534   -0.436    2.664
 459    11750  3.00   -0.543   -1.375   -0.556   -0.501   -0.530   -0.438    2.633
 460    11750  3.50   -0.544   -1.415   -0.563   -0.499   -0.531   -0.452    2.587
 461    11750  4.00   -0.548   -1.445   -0.581   -0.501   -0.535   -0.474    2.529
 462    11750  4.50   -0.553   -1.463   -0.609   -0.506   -0.539   -0.501    2.461
 463    11750  5.00   -0.556   -1.468   -0.645   -0.512   -0.542   -0.534    2.385
 464    12000  2.50   -0.594   -1.318   -0.610   -0.561   -0.581   -0.481    2.622
 465    12000  3.00   -0.590   -1.369   -0.597   -0.546   -0.577   -0.482    2.593
 466    12000  3.50   -0.591   -1.409   -0.603   -0.543   -0.578   -0.495    2.549
 467    12000  4.00   -0.595   -1.440   -0.621   -0.545   -0.582   -0.516    2.493
 468    12000  4.50   -0.600   -1.461   -0.647   -0.551   -0.587   -0.543    2.426
 469    12000  5.00   -0.604   -1.470   -0.682   -0.557   -0.590   -0.575    2.353
 470    12250  2.50   -0.641   -1.319   -0.652   -0.606   -0.628   -0.526    2.580
 471    12250  3.00   -0.637   -1.368   -0.639   -0.591   -0.624   -0.527    2.553
 472    12250  3.50   -0.638   -1.406   -0.644   -0.587   -0.625   -0.539    2.510
 473    12250  4.00   -0.642   -1.437   -0.660   -0.589   -0.629   -0.559    2.456
 474    12250  4.50   -0.647   -1.460   -0.686   -0.595   -0.633   -0.585    2.392
 475    12250  5.00   -0.651   -1.473   -0.720   -0.601   -0.637   -0.616    2.319
 476    12500  2.50   -0.688   -1.321   -0.694   -0.651   -0.675   -0.571    2.538
 477    12500  3.00   -0.683   -1.369   -0.680   -0.636   -0.671   -0.571    2.512
 478    12500  3.50   -0.684   -1.406   -0.684   -0.631   -0.671   -0.582    2.471
 479    12500  4.00   -0.688   -1.436   -0.700   -0.633   -0.675   -0.601    2.419
 480    12500  4.50   -0.693   -1.460   -0.725   -0.638   -0.679   -0.626    2.356
 481    12500  5.00   -0.698   -1.476   -0.758   -0.645   -0.684   -0.658    2.286
 482    12750  2.50   -0.734   -1.326   -0.736   -0.695   -0.722   -0.615    2.497
 483    12750  3.00   -0.729   -1.374   -0.721   -0.680   -0.717   -0.614    2.472
 484    12750  3.50   -0.730   -1.409   -0.724   -0.675   -0.717   -0.625    2.432
 485    12750  4.00   -0.733   -1.438   -0.739   -0.676   -0.720   -0.643    2.382
 486    12750  4.50   -0.738   -1.462   -0.764   -0.681   -0.725   -0.668    2.321
 487    12750  5.00   -0.744   -1.480   -0.796   -0.688   -0.730   -0.698    2.252
 488    13000  2.50   -0.780   -1.333   -0.777   -0.739   -0.767   -0.658    2.455
 489    13000  3.00   -0.775   -1.380   -0.762   -0.723   -0.762   -0.658    2.431
 490    13000  3.50   -0.775   -1.414   -0.764   -0.719   -0.763   -0.668    2.393
 491    13000  4.00   -0.778   -1.442   -0.778   -0.719   -0.766   -0.685    2.344
 492    13000  4.50   -0.783   -1.465   -0.802   -0.724   -0.770   -0.709    2.285
 493    13000  5.00   -0.789   -1.485   -0.835   -0.731   -0.776   -0.739    2.218
 494    14000  2.00   -0.977   -1.290   -0.995   -0.953   -0.964   -0.853    2.290
 495    14000  2.50   -0.956   -1.373   -0.938   -0.909   -0.944   -0.828    2.295
 496    14000  3.00   -0.952   -1.421   -0.922   -0.894   -0.940   -0.827    2.272
 497    14000  3.50   -0.953   -1.453   -0.922   -0.888   -0.941   -0.835    2.238
 498    14000  4.00   -0.955   -1.477   -0.933   -0.887   -0.943   -0.850    2.194
 499    14000  4.50   -0.959   -1.496   -0.954   -0.891   -0.947   -0.871    2.141
 500    14000  5.00   -0.965   -1.515   -0.985   -0.899   -0.952   -0.899    2.079
 501    15000  2.50   -1.122   -1.424   -1.091   -1.069   -1.110   -0.986    2.143
 502    15000  3.00   -1.120   -1.477   -1.074   -1.055   -1.109   -0.987    2.120
 503    15000  3.50   -1.121   -1.510   -1.073   -1.049   -1.110   -0.995    2.088
 504    15000  4.00   -1.123   -1.532   -1.082   -1.047   -1.111   -1.008    2.047
 505    15000  4.50   -1.127   -1.549   -1.101   -1.050   -1.115   -1.028    1.998
 506    15000  5.00   -1.133   -1.565   -1.131   -1.058   -1.121   -1.054    1.941
 507    16000  2.50   -1.276   -1.477   -1.235   -1.219   -1.265   -1.134    2.001
 508    16000  3.00   -1.279   -1.540   -1.220   -1.208   -1.267   -1.139    1.976
 509    16000  3.50   -1.281   -1.575   -1.218   -1.203   -1.270   -1.147    1.944
 510    16000  4.00   -1.282   -1.597   -1.225   -1.200   -1.271   -1.159    1.906
 511    16000  4.50   -1.286   -1.612   -1.241   -1.202   -1.274   -1.177    1.861
 512    16000  5.00   -1.293   -1.628   -1.270   -1.210   -1.280   -1.203    1.806
 513    17000  2.50   -1.419   -1.528   -1.371   -1.359   -1.407   -1.271    1.869
 514    17000  3.00   -1.427   -1.605   -1.358   -1.352   -1.416   -1.280    1.840
 515    17000  3.50   -1.431   -1.643   -1.357   -1.348   -1.420   -1.291    1.808
 516    17000  4.00   -1.433   -1.665   -1.361   -1.345   -1.421   -1.302    1.772
 517    17000  4.50   -1.435   -1.679   -1.374   -1.344   -1.423   -1.317    1.730
 518    17000  5.00   -1.442   -1.695   -1.402   -1.353   -1.430   -1.343    1.677
 519    18000  2.50   -1.551   -1.572   -1.499   -1.490   -1.539   -1.398    1.746
 520    18000  3.00   -1.566   -1.668   -1.488   -1.487   -1.554   -1.413    1.713
 521    18000  3.50   -1.573   -1.712   -1.489   -1.486   -1.562   -1.427    1.679
 522    18000  4.00   -1.575   -1.734   -1.492   -1.483   -1.564   -1.437    1.645
 523    18000  4.50   -1.576   -1.747   -1.502   -1.481   -1.564   -1.451    1.606
 524    18000  5.00   -1.583   -1.762   -1.527   -1.488   -1.571   -1.475    1.555
 525    19000  2.50   -1.675   -1.614   -1.621   -1.616   -1.663   -1.521    1.629
 526    19000  3.00   -1.694   -1.726   -1.609   -1.612   -1.682   -1.535    1.594
 527    19000  3.50   -1.707   -1.780   -1.614   -1.617   -1.696   -1.555    1.556
 528    19000  4.00   -1.711   -1.804   -1.619   -1.616   -1.699   -1.567    1.523
 529    19000  4.50   -1.710   -1.814   -1.626   -1.612   -1.699   -1.578    1.487
 530    19000  5.00   -1.715   -1.828   -1.647   -1.617   -1.704   -1.600    1.440
 531    20000  3.00   -1.813   -1.779   -1.723   -1.730   -1.801   -1.650    1.484
 532    20000  3.50   -1.833   -1.846   -1.734   -1.741   -1.822   -1.675    1.440
 533    20000  4.00   -1.839   -1.873   -1.740   -1.742   -1.828   -1.690    1.406
 534    20000  4.50   -1.839   -1.883   -1.747   -1.739   -1.828   -1.701    1.373
 535    20000  5.00   -1.842   -1.892   -1.763   -1.741   -1.830   -1.719    1.331
 536    21000  3.00   -1.925   -1.832   -1.831   -1.842   -1.914   -1.758    1.380
 537    21000  3.50   -1.951   -1.909   -1.846   -1.857   -1.940   -1.788    1.332
 538    21000  4.00   -1.962   -1.943   -1.856   -1.863   -1.951   -1.808    1.294
 539    21000  4.50   -1.963   -1.954   -1.863   -1.861   -1.952   -1.819    1.261
 540    21000  5.00   -1.964   -1.960   -1.877   -1.862   -1.953   -1.834    1.225
 541    22000  3.00   -2.033   -1.887   -1.934   -1.949   -2.022   -1.864    1.278
 542    22000  3.50   -2.063   -1.969   -1.952   -1.967   -2.052   -1.895    1.229
 543    22000  4.00   -2.079   -2.012   -1.967   -1.978   -2.068   -1.920    1.186
 544    22000  4.50   -2.083   -2.026   -1.977   -1.980   -2.072   -1.934    1.153
 545    22000  5.00   -2.084   -2.031   -1.989   -1.980   -2.072   -1.948    1.119
 546    23000  3.00   -2.138   -1.947   -2.031   -2.053   -2.127   -1.965    1.180
 547    23000  3.50   -2.168   -2.029   -2.052   -2.071   -2.158   -1.997    1.130
 548    23000  4.00   -2.190   -2.079   -2.073   -2.088   -2.179   -2.026    1.084
 549    23000  4.50   -2.198   -2.100   -2.086   -2.093   -2.187   -2.044    1.048
 550    23000  5.00   -2.200   -2.106   -2.098   -2.094   -2.189   -2.059    1.015
 551    24000  3.00   -2.236   -2.005   -2.122   -2.150   -2.225   -2.060    1.087
 552    24000  3.50   -2.270   -2.091   -2.147   -2.171   -2.259   -2.095    1.036
 553    24000  4.00   -2.295   -2.145   -2.172   -2.191   -2.285   -2.128    0.987
 554    24000  4.50   -2.308   -2.172   -2.189   -2.201   -2.297   -2.150    0.947
 555    24000  5.00   -2.313   -2.182   -2.203   -2.205   -2.301   -2.166    0.912
 556    25000  3.00   -2.328   -2.058   -2.209   -2.242   -2.317   -2.151    1.000
 557    25000  3.50   -2.366   -2.151   -2.235   -2.266   -2.356   -2.188    0.945
 558    25000  4.00   -2.396   -2.209   -2.265   -2.290   -2.385   -2.224    0.894
 559    25000  4.50   -2.412   -2.242   -2.287   -2.304   -2.402   -2.250    0.851
 560    25000  5.00   -2.420   -2.257   -2.304   -2.311   -2.409   -2.269    0.814
 561    26000  3.00   -2.419   -2.114   -2.298   -2.335   -2.408   -2.242    0.913
 562    26000  3.50   -2.456   -2.208   -2.316   -2.354   -2.446   -2.275    0.861
 563    26000  4.00   -2.491   -2.272   -2.353   -2.383   -2.480   -2.315    0.805
 564    26000  4.50   -2.511   -2.309   -2.379   -2.401   -2.501   -2.345    0.759
 565    26000  5.00   -2.522   -2.328   -2.399   -2.411   -2.511   -2.367    0.720
 566    27000  3.50   -2.539   -2.259   -2.391   -2.435   -2.529   -2.354    0.784
 567    27000  4.00   -2.579   -2.331   -2.433   -2.469   -2.569   -2.400    0.722
 568    27000  4.50   -2.605   -2.373   -2.465   -2.492   -2.594   -2.434    0.672
 569    27000  5.00   -2.619   -2.397   -2.488   -2.506   -2.608   -2.460    0.631
 570    28000  3.50   -2.617   -2.308   -2.463   -2.513   -2.607   -2.430    0.711
 571    28000  4.00   -2.662   -2.384   -2.507   -2.550   -2.652   -2.479    0.646
 572    28000  4.50   -2.692   -2.432   -2.544   -2.577   -2.682   -2.518    0.591
 573    28000  5.00   -2.710   -2.460   -2.572   -2.594   -2.699   -2.546    0.547
 574    29000  3.50   -2.695   -2.359   -2.536   -2.590   -2.685   -2.506    0.639
 575    29000  4.00   -2.739   -2.433   -2.575   -2.625   -2.729   -2.553    0.575
 576    29000  4.50   -2.773   -2.487   -2.617   -2.656   -2.763   -2.595    0.516
 577    29000  5.00   -2.795   -2.520   -2.648   -2.677   -2.784   -2.627    0.468
 578    30000  3.50   -2.776   -2.418   -2.613   -2.671   -2.765   -2.585    0.563
 579    30000  4.00   -2.812   -2.481   -2.642   -2.697   -2.802   -2.623    0.508
 580    30000  4.50   -2.848   -2.537   -2.684   -2.730   -2.838   -2.667    0.447
 581    30000  5.00   -2.873   -2.574   -2.719   -2.754   -2.863   -2.702    0.396
 582    31000  3.50   -2.863   -2.485   -2.696   -2.757   -2.851   -2.670    0.481
 583    31000  4.00   -2.885   -2.531   -2.709   -2.769   -2.874   -2.693    0.441
 584    31000  4.50   -2.921   -2.585   -2.748   -2.801   -2.911   -2.736    0.382
 585    31000  5.00   -2.948   -2.624   -2.785   -2.826   -2.938   -2.773    0.328
 586    32000  4.00   -2.960   -2.586   -2.779   -2.843   -2.949   -2.765    0.372
 587    32000  4.50   -2.991   -2.633   -2.812   -2.870   -2.981   -2.803    0.318
 588    32000  5.00   -3.018   -2.673   -2.849   -2.896   -3.009   -2.840    0.265
 589    33000  4.00   -3.038   -2.647   -2.852   -2.920   -3.026   -2.840    0.300
 590    33000  4.50   -3.062   -2.685   -2.877   -2.940   -3.052   -2.871    0.254
 591    33000  5.00   -3.088   -2.721   -2.910   -2.963   -3.078   -2.905    0.203
 592    34000  4.00   -3.119   -2.713   -2.928   -2.999   -3.106   -2.919    0.225
 593    34000  4.50   -3.135   -2.741   -2.945   -3.012   -3.124   -2.940    0.188
 594    34000  5.00   -3.157   -2.772   -2.974   -3.032   -3.147   -2.971    0.141
 595    35000  4.00   -3.201   -2.784   -3.006   -3.080   -3.189   -2.999    0.147
 596    35000  4.50   -3.210   -2.801   -3.015   -3.086   -3.199   -3.012    0.119
 597    35000  5.00   -3.228   -2.827   -3.039   -3.102   -3.218   -3.039    0.077
 598    36000  4.00   -3.285   -2.858   -3.086   -3.161   -3.273   -3.081    0.066
 599    36000  4.50   -3.288   -2.866   -3.087   -3.161   -3.276   -3.087    0.047
 600    36000  5.00   -3.301   -2.886   -3.106   -3.173   -3.289   -3.107    0.012
 601    37000  4.00   -3.369   -2.933   -3.166   -3.243   -3.356   -3.163   -0.014
 602    37000  4.50   -3.367   -2.935   -3.162   -3.238   -3.354   -3.163   -0.027
 603    37000  5.00   -3.375   -2.948   -3.175   -3.245   -3.363   -3.178   -0.055
 604    38000  4.00   -3.452   -3.008   -3.245   -3.324   -3.439   -3.244   -0.094
 605    38000  4.50   -3.447   -3.005   -3.237   -3.316   -3.433   -3.241   -0.102
 606    38000  5.00   -3.451   -3.013   -3.246   -3.320   -3.438   -3.251   -0.125
 607    39000  4.00   -3.533   -3.082   -3.323   -3.403   -3.520   -3.324   -0.173
 608    39000  4.50   -3.526   -3.076   -3.312   -3.393   -3.513   -3.318   -0.178
 609    39000  5.00   -3.528   -3.080   -3.318   -3.394   -3.515   -3.325   -0.197
 610    40000  4.50   -3.605   -3.147   -3.387   -3.469   -3.591   -3.395   -0.253
 611    40000  5.00   -3.605   -3.149   -3.391   -3.469   -3.592   -3.400   -0.269
 612    41000  4.50   -3.682   -3.217   -3.460   -3.544   -3.668   -3.470   -0.328
 613    41000  5.00   -3.682   -3.218   -3.463   -3.544   -3.668   -3.474   -0.342
 614    42000  4.50   -3.757   -3.286   -3.532   -3.617   -3.743   -3.544   -0.400
 615    42000  5.00   -3.758   -3.287   -3.535   -3.617   -3.743   -3.548   -0.414
 616    43000  4.50   -3.830   -3.353   -3.602   -3.689   -3.816   -3.616   -0.472
 617    43000  5.00   -3.832   -3.355   -3.605   -3.689   -3.817   -3.620   -0.486
 618    44000  4.50   -3.902   -3.420   -3.671   -3.759   -3.888   -3.686   -0.541
 619    44000  5.00   -3.904   -3.421   -3.674   -3.760   -3.889   -3.690   -0.555
 620    45000  4.50   -3.971   -3.484   -3.738   -3.827   -3.957   -3.755   -0.609
 621    45000  5.00   -3.974   -3.486   -3.742   -3.829   -3.959   -3.760   -0.623
 622    46000  4.50   -4.040   -3.548   -3.804   -3.894   -4.026   -3.823   -0.676
 623    46000  5.00   -4.043   -3.550   -3.808   -3.896   -4.028   -3.827   -0.690
 624    47000  4.50   -4.107   -3.611   -3.869   -3.961   -4.093   -3.889   -0.742
 625    47000  5.00   -4.110   -3.612   -3.872   -3.962   -4.095   -3.893   -0.755
 626    48000  4.50   -4.172   -3.672   -3.933   -4.025   -4.158   -3.954   -0.806
 627    48000  5.00   -4.176   -3.674   -3.936   -4.026   -4.161   -3.959   -0.819
 628    49000  4.50   -4.236   -3.733   -3.996   -4.089   -4.223   -4.018   -0.869
 629    49000  5.00   -4.240   -3.734   -3.999   -4.090   -4.226   -4.022   -0.883
 630    50000  5.00   -4.304   -3.794   -4.060   -4.153   -4.289   -4.085   -0.945
 631    56101  5.00   -4.493   -3.991   -4.276   -4.359   -4.487   -4.283   -1.116
 632    62946  5.00   -4.838   -4.317   -4.611   -4.698   -4.832   -4.625   -1.457
 633    70627  5.00   -5.186   -4.649   -4.950   -5.042   -5.181   -4.970   -1.802
 634    79245  5.00   -5.538   -4.986   -5.293   -5.390   -5.532   -5.319   -2.151
 635    88914  5.00   -5.892   -5.327   -5.641   -5.740   -5.887   -5.671   -2.502
 636    99763  5.00   -6.249   -5.672   -5.991   -6.094   -6.243   -6.025   -2.857
 637   111936  5.00   -6.607   -6.021   -6.344   -6.450   -6.602   -6.382   -3.213
 638   125595  5.00   -6.968   -6.373   -6.699   -6.808   -6.963   -6.741   -3.572
 639   140920  5.00   -7.330   -6.727   -7.057   -7.167   -7.325   -7.101   -3.933
 640   158115  5.00   -7.693   -7.084   -7.417   -7.529   -7.689   -7.463   -4.295
 641   177407  5.00   -8.058   -7.443   -7.778   -7.892   -8.054   -7.827   -4.658
 642   199055  5.00   -8.424   -7.803   -8.141   -8.257   -8.420   -8.192   -5.023
 643   223343  5.00   -8.791   -8.165   -8.506   -8.622   -8.787   -8.558   -5.389
 644   250595  5.00   -9.159   -8.529   -8.871   -8.989   -9.155   -8.925   -5.756
 645   281172  5.00   -9.528   -8.894   -9.238   -9.357   -9.523   -9.293   -6.124
 646   315481  5.00   -9.897   -9.260   -9.605   -9.725   -9.893   -9.662   -6.493
 647   353975  5.00  -10.267   -9.627   -9.974  -10.094  -10.263  -10.031   -6.862
 648   397167  5.00  -10.638   -9.995  -10.343  -10.464  -10.633  -10.401   -7.232
 649   445629  5.00  -11.009  -10.364  -10.712  -10.834  -11.004  -10.772   -7.603
 650   500004  5.00  -11.380  -10.733  -11.083  -11.205  -11.376  -11.143   -7.974
 651   561014  5.00  -11.752  -11.103  -11.453  -11.576  -11.748  -11.514   -8.345
 652   629469  5.00  -12.124  -11.474  -11.825  -11.948  -12.120  -11.886   -8.717
 653   706276  5.00  -12.497  -11.845  -12.196  -12.320  -12.492  -12.258   -9.089
 654   792455  5.00  -12.869  -12.216  -12.568  -12.693  -12.865  -12.631   -9.462
 655   889149  5.00  -13.242  -12.588  -12.941  -13.065  -13.238  -13.004   -9.835
 656   997642  5.00  -13.616  -12.960  -13.313  -13.438  -13.611  -13.377  -10.208
 657  1119373  5.00  -13.989  -13.333  -13.686  -13.812  -13.985  -13.750  -10.581
 658  1255958  5.00  -14.363  -13.705  -14.059  -14.185  -14.359  -14.123  -10.954
 659  1409209  5.00  -14.736  -14.079  -14.433  -14.558  -14.732  -14.497  -11.328
 660  1581159  5.00  -15.110  -14.452  -14.806  -14.932  -15.106  -14.871  -11.702
 661  1774090  5.00  -15.484  -14.825  -15.180  -15.306  -15.480  -15.245  -12.076
 662  1990563  5.00  -15.858  -15.199  -15.554  -15.680  -15.854  -15.619  -12.450
 663  2233450  5.00  -16.233  -15.573  -15.928  -16.054  -16.229  -15.993  -12.824
 664  2505973  5.00  -16.607  -15.946  -16.302  -16.428  -16.603  -16.367  -13.198
 665  2811749  5.00  -16.981  -16.320  -16.676  -16.802  -16.977  -16.741  -13.572
 666  3154836  5.00  -17.356  -16.695  -17.050  -17.177  -17.352  -17.116  -13.947
 667  3539785  5.00  -17.730  -17.069  -17.425  -17.551  -17.726  -17.490  -14.321
 668  3971706  5.00  -18.105  -17.443  -17.799  -17.926  -18.101  -17.865  -14.695
 669  4456330  5.00  -18.479  -17.817  -18.174  -18.300  -18.475  -18.239  -15.070
# BCs for Fluks et al. 1994 M-giant spectra:
#  n     Teff  logg        V        u        v        b        y     Hb_w     Hb_n
   0     3810  0.00   -1.256   -5.855   -3.811   -2.265   -1.232   -1.931    1.170
   1     3736  0.00   -1.480   -6.115   -4.030   -2.530   -1.453   -2.183    0.891
   2     3666  0.00   -1.722   -6.391   -4.273   -2.831   -1.685   -2.446    0.605
   3     3574  0.00   -2.104   -6.631   -4.515   -3.335   -2.066   -2.904    0.104
   4     3434  0.00   -2.802   -7.168   -5.018   -4.097   -2.781   -3.622   -0.650
   5     3309  0.00   -3.818   -7.714   -5.676   -5.319   -3.824   -4.702   -1.846
   6     3126  0.00   -5.168   -8.671   -6.868   -6.762   -5.175   -6.081   -3.187
   7     2890  0.00   -6.368   -9.380   -8.016   -8.321   -6.476   -7.597   -4.711
   8     2667  0.00   -7.217  -10.106   -8.903   -9.329   -7.494   -8.675   -5.740
   9     2500  0.00   -7.956  -10.833   -9.685  -10.041   -8.267   -9.416   -6.458
