# BCs for ATLAS9 + DUSTY99 + blackbody spectra:
#  n     Teff  logg        V        u        v        b        y     Hb_w     Hb_n
   0      500  3.50  -59.119  -999999  -999999  -999999  -69.842  -999999  -999999
   1      500  4.00  -58.200  -999999  -999999  -999999  -68.661  -999999  -999999
   2      500  4.50  -57.680  -999999  -999999  -999999  -68.279  -999999  -999999
   3      500  5.00  -55.682  -999999  -999999  -999999  -65.895  -999999  -999999
   4      500  5.50  -53.129  -999999  -999999  -77.839  -62.792  -74.046  -72.082
   5      500  6.00  -50.570  -999999  -999999  -73.559  -59.666  -70.445  -68.139
   6      600  3.50  -48.322  -999999  -81.826  -68.908  -56.215  -65.938  -63.528
   7      600  4.00  -47.751  -999999  -79.978  -68.065  -55.506  -65.113  -62.691
   8      600  4.50  -48.940  -999999  -999999  -70.347  -57.240  -67.330  -64.953
   9      600  5.00  -47.334  -999999  -80.497  -68.247  -55.370  -65.265  -62.864
  10      600  5.50  -45.369  -999999  -76.877  -65.597  -53.040  -62.662  -60.230
  11      600  6.00  -43.273  -999999  -73.364  -62.648  -50.494  -59.771  -57.303
  12      700  3.50  -39.934  -78.334  -66.031  -56.493  -45.790  -53.826  -51.246
  13      700  4.00  -39.478  -77.496  -65.256  -55.814  -45.226  -53.167  -50.578
  14      700  4.50  -40.458  -80.287  -67.379  -57.610  -46.597  -54.898  -52.340
  15      700  5.00  -39.630  -78.615  -66.275  -56.600  -45.671  -53.906  -51.340
  16      700  5.50  -37.999  -75.828  -63.999  -54.536  -43.814  -51.882  -49.297
  17      700  6.00  -36.018  -72.392  -61.003  -51.857  -41.480  -49.265  -46.652
  18      800  3.50  -32.303  -64.147  -53.631  -45.576  -36.566  -43.220  -40.512
  19      800  4.00  -32.488  -64.388  -53.844  -45.780  -36.764  -43.422  -40.714
  20      800  4.50  -33.329  -66.328  -55.587  -47.259  -37.898  -44.841  -42.156
  21      800  5.00  -32.505  -65.230  -54.615  -46.346  -37.022  -43.940  -41.251
  22      800  5.50  -31.284  -63.618  -53.178  -44.968  -35.688  -42.574  -39.880
  23      800  6.00  -29.531  -60.811  -50.636  -42.632  -33.625  -40.286  -37.574
  24      900  3.50  -25.811  -52.281  -43.075  -36.258  -28.769  -34.202  -31.394
  25      900  4.00  -25.745  -52.409  -43.156  -36.289  -28.739  -34.221  -31.417
  26      900  4.50  -26.747  -54.699  -45.171  -37.986  -30.030  -35.837  -33.058
  27      900  5.00  -25.224  -52.635  -43.224  -36.138  -28.330  -34.015  -31.227
  28      900  5.50  -25.253  -52.725  -43.302  -36.198  -28.370  -34.072  -31.285
  29     1000  3.50  -22.629  -46.305  -37.779  -31.635  -24.979  -29.755  -26.897
  30     1000  4.00  -22.027  -45.364  -36.926  -30.861  -24.302  -29.001  -26.137
  31     1000  4.50  -21.798  -45.471  -36.927  -30.765  -24.109  -28.881  -26.023
  32     1000  5.00  -21.566  -45.612  -36.936  -30.665  -23.911  -28.755  -25.904
  33     1000  5.50  -21.151  -45.144  -36.452  -30.184  -23.458  -28.279  -25.426
  34     1000  6.00  -20.198  -43.402  -34.896  -28.822  -22.342  -26.969  -24.103
  35     1100  3.50  -19.595  -40.661  -32.853  -27.338  -21.439  -25.627  -22.725
  36     1100  4.00  -19.329  -40.241  -32.476  -26.998  -21.142  -25.297  -22.392
  37     1100  4.50  -19.142  -40.244  -32.394  -26.863  -20.965  -25.150  -22.248
  38     1100  5.00  -18.642  -39.800  -31.898  -26.342  -20.442  -24.625  -21.724
  39     1100  5.50  -18.053  -39.131  -31.210  -25.665  -19.807  -23.955  -21.052
  40     1100  6.00  -23.043  -46.719  -38.193  -32.049  -25.393  -30.169  -27.311
  41     1200  3.50  -16.880  -35.578  -28.509  -23.572  -18.325  -22.018  -19.080
  42     1200  4.00  -16.880  -35.578  -28.509  -23.572  -18.325  -22.018  -19.080
  43     1200  4.50  -16.880  -35.578  -28.509  -23.572  -18.325  -22.018  -19.080
  44     1200  5.00  -16.749  -35.872  -28.639  -23.588  -18.234  -22.005  -19.072
  45     1200  6.00  -15.508  -34.227  -27.039  -22.076  -16.874  -20.525  -17.585
  46     1300  3.50  -14.478  -31.066  -24.704  -20.285  -15.606  -18.874  -15.905
  47     1300  4.00  -14.512  -31.094  -24.738  -20.322  -15.642  -18.911  -15.942
  48     1300  4.50  -14.879  -31.897  -25.394  -20.868  -16.068  -19.427  -16.463
  49     1300  5.00  -14.825  -31.926  -25.399  -20.849  -16.023  -19.400  -16.438
  50     1300  5.50  -14.600  -31.885  -25.258  -20.653  -15.796  -19.193  -16.234
  51     1300  6.00  -17.119  -35.706  -28.675  -23.766  -18.548  -22.220  -19.279
  52     1400  3.50  -12.481  -27.303  -21.547  -17.566  -13.371  -16.279  -13.285
  53     1400  4.00  -12.508  -27.344  -21.588  -17.603  -13.401  -16.314  -13.320
  54     1400  4.50  -12.726  -27.836  -21.999  -17.942  -13.653  -16.632  -13.642
  55     1400  5.00  -12.953  -28.357  -22.413  -18.280  -13.912  -16.949  -13.963
  56     1400  5.50  -12.709  -28.323  -22.253  -18.057  -13.654  -16.712  -13.728
  57     1400  6.00  -12.712  -28.341  -22.265  -18.064  -13.658  -16.718  -13.735
  58     1500  3.50  -10.953  -24.481  -19.186  -15.538  -11.692  -14.344  -11.332
  59     1500  4.00  -10.917  -24.364  -19.094  -15.464  -11.642  -14.275  -11.262
  60     1500  4.50  -11.130  -24.898  -19.516  -15.798  -11.886  -14.585  -11.576
  61     1500  5.00  -11.228  -25.132  -19.706  -15.947  -11.995  -14.723  -11.716
  62     1500  5.50  -11.297  -25.380  -19.880  -16.069  -12.070  -14.831  -11.827
  63     1500  6.00  -11.279  -25.460  -19.903  -16.060  -12.043  -14.816  -11.813
  64     1600  3.50   -9.634  -22.474  -17.431  -13.937  -10.264  -12.770   -9.766
  65     1600  4.00   -9.639  -22.228  -17.275  -13.859  -10.257  -12.722   -9.705
  66     1600  4.50   -9.690  -22.333  -17.351  -13.917  -10.311  -12.783   -9.761
  67     1600  5.00   -9.767  -22.441  -17.447  -14.004  -10.389  -12.868   -9.846
  68     1600  5.50   -9.836  -22.640  -17.589  -14.104  -10.459  -12.960   -9.938
  69     1600  6.00   -9.894  -22.820  -17.705  -14.179  -10.509  -13.026  -10.006
  70     1700  3.50   -8.431  -20.722  -15.547  -12.254   -8.877  -11.022   -8.170
  71     1700  4.00   -8.056  -20.320  -15.233  -11.830   -8.474  -10.642   -7.743
  72     1700  4.50   -7.331  -19.075  -14.032  -10.745   -7.642   -9.598   -6.743
  73     1700  5.00   -8.192  -20.116  -15.319  -11.967   -8.629  -10.834   -7.878
  74     1700  5.50   -8.520  -20.363  -15.645  -12.379   -9.009  -11.287   -8.272
  75     1700  6.00   -8.674  -20.567  -15.813  -12.549   -9.171  -11.470   -8.439
  76     1800  3.50   -7.719  -19.204  -13.880  -11.121   -8.032   -9.806   -7.159
  77     1800  4.00   -7.502  -18.788  -13.878  -10.812   -7.793   -9.600   -6.857
  78     1800  4.50   -6.906  -17.721  -13.030   -9.985   -7.137   -8.853   -6.069
  79     1800  5.00   -6.889  -17.562  -13.012   -9.919   -7.113   -8.813   -6.011
  80     1800  5.50   -7.371  -18.422  -13.861  -10.672   -7.678   -9.569   -6.665
  81     1800  6.00   -7.438  -18.538  -13.971  -10.805   -7.770   -9.718   -6.763
  82     1900  3.50   -6.963  -16.235  -11.567   -9.804   -7.137   -8.473   -6.027
  83     1900  4.00   -7.039  -17.553  -12.708   -9.998   -7.221   -8.711   -6.185
  84     1900  4.50   -7.413  -18.637  -13.786  -10.591   -7.649   -9.355   -6.691
  85     1900  5.00   -6.894  -17.522  -12.947   -9.825   -7.078   -8.660   -5.959
  86     1900  5.50   -7.060  -17.485  -13.098  -10.046   -7.290   -8.941   -6.115
  87     1900  6.00   -7.051  -17.449  -13.063  -10.093   -7.318   -9.044   -6.115
  88     2000  3.50   -6.560  -14.047  -10.003   -8.995   -6.632   -7.695   -5.346
  89     2000  4.00   -6.498  -15.543  -11.170   -9.067   -6.573   -7.774   -5.406
  90     2000  4.50   -6.469  -16.552  -11.990   -9.110   -6.549   -7.814   -5.433
  91     2000  5.00   -6.596  -17.108  -12.496   -9.286   -6.694   -8.022   -5.544
  92     2000  5.50   -6.870  -17.037  -12.745   -9.685   -7.043   -8.530   -5.818
  93     2000  6.00   -6.688  -16.528  -12.323   -9.464   -6.888   -8.405   -5.545
  94     2100  4.00   -6.043  -13.629   -9.809   -8.269   -6.038   -7.054   -4.708
  95     2100  5.00   -5.961  -15.747  -11.424   -8.312   -5.961   -7.028   -4.731
  96     2100  5.50   -6.396  -16.623  -12.202   -8.885   -6.447   -7.605   -5.157
  97     2100  6.00   -6.592  -16.404  -12.222   -9.200   -6.732   -7.987   -5.323
  98     2200  3.50   -5.558  -10.820   -7.634   -7.427   -5.505   -6.339   -3.865
  99     2200  4.00   -5.552  -11.925   -8.571   -7.494   -5.490   -6.393   -3.978
 100     2200  4.50   -5.601  -13.258   -9.698   -7.632   -5.534   -6.454   -4.179
 101     2200  5.00   -5.630  -14.646  -10.710   -7.753   -5.569   -6.505   -4.274
 102     2200  5.50   -5.862  -15.705  -11.463   -8.054   -5.825   -6.754   -4.458
 103     2200  6.00   -5.973  -15.873  -11.610   -8.190   -5.973   -6.820   -4.423
 104     2300  3.50   -5.052   -9.756   -6.826   -6.773   -4.971   -5.799   -3.208
 105     2300  4.00   -5.062  -10.701   -7.619   -6.829   -4.969   -5.843   -3.307
 106     2300  4.50   -5.168  -11.927   -8.678   -6.999   -5.064   -5.937   -3.559
 107     2300  5.00   -5.266  -13.430   -9.873   -7.191   -5.163   -6.036   -3.767
 108     2300  5.50   -5.419  -14.673  -10.775   -7.384   -5.321   -6.128   -3.879
 109     2300  6.00   -5.498  -15.102  -11.045   -7.489   -5.430   -6.138   -3.814
 110     2400  3.50   -4.559   -8.949   -6.200   -6.183   -4.468   -5.315   -2.609
 111     2400  4.00   -4.578   -9.715   -6.844   -6.219   -4.471   -5.344   -2.683
 112     2400  4.50   -4.704  -10.749   -7.745   -6.375   -4.580   -5.434   -2.919
 113     2400  5.50   -4.965  -13.394   -9.917   -6.732   -4.830   -5.581   -3.285
 114     2400  6.00   -5.142  -14.361  -10.585   -6.959   -5.027   -5.663   -3.331
 115     2500  3.50   -4.121   -8.421   -5.767   -5.687   -4.032   -4.908   -2.104
 116     2500  4.00   -4.124   -8.993   -6.257   -5.685   -4.018   -4.905   -2.132
 117     2500  4.50   -4.268   -9.850   -7.002   -5.829   -4.137   -4.995   -2.346
 118     2500  5.00   -4.378  -10.961   -7.982   -5.974   -4.235   -5.058   -2.549
 119     2500  5.50   -4.557  -12.316   -9.119   -6.190   -4.405   -5.145   -2.746
 120     2500  6.00   -4.746  -13.400   -9.944   -6.407   -4.599   -5.207   -2.808
 121     2600  3.50   -3.741   -8.008   -5.424   -5.256   -3.660   -4.546   -1.668
 122     2600  4.00   -3.722   -8.446   -5.805   -5.221   -3.624   -4.518   -1.658
 123     2600  4.50   -3.860   -9.145   -6.403   -5.342   -3.733   -4.598   -1.835
 124     2600  5.00   -3.945  -10.020   -7.187   -5.437   -3.803   -4.638   -1.980
 125     2600  5.50   -4.119  -11.220   -8.249   -5.629   -3.962   -4.718   -2.172
 126     2600  6.00   -4.347  -12.399   -9.209   -5.886   -4.184   -4.812   -2.301
 127     2700  3.50   -3.435   -7.676   -5.146   -4.899   -3.363   -4.240   -1.312
 128     2700  4.00   -3.373   -7.989   -5.432   -4.813   -3.283   -4.168   -1.246
 129     2700  4.50   -3.485   -8.547   -5.899   -4.897   -3.364   -4.226   -1.374
 130     2700  5.00   -3.548   -9.262   -6.534   -4.962   -3.415   -4.256   -1.475
 131     2700  5.50   -3.700  -10.264   -7.441   -5.117   -3.548   -4.327   -1.635
 132     2700  6.00   -3.926  -11.413   -8.427   -5.357   -3.757   -4.417   -1.772
 133     2800  5.00   -3.218   -9.696   -6.817   -4.605   -3.069   -3.922   -1.060
 134     2800  5.50   -3.421  -10.674   -7.727   -4.839   -3.236   -4.071   -1.232
 135     2900  5.00   -2.826   -8.931   -6.164   -4.138   -2.696   -3.528   -0.573
 136     2900  5.50   -3.012   -9.818   -6.984   -4.348   -2.849   -3.662   -0.725
 137     3000  5.00   -2.499   -8.285   -5.636   -3.754   -2.390   -3.201   -0.182
 138     3000  5.50   -2.635   -9.026   -6.301   -3.902   -2.494   -3.289   -0.280
 139     3100  5.00   -2.206   -7.713   -5.174   -3.405   -2.117   -2.892    0.177
 140     3100  5.50   -2.316   -8.326   -5.716   -3.528   -2.202   -2.964    0.110
 141     3200  5.00   -1.970   -7.249   -4.804   -3.120   -1.895   -2.639    0.466
 142     3200  5.50   -2.037   -7.716   -5.216   -3.198   -1.943   -2.683    0.436
 143     3300  5.00   -1.759   -6.841   -4.474   -2.864   -1.699   -2.405    0.718
 144     3300  5.50   -1.802   -7.197   -4.798   -2.920   -1.726   -2.436    0.696
 145     3400  5.00   -1.581   -6.506   -4.193   -2.640   -1.531   -2.205    0.933
 146     3400  5.50   -1.606   -6.757   -4.445   -2.679   -1.543   -2.222    0.929
 147     3500  5.00   -1.425   -6.221   -3.949   -2.444   -1.383   -2.022    1.133
 148     3500  5.50   -1.437   -6.382   -4.138   -2.469   -1.388   -2.033    1.133
 149     3600  5.00   -1.290   -5.976   -3.739   -2.270   -1.256   -1.862    1.304
 150     3600  5.50   -1.296   -6.058   -3.876   -2.290   -1.258   -1.872    1.302
 151     3700  5.00   -1.177   -5.765   -3.568   -2.125   -1.151   -1.727    1.448
 152     3700  5.50   -1.171   -5.798   -3.652   -2.125   -1.141   -1.723    1.456
 153     3800  5.00   -1.064   -5.563   -3.398   -1.973   -1.041   -1.585    1.598
 154     3800  5.50   -1.063   -5.544   -3.453   -1.982   -1.039   -1.593    1.592
 155     3500  0.00   -1.824   -7.842   -5.021   -3.097   -1.789   -2.609    0.487
 156     3500  0.50   -1.794   -7.424   -4.702   -2.967   -1.747   -2.522    0.573
 157     3500  1.00   -1.762   -7.004   -4.410   -2.855   -1.706   -2.447    0.646
 158     3500  1.50   -1.723   -6.603   -4.147   -2.752   -1.659   -2.374    0.718
 159     3500  2.00   -1.671   -6.235   -3.912   -2.646   -1.600   -2.296    0.798
 160     3500  2.50   -1.606   -5.911   -3.709   -2.538   -1.531   -2.210    0.886
 161     3500  3.00   -1.526   -5.653   -3.553   -2.433   -1.447   -2.119    0.984
 162     3500  3.50   -1.427   -5.452   -3.458   -2.344   -1.350   -2.025    1.089
 163     3500  4.00   -1.336   -5.331   -3.420   -2.270   -1.265   -1.942    1.188
 164     3500  4.50   -1.287   -5.315   -3.455   -2.233   -1.219   -1.903    1.247
 165     3500  5.00   -1.276   -5.384   -3.552   -2.231   -1.206   -1.902    1.269
 166     3750  0.00   -1.268   -7.084   -4.426   -2.417   -1.244   -1.936    1.183
 167     3750  0.50   -1.250   -6.723   -4.190   -2.315   -1.217   -1.871    1.258
 168     3750  1.00   -1.241   -6.392   -3.985   -2.242   -1.200   -1.831    1.307
 169     3750  1.50   -1.235   -6.088   -3.803   -2.185   -1.188   -1.804    1.343
 170     3750  2.00   -1.224   -5.807   -3.633   -2.131   -1.172   -1.776    1.377
 171     3750  2.50   -1.206   -5.551   -3.478   -2.074   -1.148   -1.742    1.416
 172     3750  3.00   -1.180   -5.344   -3.350   -2.018   -1.116   -1.706    1.457
 173     3750  3.50   -1.143   -5.188   -3.262   -1.977   -1.076   -1.670    1.496
 174     3750  4.00   -1.091   -5.042   -3.202   -1.946   -1.027   -1.627    1.540
 175     3750  4.50   -1.046   -4.946   -3.172   -1.914   -0.984   -1.587    1.585
 176     3750  5.00   -1.027   -4.927   -3.197   -1.901   -0.963   -1.574    1.607
 177     4000  0.00   -0.904   -6.103   -3.763   -1.933   -0.887   -1.479    1.632
 178     4000  0.50   -0.887   -5.769   -3.562   -1.839   -0.864   -1.416    1.702
 179     4000  1.00   -0.884   -5.486   -3.403   -1.776   -0.854   -1.380    1.746
 180     4000  1.50   -0.888   -5.257   -3.280   -1.735   -0.851   -1.361    1.775
 181     4000  2.00   -0.894   -5.077   -3.183   -1.706   -0.850   -1.353    1.795
 182     4000  2.50   -0.900   -4.940   -3.102   -1.683   -0.849   -1.348    1.810
 183     4000  3.00   -0.901   -4.836   -3.034   -1.660   -0.844   -1.344    1.826
 184     4000  3.50   -0.895   -4.766   -2.979   -1.637   -0.832   -1.338    1.843
 185     4000  4.00   -0.882   -4.703   -2.946   -1.636   -0.818   -1.336    1.849
 186     4000  4.50   -0.858   -4.621   -2.914   -1.636   -0.796   -1.326    1.859
 187     4000  5.00   -0.837   -4.555   -2.896   -1.629   -0.775   -1.313    1.873
 188     4250  0.00   -0.651   -5.253   -3.196   -1.577   -0.636   -1.156    1.951
 189     4250  0.50   -0.633   -4.956   -3.017   -1.491   -0.615   -1.098    2.014
 190     4250  1.00   -0.628   -4.703   -2.878   -1.433   -0.607   -1.063    2.053
 191     4250  1.50   -0.631   -4.500   -2.771   -1.396   -0.606   -1.044    2.078
 192     4250  2.00   -0.639   -4.341   -2.690   -1.371   -0.608   -1.036    2.094
 193     4250  2.50   -0.650   -4.228   -2.631   -1.353   -0.612   -1.032    2.108
 194     4250  3.00   -0.660   -4.161   -2.593   -1.339   -0.615   -1.032    2.118
 195     4250  3.50   -0.670   -4.142   -2.576   -1.330   -0.617   -1.037    2.126
 196     4250  4.00   -0.678   -4.158   -2.575   -1.327   -0.617   -1.045    2.130
 197     4250  4.50   -0.680   -4.183   -2.590   -1.346   -0.617   -1.062    2.120
 198     4250  5.00   -0.674   -4.181   -2.598   -1.366   -0.611   -1.074    2.111
 199     4500  0.00   -0.470   -4.596   -2.725   -1.302   -0.455   -0.914    2.194
 200     4500  0.50   -0.454   -4.342   -2.577   -1.229   -0.437   -0.864    2.246
 201     4500  1.00   -0.448   -4.127   -2.463   -1.180   -0.430   -0.834    2.279
 202     4500  1.50   -0.449   -3.955   -2.377   -1.149   -0.429   -0.818    2.299
 203     4500  2.00   -0.455   -3.818   -2.311   -1.127   -0.432   -0.810    2.312
 204     4500  2.50   -0.463   -3.717   -2.262   -1.111   -0.435   -0.806    2.322
 205     4500  3.00   -0.472   -3.650   -2.226   -1.098   -0.439   -0.804    2.331
 206     4500  3.50   -0.483   -3.623   -2.206   -1.088   -0.442   -0.805    2.340
 207     4500  4.00   -0.493   -3.634   -2.203   -1.081   -0.443   -0.809    2.347
 208     4500  4.50   -0.504   -3.675   -2.217   -1.080   -0.445   -0.818    2.350
 209     4500  5.00   -0.512   -3.734   -2.248   -1.094   -0.449   -0.833    2.344
 210     4750  0.00   -0.332   -4.063   -2.295   -1.064   -0.316   -0.715    2.395
 211     4750  0.50   -0.321   -3.837   -2.179   -1.010   -0.304   -0.678    2.434
 212     4750  1.00   -0.316   -3.645   -2.090   -0.974   -0.299   -0.655    2.458
 213     4750  1.50   -0.317   -3.492   -2.025   -0.950   -0.299   -0.643    2.473
 214     4750  2.00   -0.320   -3.373   -1.978   -0.934   -0.301   -0.637    2.482
 215     4750  2.50   -0.325   -3.284   -1.944   -0.923   -0.304   -0.634    2.488
 216     4750  3.00   -0.332   -3.222   -1.918   -0.912   -0.307   -0.632    2.495
 217     4750  3.50   -0.339   -3.191   -1.902   -0.902   -0.309   -0.630    2.503
 218     4750  4.00   -0.346   -3.190   -1.896   -0.893   -0.310   -0.629    2.511
 219     4750  4.50   -0.355   -3.217   -1.900   -0.886   -0.311   -0.631    2.519
 220     4750  5.00   -0.364   -3.274   -1.919   -0.882   -0.311   -0.635    2.524
 221     5000  0.00   -0.217   -3.614   -1.893   -0.850   -0.201   -0.539    2.572
 222     5000  0.50   -0.215   -3.413   -1.813   -0.818   -0.198   -0.519    2.594
 223     5000  1.00   -0.215   -3.237   -1.749   -0.795   -0.198   -0.506    2.608
 224     5000  1.50   -0.218   -3.092   -1.703   -0.781   -0.200   -0.500    2.616
 225     5000  2.00   -0.222   -2.980   -1.672   -0.773   -0.204   -0.498    2.620
 226     5000  2.50   -0.227   -2.895   -1.652   -0.767   -0.208   -0.498    2.623
 227     5000  3.00   -0.231   -2.837   -1.640   -0.762   -0.211   -0.498    2.626
 228     5000  3.50   -0.235   -2.804   -1.634   -0.755   -0.213   -0.497    2.631
 229     5000  4.00   -0.239   -2.796   -1.633   -0.747   -0.213   -0.495    2.638
 230     5000  4.50   -0.243   -2.813   -1.638   -0.739   -0.212   -0.492    2.645
 231     5000  5.00   -0.249   -2.853   -1.649   -0.731   -0.210   -0.491    2.654
 232     5250  0.00   -0.123   -3.250   -1.536   -0.661   -0.105   -0.385    2.724
 233     5250  0.50   -0.128   -3.075   -1.489   -0.649   -0.111   -0.381    2.730
 234     5250  1.00   -0.134   -2.914   -1.451   -0.641   -0.117   -0.380    2.733
 235     5250  1.50   -0.141   -2.776   -1.425   -0.637   -0.124   -0.381    2.733
 236     5250  2.00   -0.147   -2.665   -1.409   -0.637   -0.130   -0.385    2.732
 237     5250  2.50   -0.154   -2.578   -1.400   -0.638   -0.136   -0.389    2.730
 238     5250  3.00   -0.159   -2.516   -1.399   -0.639   -0.141   -0.393    2.729
 239     5250  3.50   -0.163   -2.477   -1.402   -0.637   -0.143   -0.394    2.730
 240     5250  4.00   -0.165   -2.461   -1.409   -0.633   -0.143   -0.393    2.734
 241     5250  4.50   -0.166   -2.469   -1.418   -0.627   -0.142   -0.391    2.741
 242     5250  5.00   -0.167   -2.496   -1.430   -0.619   -0.139   -0.387    2.749
 243     5500  0.00   -0.047   -2.977   -1.232   -0.499   -0.029   -0.255    2.850
 244     5500  0.50   -0.058   -2.822   -1.211   -0.503   -0.041   -0.264    2.842
 245     5500  1.00   -0.069   -2.672   -1.195   -0.508   -0.052   -0.273    2.835
 246     5500  1.50   -0.080   -2.539   -1.186   -0.515   -0.063   -0.282    2.828
 247     5500  2.00   -0.090   -2.426   -1.184   -0.523   -0.073   -0.292    2.821
 248     5500  2.50   -0.099   -2.334   -1.188   -0.531   -0.082   -0.301    2.814
 249     5500  3.00   -0.106   -2.264   -1.196   -0.537   -0.089   -0.309    2.809
 250     5500  3.50   -0.111   -2.214   -1.205   -0.541   -0.093   -0.314    2.807
 251     5500  4.00   -0.114   -2.186   -1.218   -0.542   -0.095   -0.316    2.808
 252     5500  4.50   -0.114   -2.180   -1.232   -0.539   -0.093   -0.314    2.812
 253     5500  5.00   -0.113   -2.194   -1.246   -0.533   -0.090   -0.311    2.818
 254     5750  0.00    0.012   -2.783   -0.977   -0.363    0.030   -0.149    2.949
 255     5750  0.50   -0.003   -2.648   -0.978   -0.378    0.015   -0.167    2.932
 256     5750  1.00   -0.017   -2.508   -0.979   -0.393    0.000   -0.183    2.917
 257     5750  1.50   -0.031   -2.376   -0.984   -0.409   -0.014   -0.199    2.903
 258     5750  2.00   -0.044   -2.259   -0.994   -0.424   -0.027   -0.215    2.890
 259     5750  2.50   -0.056   -2.159   -1.008   -0.440   -0.039   -0.230    2.878
 260     5750  3.00   -0.067   -2.078   -1.025   -0.452   -0.049   -0.242    2.869
 261     5750  3.50   -0.075   -2.015   -1.042   -0.462   -0.057   -0.251    2.863
 262     5750  4.00   -0.079   -1.972   -1.059   -0.468   -0.061   -0.256    2.860
 263     5750  4.50   -0.081   -1.950   -1.076   -0.469   -0.061   -0.258    2.862
 264     5750  5.00   -0.079   -1.949   -1.093   -0.466   -0.058   -0.256    2.866
 265     6000  0.00    0.055   -2.648   -0.754   -0.248    0.073   -0.064    3.025
 266     6000  0.50    0.041   -2.532   -0.779   -0.272    0.059   -0.085    3.003
 267     6000  1.00    0.026   -2.403   -0.796   -0.294    0.043   -0.107    2.982
 268     6000  1.50    0.010   -2.275   -0.813   -0.316    0.027   -0.129    2.962
 269     6000  2.00   -0.006   -2.155   -0.834   -0.338    0.011   -0.150    2.944
 270     6000  2.50   -0.022   -2.047   -0.857   -0.360   -0.005   -0.170    2.927
 271     6000  3.00   -0.036   -1.953   -0.881   -0.380   -0.019   -0.187    2.913
 272     6000  3.50   -0.048   -1.876   -0.906   -0.396   -0.030   -0.202    2.902
 273     6000  4.00   -0.055   -1.817   -0.929   -0.408   -0.038   -0.212    2.895
 274     6000  4.50   -0.059   -1.778   -0.950   -0.414   -0.041   -0.217    2.893
 275     6000  5.00   -0.059   -1.759   -0.969   -0.415   -0.040   -0.218    2.896
 276     6250  0.50    0.073   -2.453   -0.600   -0.180    0.090   -0.019    3.058
 277     6250  1.00    0.060   -2.337   -0.637   -0.206    0.077   -0.043    3.034
 278     6250  1.50    0.043   -2.215   -0.666   -0.233    0.060   -0.068    3.009
 279     6250  2.00    0.026   -2.094   -0.696   -0.261    0.043   -0.094    2.985
 280     6250  2.50    0.008   -1.981   -0.728   -0.288    0.024   -0.119    2.963
 281     6250  3.00   -0.010   -1.879   -0.760   -0.314    0.007   -0.142    2.944
 282     6250  3.50   -0.026   -1.789   -0.791   -0.338   -0.009   -0.162    2.928
 283     6250  4.00   -0.038   -1.714   -0.821   -0.356   -0.021   -0.177    2.916
 284     6250  4.50   -0.046   -1.656   -0.846   -0.369   -0.028   -0.188    2.910
 285     6250  5.00   -0.049   -1.619   -0.868   -0.375   -0.031   -0.192    2.910
 286     6500  0.50    0.093   -2.396   -0.438   -0.101    0.109    0.034    3.100
 287     6500  1.00    0.084   -2.294   -0.489   -0.130    0.100    0.009    3.073
 288     6500  1.50    0.070   -2.179   -0.536   -0.160    0.087   -0.017    3.045
 289     6500  2.00    0.052   -2.061   -0.576   -0.191    0.069   -0.045    3.017
 290     6500  2.50    0.033   -1.947   -0.615   -0.222    0.050   -0.074    2.991
 291     6500  3.00    0.012   -1.839   -0.655   -0.254    0.029   -0.102    2.966
 292     6500  3.50   -0.007   -1.739   -0.694   -0.284    0.010   -0.128    2.945
 293     6500  4.00   -0.024   -1.651   -0.730   -0.310   -0.007   -0.149    2.928
 294     6500  4.50   -0.037   -1.578   -0.761   -0.330   -0.020   -0.166    2.916
 295     6500  5.00   -0.045   -1.522   -0.787   -0.343   -0.027   -0.175    2.911
 296     6750  0.50    0.108   -2.343   -0.320   -0.042    0.123    0.077    3.138
 297     6750  1.00    0.097   -2.262   -0.354   -0.063    0.113    0.052    3.102
 298     6750  1.50    0.088   -2.156   -0.413   -0.094    0.104    0.025    3.072
 299     6750  2.00    0.073   -2.044   -0.468   -0.128    0.090   -0.004    3.042
 300     6750  2.50    0.054   -1.930   -0.516   -0.163    0.071   -0.035    3.010
 301     6750  3.00    0.032   -1.820   -0.563   -0.198    0.049   -0.067    2.981
 302     6750  3.50    0.009   -1.715   -0.608   -0.233    0.026   -0.098    2.955
 303     6750  4.00   -0.012   -1.619   -0.651   -0.265    0.005   -0.125    2.932
 304     6750  4.50   -0.030   -1.533   -0.689   -0.293   -0.013   -0.148    2.915
 305     6750  5.00   -0.043   -1.462   -0.721   -0.313   -0.025   -0.164    2.905
 306     7000  0.50    0.117   -2.282   -0.235   -0.001    0.132    0.109    3.171
 307     7000  1.00    0.107   -2.226   -0.257   -0.015    0.122    0.086    3.130
 308     7000  1.50    0.097   -2.139   -0.298   -0.038    0.112    0.059    3.090
 309     7000  2.00    0.087   -2.033   -0.364   -0.072    0.103    0.030    3.057
 310     7000  2.50    0.070   -1.923   -0.426   -0.109    0.086   -0.003    3.024
 311     7000  3.00    0.048   -1.814   -0.480   -0.147    0.065   -0.037    2.990
 312     7000  3.50    0.024   -1.707   -0.532   -0.186    0.041   -0.072    2.959
 313     7000  4.00   -0.000   -1.606   -0.581   -0.223    0.016   -0.104    2.931
 314     7000  4.50   -0.023   -1.512   -0.626   -0.257   -0.006   -0.133    2.908
 315     7000  5.00   -0.041   -1.429   -0.665   -0.285   -0.024   -0.155    2.892
 316     7250  0.50    0.119   -2.201   -0.188    0.019    0.134    0.129    3.199
 317     7250  1.00    0.110   -2.180   -0.187    0.017    0.125    0.110    3.153
 318     7250  1.50    0.102   -2.113   -0.218    0.002    0.116    0.085    3.108
 319     7250  2.00    0.091   -2.024   -0.267   -0.023    0.106    0.055    3.066
 320     7250  2.50    0.079   -1.920   -0.339   -0.061    0.095    0.023    3.030
 321     7250  3.00    0.060   -1.814   -0.405   -0.101    0.076   -0.012    2.994
 322     7250  3.50    0.036   -1.708   -0.463   -0.142    0.052   -0.050    2.957
 323     7250  4.00    0.009   -1.605   -0.519   -0.183    0.026   -0.086    2.925
 324     7250  4.50   -0.016   -1.506   -0.571   -0.223    0.001   -0.120    2.897
 325     7250  5.00   -0.040   -1.415   -0.616   -0.257   -0.022   -0.149    2.876
 326     7500  0.50    0.112   -2.073   -0.205    0.003    0.128    0.125    3.215
 327     7500  1.00    0.105   -2.114   -0.145    0.031    0.119    0.122    3.173
 328     7500  1.50    0.099   -2.073   -0.163    0.024    0.113    0.101    3.124
 329     7500  2.00    0.091   -2.002   -0.202    0.006    0.105    0.073    3.076
 330     7500  2.50    0.079   -1.913   -0.257   -0.021    0.094    0.041    3.030
 331     7500  3.00    0.065   -1.814   -0.333   -0.060    0.081    0.006    2.991
 332     7500  3.50    0.043   -1.712   -0.401   -0.103    0.060   -0.032    2.952
 333     7500  4.00    0.017   -1.610   -0.463   -0.147    0.034   -0.072    2.915
 334     7500  4.50   -0.011   -1.510   -0.521   -0.190    0.006   -0.110    2.883
 335     7500  5.00   -0.038   -1.414   -0.573   -0.230   -0.020   -0.144    2.856
 336     7750  1.00    0.090   -2.026   -0.137    0.024    0.104    0.119    3.185
 337     7750  1.50    0.088   -2.019   -0.129    0.031    0.102    0.106    3.136
 338     7750  2.00    0.083   -1.968   -0.158    0.021    0.097    0.082    3.083
 339     7750  2.50    0.074   -1.896   -0.203    0.002    0.088    0.052    3.031
 340     7750  3.00    0.061   -1.810   -0.265   -0.028    0.076    0.017    2.983
 341     7750  3.50    0.045   -1.715   -0.343   -0.070    0.061   -0.020    2.943
 342     7750  4.00    0.021   -1.617   -0.413   -0.115    0.038   -0.061    2.902
 343     7750  4.50   -0.007   -1.518   -0.476   -0.160    0.010   -0.103    2.865
 344     7750  5.00   -0.036   -1.421   -0.535   -0.205   -0.019   -0.141    2.834
 345     8000  1.00    0.061   -1.913   -0.170   -0.012    0.076    0.095    3.181
 346     8000  1.50    0.066   -1.950   -0.120    0.021    0.080    0.099    3.142
 347     8000  2.00    0.065   -1.922   -0.133    0.021    0.079    0.081    3.088
 348     8000  2.50    0.060   -1.867   -0.170    0.009    0.074    0.054    3.032
 349     8000  3.00    0.050   -1.796   -0.221   -0.012    0.065    0.021    2.976
 350     8000  3.50    0.037   -1.714   -0.288   -0.044    0.053   -0.017    2.927
 351     8000  4.00    0.019   -1.622   -0.367   -0.088    0.036   -0.056    2.885
 352     8000  4.50   -0.007   -1.527   -0.437   -0.134    0.010   -0.099    2.845
 353     8000  5.00   -0.037   -1.433   -0.500   -0.181   -0.019   -0.140    2.809
 354     8250  1.00    0.011   -1.780   -0.239   -0.077    0.027    0.044    3.150
 355     8250  1.50    0.034   -1.873   -0.137   -0.007    0.048    0.077    3.137
 356     8250  2.00    0.038   -1.869   -0.129    0.005    0.051    0.068    3.087
 357     8250  2.50    0.037   -1.830   -0.154    0.002    0.051    0.046    3.029
 358     8250  3.00    0.032   -1.773   -0.197   -0.012    0.046    0.016    2.969
 359     8250  3.50    0.022   -1.704   -0.252   -0.034    0.037   -0.020    2.912
 360     8250  4.00    0.008   -1.625   -0.325   -0.069    0.024   -0.059    2.864
 361     8250  4.50   -0.012   -1.536   -0.401   -0.114    0.005   -0.099    2.822
 362     8250  5.00   -0.040   -1.444   -0.471   -0.161   -0.022   -0.143    2.782
 363     8500  1.50   -0.008   -1.794   -0.174   -0.050    0.006    0.042    3.119
 364     8500  2.00    0.001   -1.814   -0.144   -0.024    0.015    0.043    3.077
 365     8500  2.50    0.004   -1.791   -0.156   -0.020    0.018    0.027    3.020
 366     8500  3.00    0.003   -1.747   -0.190   -0.026    0.017    0.002    2.959
 367     8500  3.50   -0.003   -1.690   -0.237   -0.041    0.012   -0.031    2.898
 368     8500  4.00   -0.013   -1.622   -0.297   -0.065    0.003   -0.069    2.841
 369     8500  4.50   -0.026   -1.543   -0.372   -0.101   -0.009   -0.108    2.795
 370     8500  5.00   -0.048   -1.456   -0.446   -0.146   -0.030   -0.150    2.754
 371     8750  1.50   -0.057   -1.712   -0.223   -0.102   -0.043   -0.002    3.090
 372     8750  2.00   -0.042   -1.760   -0.173   -0.063   -0.028    0.010    3.060
 373     8750  2.50   -0.036   -1.754   -0.173   -0.052   -0.023   -0.001    3.007
 374     8750  3.00   -0.035   -1.721   -0.197   -0.053   -0.021   -0.022    2.944
 375     8750  3.50   -0.036   -1.674   -0.237   -0.061   -0.022   -0.051    2.879
 376     8750  4.00   -0.042   -1.616   -0.290   -0.077   -0.026   -0.086    2.818
 377     8750  4.50   -0.052   -1.548   -0.355   -0.102   -0.035   -0.126    2.764
 378     8750  5.00   -0.064   -1.467   -0.428   -0.139   -0.046   -0.163    2.723
 379     9000  1.50   -0.111   -1.630   -0.275   -0.157   -0.096   -0.053    3.050
 380     9000  2.00   -0.088   -1.706   -0.211   -0.107   -0.075   -0.029    3.035
 381     9000  2.50   -0.081   -1.717   -0.200   -0.090   -0.068   -0.035    2.986
 382     9000  3.00   -0.078   -1.697   -0.216   -0.087   -0.064   -0.053    2.924
 383     9000  3.50   -0.077   -1.660   -0.250   -0.090   -0.062   -0.079    2.857
 384     9000  4.00   -0.079   -1.610   -0.296   -0.100   -0.063   -0.112    2.792
 385     9000  4.50   -0.084   -1.550   -0.354   -0.118   -0.068   -0.149    2.734
 386     9000  5.00   -0.093   -1.479   -0.421   -0.145   -0.076   -0.187    2.687
 387     9250  2.00   -0.138   -1.652   -0.254   -0.156   -0.124   -0.073    3.002
 388     9250  2.50   -0.129   -1.679   -0.235   -0.134   -0.115   -0.074    2.961
 389     9250  3.00   -0.124   -1.673   -0.244   -0.127   -0.111   -0.089    2.901
 390     9250  3.50   -0.122   -1.646   -0.271   -0.127   -0.108   -0.112    2.833
 391     9250  4.00   -0.121   -1.605   -0.311   -0.133   -0.107   -0.142    2.765
 392     9250  4.50   -0.124   -1.553   -0.363   -0.144   -0.108   -0.178    2.703
 393     9250  5.00   -0.130   -1.490   -0.425   -0.164   -0.113   -0.217    2.649
 394     9500  2.00   -0.189   -1.601   -0.300   -0.206   -0.176   -0.120    2.965
 395     9500  2.50   -0.178   -1.643   -0.274   -0.180   -0.165   -0.116    2.931
 396     9500  3.00   -0.173   -1.647   -0.277   -0.171   -0.160   -0.128    2.877
 397     9500  3.50   -0.170   -1.631   -0.298   -0.168   -0.157   -0.149    2.809
 398     9500  4.00   -0.168   -1.599   -0.334   -0.171   -0.154   -0.177    2.738
 399     9500  4.50   -0.168   -1.555   -0.381   -0.178   -0.153   -0.211    2.671
 400     9500  5.00   -0.171   -1.500   -0.439   -0.192   -0.154   -0.249    2.612
 401     9750  2.00   -0.240   -1.555   -0.346   -0.255   -0.227   -0.167    2.925
 402     9750  2.50   -0.228   -1.608   -0.316   -0.228   -0.215   -0.160    2.897
 403     9750  3.00   -0.223   -1.623   -0.315   -0.217   -0.210   -0.169    2.847
 404     9750  3.50   -0.220   -1.616   -0.332   -0.213   -0.206   -0.188    2.783
 405     9750  4.00   -0.217   -1.592   -0.363   -0.213   -0.203   -0.215    2.710
 406     9750  4.50   -0.215   -1.557   -0.405   -0.217   -0.200   -0.247    2.638
 407     9750  5.00   -0.215   -1.509   -0.459   -0.226   -0.199   -0.284    2.576
 408    10000  2.00   -0.292   -1.514   -0.393   -0.305   -0.278   -0.215    2.882
 409    10000  2.50   -0.279   -1.576   -0.360   -0.277   -0.266   -0.206    2.859
 410    10000  3.00   -0.274   -1.601   -0.356   -0.264   -0.261   -0.213    2.814
 411    10000  3.50   -0.270   -1.602   -0.369   -0.259   -0.257   -0.230    2.752
 412    10000  4.00   -0.267   -1.586   -0.396   -0.257   -0.254   -0.255    2.681
 413    10000  4.50   -0.265   -1.557   -0.434   -0.259   -0.250   -0.285    2.608
 414    10000  5.00   -0.263   -1.517   -0.484   -0.265   -0.247   -0.321    2.541
 415    10250  2.00   -0.343   -1.479   -0.439   -0.355   -0.330   -0.263    2.839
 416    10250  2.50   -0.330   -1.547   -0.405   -0.325   -0.317   -0.253    2.819
 417    10250  3.00   -0.325   -1.579   -0.398   -0.312   -0.312   -0.258    2.778
 418    10250  3.50   -0.322   -1.588   -0.409   -0.306   -0.309   -0.274    2.721
 419    10250  4.00   -0.319   -1.579   -0.432   -0.304   -0.306   -0.296    2.652
 420    10250  4.50   -0.316   -1.557   -0.466   -0.304   -0.302   -0.325    2.578
 421    10250  5.00   -0.313   -1.524   -0.511   -0.307   -0.297   -0.359    2.507
 422    10500  2.00   -0.394   -1.451   -0.485   -0.404   -0.381   -0.311    2.795
 423    10500  2.50   -0.380   -1.522   -0.450   -0.374   -0.368   -0.299    2.778
 424    10500  3.00   -0.375   -1.560   -0.442   -0.360   -0.363   -0.304    2.740
 425    10500  3.50   -0.373   -1.575   -0.450   -0.354   -0.360   -0.318    2.686
 426    10500  4.00   -0.371   -1.574   -0.470   -0.352   -0.358   -0.339    2.621
 427    10500  4.50   -0.367   -1.558   -0.501   -0.351   -0.354   -0.366    2.547
 428    10500  5.00   -0.364   -1.530   -0.543   -0.352   -0.349   -0.400    2.473
 429    10750  2.00   -0.445   -1.429   -0.532   -0.453   -0.432   -0.359    2.750
 430    10750  2.50   -0.431   -1.502   -0.495   -0.422   -0.418   -0.346    2.735
 431    10750  3.00   -0.426   -1.543   -0.486   -0.409   -0.414   -0.351    2.700
 432    10750  3.50   -0.424   -1.564   -0.493   -0.403   -0.412   -0.364    2.650
 433    10750  4.00   -0.422   -1.568   -0.511   -0.400   -0.409   -0.383    2.587
 434    10750  4.50   -0.419   -1.558   -0.539   -0.398   -0.406   -0.409    2.515
 435    10750  5.00   -0.415   -1.536   -0.577   -0.398   -0.401   -0.441    2.441
 436    11000  2.00   -0.496   -1.414   -0.578   -0.502   -0.483   -0.407    2.705
 437    11000  2.50   -0.481   -1.486   -0.540   -0.470   -0.468   -0.394    2.692
 438    11000  3.00   -0.476   -1.531   -0.530   -0.457   -0.464   -0.397    2.659
 439    11000  3.50   -0.475   -1.555   -0.536   -0.451   -0.463   -0.409    2.611
 440    11000  4.00   -0.474   -1.564   -0.552   -0.448   -0.461   -0.428    2.552
 441    11000  4.50   -0.471   -1.559   -0.578   -0.446   -0.458   -0.452    2.483
 442    11000  5.00   -0.467   -1.542   -0.613   -0.445   -0.453   -0.482    2.409
 443    11250  2.00   -0.546   -1.403   -0.623   -0.551   -0.534   -0.456    2.660
 444    11250  2.50   -0.531   -1.476   -0.585   -0.518   -0.519   -0.441    2.649
 445    11250  3.00   -0.527   -1.521   -0.575   -0.505   -0.514   -0.444    2.617
 446    11250  3.50   -0.525   -1.549   -0.580   -0.499   -0.513   -0.456    2.571
 447    11250  4.00   -0.525   -1.561   -0.595   -0.496   -0.512   -0.473    2.515
 448    11250  4.50   -0.523   -1.561   -0.619   -0.494   -0.510   -0.496    2.449
 449    11250  5.00   -0.519   -1.548   -0.651   -0.493   -0.505   -0.525    2.376
 450    11500  2.00   -0.597   -1.398   -0.669   -0.599   -0.584   -0.503    2.615
 451    11500  2.50   -0.581   -1.469   -0.630   -0.566   -0.569   -0.488    2.605
 452    11500  3.00   -0.576   -1.515   -0.619   -0.553   -0.564   -0.490    2.575
 453    11500  3.50   -0.576   -1.545   -0.624   -0.547   -0.563   -0.502    2.531
 454    11500  4.00   -0.575   -1.561   -0.638   -0.544   -0.563   -0.519    2.476
 455    11500  4.50   -0.574   -1.564   -0.660   -0.543   -0.561   -0.541    2.413
 456    11500  5.00   -0.571   -1.556   -0.690   -0.541   -0.557   -0.568    2.343
 457    11750  2.00   -0.647   -1.396   -0.714   -0.647   -0.634   -0.551    2.570
 458    11750  2.50   -0.630   -1.466   -0.674   -0.613   -0.618   -0.535    2.562
 459    11750  3.00   -0.626   -1.513   -0.663   -0.600   -0.614   -0.537    2.532
 460    11750  3.50   -0.625   -1.543   -0.668   -0.594   -0.613   -0.548    2.490
 461    11750  4.00   -0.625   -1.562   -0.681   -0.592   -0.613   -0.565    2.437
 462    11750  4.50   -0.625   -1.569   -0.702   -0.591   -0.612   -0.586    2.376
 463    11750  5.00   -0.622   -1.564   -0.731   -0.589   -0.609   -0.612    2.308
 464    12000  2.50   -0.680   -1.467   -0.718   -0.661   -0.668   -0.581    2.518
 465    12000  3.00   -0.675   -1.513   -0.707   -0.647   -0.663   -0.583    2.489
 466    12000  3.50   -0.675   -1.545   -0.711   -0.642   -0.663   -0.594    2.448
 467    12000  4.00   -0.675   -1.565   -0.724   -0.639   -0.663   -0.610    2.397
 468    12000  4.50   -0.675   -1.574   -0.745   -0.638   -0.662   -0.631    2.339
 469    12000  5.00   -0.673   -1.573   -0.772   -0.637   -0.659   -0.656    2.273
 470    12250  2.50   -0.728   -1.471   -0.762   -0.707   -0.716   -0.627    2.474
 471    12250  3.00   -0.724   -1.517   -0.751   -0.694   -0.712   -0.629    2.447
 472    12250  3.50   -0.724   -1.548   -0.755   -0.688   -0.712   -0.640    2.407
 473    12250  4.00   -0.724   -1.570   -0.768   -0.686   -0.712   -0.656    2.357
 474    12250  4.50   -0.724   -1.581   -0.787   -0.685   -0.712   -0.676    2.300
 475    12250  5.00   -0.723   -1.582   -0.813   -0.684   -0.710   -0.700    2.236
 476    12500  2.50   -0.777   -1.477   -0.806   -0.753   -0.765   -0.673    2.431
 477    12500  3.00   -0.772   -1.523   -0.795   -0.740   -0.761   -0.675    2.404
 478    12500  3.50   -0.772   -1.555   -0.798   -0.735   -0.760   -0.685    2.365
 479    12500  4.00   -0.773   -1.576   -0.810   -0.733   -0.761   -0.701    2.317
 480    12500  4.50   -0.773   -1.589   -0.829   -0.732   -0.761   -0.720    2.261
 481    12500  5.00   -0.772   -1.592   -0.854   -0.731   -0.759   -0.744    2.199
 482    12750  2.50   -0.824   -1.486   -0.849   -0.799   -0.813   -0.719    2.388
 483    12750  3.00   -0.820   -1.531   -0.838   -0.786   -0.809   -0.720    2.361
 484    12750  3.50   -0.820   -1.563   -0.841   -0.781   -0.809   -0.730    2.323
 485    12750  4.00   -0.821   -1.584   -0.853   -0.779   -0.809   -0.746    2.276
 486    12750  4.50   -0.822   -1.598   -0.872   -0.778   -0.809   -0.765    2.222
 487    12750  5.00   -0.821   -1.604   -0.896   -0.777   -0.808   -0.788    2.162
 488    13000  2.50   -0.872   -1.496   -0.891   -0.844   -0.860   -0.764    2.345
 489    13000  3.00   -0.868   -1.541   -0.880   -0.831   -0.856   -0.765    2.319
 490    13000  3.50   -0.868   -1.573   -0.884   -0.827   -0.856   -0.775    2.282
 491    13000  4.00   -0.869   -1.594   -0.896   -0.825   -0.857   -0.790    2.236
 492    13000  4.50   -0.870   -1.609   -0.913   -0.824   -0.857   -0.809    2.183
 493    13000  5.00   -0.869   -1.615   -0.937   -0.823   -0.856   -0.831    2.124
 494    14000  2.00   -1.069   -1.460   -1.101   -1.053   -1.057   -0.955    2.183
 495    14000  2.50   -1.053   -1.545   -1.055   -1.018   -1.042   -0.937    2.180
 496    14000  3.00   -1.052   -1.595   -1.046   -1.007   -1.041   -0.940    2.153
 497    14000  3.50   -1.053   -1.626   -1.050   -1.004   -1.042   -0.951    2.118
 498    14000  4.00   -1.055   -1.647   -1.061   -1.003   -1.043   -0.965    2.075
 499    14000  4.50   -1.055   -1.662   -1.078   -1.002   -1.044   -0.982    2.026
 500    14000  5.00   -1.055   -1.670   -1.099   -1.002   -1.043   -1.003    1.972
 501    15000  2.50   -1.223   -1.602   -1.209   -1.181   -1.212   -1.099    2.024
 502    15000  3.00   -1.225   -1.659   -1.202   -1.173   -1.214   -1.105    1.996
 503    15000  3.50   -1.229   -1.693   -1.208   -1.172   -1.218   -1.117    1.960
 504    15000  4.00   -1.231   -1.715   -1.220   -1.172   -1.220   -1.132    1.919
 505    15000  4.50   -1.232   -1.728   -1.236   -1.172   -1.221   -1.148    1.874
 506    15000  5.00   -1.232   -1.736   -1.256   -1.171   -1.220   -1.167    1.823
 507    16000  2.50   -1.381   -1.659   -1.353   -1.333   -1.371   -1.250    1.879
 508    16000  3.00   -1.388   -1.726   -1.349   -1.329   -1.377   -1.260    1.848
 509    16000  3.50   -1.394   -1.766   -1.357   -1.331   -1.384   -1.275    1.811
 510    16000  4.00   -1.399   -1.790   -1.370   -1.333   -1.388   -1.290    1.770
 511    16000  4.50   -1.401   -1.804   -1.387   -1.334   -1.389   -1.307    1.726
 512    16000  5.00   -1.401   -1.811   -1.406   -1.333   -1.389   -1.325    1.679
 513    17000  2.50   -1.528   -1.713   -1.488   -1.475   -1.518   -1.391    1.744
 514    17000  3.00   -1.539   -1.792   -1.486   -1.474   -1.528   -1.404    1.710
 515    17000  3.50   -1.549   -1.839   -1.497   -1.479   -1.539   -1.422    1.670
 516    17000  4.00   -1.556   -1.867   -1.512   -1.484   -1.546   -1.440    1.629
 517    17000  4.50   -1.560   -1.882   -1.529   -1.486   -1.549   -1.457    1.586
 518    17000  5.00   -1.560   -1.890   -1.548   -1.487   -1.549   -1.475    1.540
 519    18000  2.50   -1.665   -1.763   -1.615   -1.607   -1.654   -1.521    1.618
 520    18000  3.00   -1.680   -1.854   -1.614   -1.609   -1.670   -1.539    1.581
 521    18000  3.50   -1.694   -1.909   -1.628   -1.619   -1.684   -1.560    1.539
 522    18000  4.00   -1.704   -1.942   -1.646   -1.626   -1.694   -1.581    1.496
 523    18000  4.50   -1.709   -1.961   -1.664   -1.630   -1.699   -1.599    1.452
 524    18000  5.00   -1.711   -1.970   -1.684   -1.632   -1.700   -1.617    1.408
 525    19000  2.50   -1.791   -1.809   -1.734   -1.732   -1.781   -1.644    1.500
 526    19000  3.00   -1.811   -1.914   -1.733   -1.736   -1.801   -1.664    1.460
 527    19000  3.50   -1.830   -1.976   -1.751   -1.749   -1.820   -1.690    1.415
 528    19000  4.00   -1.843   -2.015   -1.772   -1.760   -1.833   -1.713    1.370
 529    19000  4.50   -1.851   -2.037   -1.791   -1.766   -1.840   -1.733    1.327
 530    19000  5.00   -1.854   -2.048   -1.812   -1.769   -1.843   -1.752    1.282
 531    20000  3.00   -1.933   -1.970   -1.846   -1.854   -1.923   -1.781    1.348
 532    20000  3.50   -1.957   -2.041   -1.867   -1.871   -1.947   -1.811    1.299
 533    20000  4.00   -1.973   -2.084   -1.890   -1.885   -1.963   -1.837    1.253
 534    20000  4.50   -1.983   -2.110   -1.911   -1.894   -1.973   -1.859    1.208
 535    20000  5.00   -1.988   -2.124   -1.932   -1.898   -1.977   -1.879    1.164
 536    21000  3.00   -2.047   -2.022   -1.951   -1.965   -2.037   -1.890    1.243
 537    21000  3.50   -2.076   -2.102   -1.975   -1.986   -2.066   -1.924    1.190
 538    21000  4.00   -2.096   -2.151   -2.000   -2.003   -2.086   -1.953    1.141
 539    21000  4.50   -2.108   -2.181   -2.024   -2.014   -2.098   -1.977    1.096
 540    21000  5.00   -2.115   -2.197   -2.046   -2.020   -2.104   -1.999    1.051
 541    22000  3.00   -2.154   -2.073   -2.051   -2.070   -2.144   -1.993    1.144
 542    22000  3.50   -2.187   -2.159   -2.077   -2.094   -2.177   -2.030    1.088
 543    22000  4.00   -2.211   -2.214   -2.105   -2.114   -2.201   -2.063    1.037
 544    22000  4.50   -2.226   -2.248   -2.130   -2.128   -2.216   -2.089    0.990
 545    22000  5.00   -2.235   -2.267   -2.153   -2.136   -2.224   -2.112    0.945
 546    23000  3.00   -2.256   -2.123   -2.144   -2.169   -2.246   -2.090    1.050
 547    23000  3.50   -2.292   -2.215   -2.173   -2.196   -2.282   -2.130    0.992
 548    23000  4.00   -2.319   -2.275   -2.203   -2.219   -2.309   -2.166    0.938
 549    23000  4.50   -2.337   -2.312   -2.230   -2.235   -2.327   -2.194    0.890
 550    23000  5.00   -2.347   -2.334   -2.255   -2.244   -2.337   -2.218    0.844
 551    24000  3.00   -2.351   -2.172   -2.232   -2.261   -2.341   -2.182    0.962
 552    24000  3.50   -2.391   -2.269   -2.264   -2.292   -2.381   -2.225    0.901
 553    24000  4.00   -2.421   -2.332   -2.296   -2.317   -2.411   -2.263    0.845
 554    24000  4.50   -2.441   -2.373   -2.325   -2.336   -2.432   -2.294    0.795
 555    24000  5.00   -2.454   -2.398   -2.350   -2.347   -2.444   -2.319    0.749
 556    25000  3.00   -2.437   -2.214   -2.311   -2.344   -2.428   -2.264    0.883
 557    25000  3.50   -2.485   -2.322   -2.350   -2.383   -2.476   -2.315    0.814
 558    25000  4.00   -2.517   -2.387   -2.384   -2.411   -2.508   -2.355    0.757
 559    25000  4.50   -2.540   -2.431   -2.414   -2.431   -2.530   -2.387    0.706
 560    25000  5.00   -2.554   -2.458   -2.441   -2.444   -2.544   -2.414    0.659
 561    26000  3.00   -2.513   -2.247   -2.384   -2.420   -2.504   -2.338    0.813
 562    26000  3.50   -2.573   -2.372   -2.429   -2.467   -2.564   -2.399    0.733
 563    26000  4.00   -2.609   -2.441   -2.467   -2.499   -2.600   -2.442    0.674
 564    26000  4.50   -2.633   -2.487   -2.499   -2.521   -2.624   -2.476    0.622
 565    26000  5.00   -2.649   -2.516   -2.526   -2.536   -2.639   -2.504    0.574
 566    27000  3.50   -2.653   -2.416   -2.501   -2.545   -2.645   -2.475    0.660
 567    27000  4.00   -2.695   -2.493   -2.545   -2.582   -2.686   -2.524    0.595
 568    27000  4.50   -2.721   -2.540   -2.578   -2.606   -2.712   -2.559    0.542
 569    27000  5.00   -2.738   -2.570   -2.606   -2.622   -2.729   -2.588    0.494
 570    28000  3.50   -2.726   -2.453   -2.566   -2.614   -2.717   -2.544    0.594
 571    28000  4.00   -2.775   -2.540   -2.616   -2.659   -2.767   -2.600    0.521
 572    28000  4.50   -2.804   -2.590   -2.653   -2.687   -2.796   -2.638    0.466
 573    28000  5.00   -2.822   -2.621   -2.682   -2.703   -2.813   -2.668    0.419
 574    29000  3.50   -2.794   -2.488   -2.628   -2.681   -2.785   -2.608    0.533
 575    29000  4.00   -2.848   -2.581   -2.681   -2.730   -2.840   -2.669    0.455
 576    29000  4.50   -2.882   -2.636   -2.722   -2.761   -2.873   -2.712    0.396
 577    29000  5.00   -2.902   -2.669   -2.752   -2.780   -2.893   -2.742    0.348
 578    30000  3.50   -2.861   -2.526   -2.693   -2.748   -2.852   -2.673    0.472
 579    30000  4.00   -2.916   -2.618   -2.741   -2.795   -2.908   -2.733    0.395
 580    30000  4.50   -2.954   -2.678   -2.785   -2.830   -2.945   -2.779    0.332
 581    30000  5.00   -2.976   -2.713   -2.818   -2.851   -2.967   -2.812    0.282
 582    31000  3.50   -2.933   -2.575   -2.763   -2.820   -2.924   -2.743    0.406
 583    31000  4.00   -2.981   -2.654   -2.800   -2.857   -2.973   -2.794    0.337
 584    31000  4.50   -3.020   -2.716   -2.844   -2.894   -3.012   -2.842    0.273
 585    31000  5.00   -3.045   -2.754   -2.878   -2.917   -3.037   -2.876    0.222
 586    32000  4.00   -3.045   -2.693   -2.859   -2.920   -3.036   -2.855    0.281
 587    32000  4.50   -3.084   -2.754   -2.901   -2.956   -3.076   -2.902    0.217
 588    32000  5.00   -3.110   -2.793   -2.936   -2.980   -3.102   -2.937    0.165
 589    33000  4.00   -3.113   -2.740   -2.923   -2.987   -3.104   -2.919    0.220
 590    33000  4.50   -3.147   -2.792   -2.957   -3.016   -3.138   -2.960    0.163
 591    33000  5.00   -3.173   -2.831   -2.991   -3.041   -3.165   -2.996    0.111
 592    34000  4.00   -3.184   -2.793   -2.991   -3.057   -3.174   -2.987    0.155
 593    34000  4.50   -3.211   -2.835   -3.016   -3.079   -3.202   -3.020    0.106
 594    34000  5.00   -3.235   -2.870   -3.046   -3.101   -3.227   -3.053    0.057
 595    35000  4.00   -3.258   -2.854   -3.063   -3.131   -3.248   -3.060    0.086
 596    35000  4.50   -3.277   -2.884   -3.078   -3.144   -3.268   -3.083    0.047
 597    35000  5.00   -3.298   -2.914   -3.104   -3.163   -3.289   -3.112    0.002
 598    36000  4.00   -3.337   -2.921   -3.139   -3.208   -3.325   -3.136    0.012
 599    36000  4.50   -3.347   -2.939   -3.144   -3.213   -3.337   -3.149   -0.016
 600    36000  5.00   -3.363   -2.962   -3.164   -3.226   -3.354   -3.173   -0.055
 601    37000  4.00   -3.417   -2.992   -3.217   -3.288   -3.406   -3.215   -0.065
 602    37000  4.50   -3.420   -2.999   -3.214   -3.284   -3.409   -3.219   -0.082
 603    37000  5.00   -3.431   -3.016   -3.228   -3.293   -3.421   -3.237   -0.114
 604    38000  4.00   -3.499   -3.065   -3.296   -3.368   -3.487   -3.295   -0.144
 605    38000  4.50   -3.495   -3.064   -3.287   -3.359   -3.483   -3.292   -0.153
 606    38000  5.00   -3.501   -3.074   -3.294   -3.362   -3.490   -3.304   -0.177
 607    39000  4.00   -3.579   -3.139   -3.375   -3.448   -3.567   -3.374   -0.222
 608    39000  4.50   -3.572   -3.132   -3.361   -3.435   -3.560   -3.367   -0.226
 609    39000  5.00   -3.573   -3.136   -3.363   -3.433   -3.562   -3.373   -0.244
 610    40000  4.50   -3.650   -3.203   -3.436   -3.511   -3.638   -3.443   -0.300
 611    40000  5.00   -3.648   -3.202   -3.435   -3.507   -3.636   -3.445   -0.313
 612    41000  4.50   -3.727   -3.273   -3.511   -3.587   -3.715   -3.519   -0.375
 613    41000  5.00   -3.723   -3.269   -3.507   -3.581   -3.711   -3.518   -0.384
 614    42000  4.50   -3.803   -3.343   -3.585   -3.662   -3.791   -3.594   -0.448
 615    42000  5.00   -3.799   -3.338   -3.580   -3.655   -3.786   -3.592   -0.456
 616    43000  4.50   -3.878   -3.412   -3.657   -3.736   -3.865   -3.667   -0.521
 617    43000  5.00   -3.873   -3.407   -3.652   -3.729   -3.861   -3.665   -0.528
 618    44000  4.50   -3.951   -3.480   -3.728   -3.808   -3.938   -3.740   -0.592
 619    44000  5.00   -3.947   -3.475   -3.724   -3.802   -3.934   -3.738   -0.599
 620    45000  4.50   -4.022   -3.546   -3.798   -3.879   -4.010   -3.810   -0.662
 621    45000  5.00   -4.019   -3.542   -3.794   -3.873   -4.006   -3.809   -0.669
 622    46000  4.50   -4.092   -3.612   -3.866   -3.948   -4.079   -3.879   -0.731
 623    46000  5.00   -4.090   -3.608   -3.863   -3.943   -4.077   -3.879   -0.738
 624    47000  4.50   -4.160   -3.676   -3.933   -4.016   -4.148   -3.947   -0.798
 625    47000  5.00   -4.160   -3.673   -3.930   -4.011   -4.146   -3.947   -0.806
 626    48000  4.50   -4.227   -3.739   -3.999   -4.082   -4.215   -4.014   -0.864
 627    48000  5.00   -4.227   -3.737   -3.996   -4.079   -4.214   -4.014   -0.872
 628    49000  4.50   -4.293   -3.801   -4.063   -4.147   -4.281   -4.079   -0.928
 629    49000  5.00   -4.294   -3.799   -4.061   -4.144   -4.281   -4.080   -0.937
 630    50000  5.00   -4.359   -3.861   -4.125   -4.209   -4.346   -4.144   -1.001
 631    56101  5.00   -4.493   -3.991   -4.276   -4.359   -4.487   -4.283   -1.116
 632    62946  5.00   -4.838   -4.317   -4.611   -4.698   -4.832   -4.625   -1.457
 633    70627  5.00   -5.186   -4.649   -4.950   -5.042   -5.181   -4.970   -1.802
 634    79245  5.00   -5.538   -4.986   -5.293   -5.390   -5.532   -5.319   -2.151
 635    88914  5.00   -5.892   -5.327   -5.641   -5.740   -5.887   -5.671   -2.502
 636    99763  5.00   -6.249   -5.672   -5.991   -6.094   -6.243   -6.025   -2.857
 637   111936  5.00   -6.607   -6.021   -6.344   -6.450   -6.602   -6.382   -3.213
 638   125595  5.00   -6.968   -6.373   -6.699   -6.808   -6.963   -6.741   -3.572
 639   140920  5.00   -7.330   -6.727   -7.057   -7.167   -7.325   -7.101   -3.933
 640   158115  5.00   -7.693   -7.084   -7.417   -7.529   -7.689   -7.463   -4.295
 641   177407  5.00   -8.058   -7.443   -7.778   -7.892   -8.054   -7.827   -4.658
 642   199055  5.00   -8.424   -7.803   -8.141   -8.257   -8.420   -8.192   -5.023
 643   223343  5.00   -8.791   -8.165   -8.506   -8.622   -8.787   -8.558   -5.389
 644   250595  5.00   -9.159   -8.529   -8.871   -8.989   -9.155   -8.925   -5.756
 645   281172  5.00   -9.528   -8.894   -9.238   -9.357   -9.523   -9.293   -6.124
 646   315481  5.00   -9.897   -9.260   -9.605   -9.725   -9.893   -9.662   -6.493
 647   353975  5.00  -10.267   -9.627   -9.974  -10.094  -10.263  -10.031   -6.862
 648   397167  5.00  -10.638   -9.995  -10.343  -10.464  -10.633  -10.401   -7.232
 649   445629  5.00  -11.009  -10.364  -10.712  -10.834  -11.004  -10.772   -7.603
 650   500004  5.00  -11.380  -10.733  -11.083  -11.205  -11.376  -11.143   -7.974
 651   561014  5.00  -11.752  -11.103  -11.453  -11.576  -11.748  -11.514   -8.345
 652   629469  5.00  -12.124  -11.474  -11.825  -11.948  -12.120  -11.886   -8.717
 653   706276  5.00  -12.497  -11.845  -12.196  -12.320  -12.492  -12.258   -9.089
 654   792455  5.00  -12.869  -12.216  -12.568  -12.693  -12.865  -12.631   -9.462
 655   889149  5.00  -13.242  -12.588  -12.941  -13.065  -13.238  -13.004   -9.835
 656   997642  5.00  -13.616  -12.960  -13.313  -13.438  -13.611  -13.377  -10.208
 657  1119373  5.00  -13.989  -13.333  -13.686  -13.812  -13.985  -13.750  -10.581
 658  1255958  5.00  -14.363  -13.705  -14.059  -14.185  -14.359  -14.123  -10.954
 659  1409209  5.00  -14.736  -14.079  -14.433  -14.558  -14.732  -14.497  -11.328
 660  1581159  5.00  -15.110  -14.452  -14.806  -14.932  -15.106  -14.871  -11.702
 661  1774090  5.00  -15.484  -14.825  -15.180  -15.306  -15.480  -15.245  -12.076
 662  1990563  5.00  -15.858  -15.199  -15.554  -15.680  -15.854  -15.619  -12.450
 663  2233450  5.00  -16.233  -15.573  -15.928  -16.054  -16.229  -15.993  -12.824
 664  2505973  5.00  -16.607  -15.946  -16.302  -16.428  -16.603  -16.367  -13.198
 665  2811749  5.00  -16.981  -16.320  -16.676  -16.802  -16.977  -16.741  -13.572
 666  3154836  5.00  -17.356  -16.695  -17.050  -17.177  -17.352  -17.116  -13.947
 667  3539785  5.00  -17.730  -17.069  -17.425  -17.551  -17.726  -17.490  -14.321
 668  3971706  5.00  -18.105  -17.443  -17.799  -17.926  -18.101  -17.865  -14.695
 669  4456330  5.00  -18.479  -17.817  -18.174  -18.300  -18.475  -18.239  -15.070
# BCs for Fluks et al. 1994 M-giant spectra:
#  n     Teff  logg        V        u        v        b        y     Hb_w     Hb_n
   0     3810  0.00   -1.256   -5.855   -3.811   -2.265   -1.232   -1.931    1.170
   1     3736  0.00   -1.480   -6.115   -4.030   -2.530   -1.453   -2.183    0.891
   2     3666  0.00   -1.722   -6.391   -4.273   -2.831   -1.685   -2.446    0.605
   3     3574  0.00   -2.104   -6.631   -4.515   -3.335   -2.066   -2.904    0.104
   4     3434  0.00   -2.802   -7.168   -5.018   -4.097   -2.781   -3.622   -0.650
   5     3309  0.00   -3.818   -7.714   -5.676   -5.319   -3.824   -4.702   -1.846
   6     3126  0.00   -5.168   -8.671   -6.868   -6.762   -5.175   -6.081   -3.187
   7     2890  0.00   -6.368   -9.380   -8.016   -8.321   -6.476   -7.597   -4.711
   8     2667  0.00   -7.217  -10.106   -8.903   -9.329   -7.494   -8.675   -5.740
   9     2500  0.00   -7.956  -10.833   -9.685  -10.041   -8.267   -9.416   -6.458
