# BCs for ATLAS9 + DUSTY99 + blackbody spectra:
#  n     Teff  logg        V        u        v        b        y     Hb_w     Hb_n
   0      500  3.50  -59.119  -999999  -999999  -999999  -69.842  -999999  -999999
   1      500  4.00  -58.200  -999999  -999999  -999999  -68.661  -999999  -999999
   2      500  4.50  -57.680  -999999  -999999  -999999  -68.279  -999999  -999999
   3      500  5.00  -55.682  -999999  -999999  -999999  -65.895  -999999  -999999
   4      500  5.50  -53.129  -999999  -999999  -77.839  -62.792  -74.046  -72.082
   5      500  6.00  -50.570  -999999  -999999  -73.559  -59.666  -70.445  -68.139
   6      600  3.50  -48.322  -999999  -81.826  -68.908  -56.215  -65.938  -63.528
   7      600  4.00  -47.751  -999999  -79.978  -68.065  -55.506  -65.113  -62.691
   8      600  4.50  -48.940  -999999  -999999  -70.347  -57.240  -67.330  -64.953
   9      600  5.00  -47.334  -999999  -80.497  -68.247  -55.370  -65.265  -62.864
  10      600  5.50  -45.369  -999999  -76.877  -65.597  -53.040  -62.662  -60.230
  11      600  6.00  -43.273  -999999  -73.364  -62.648  -50.494  -59.771  -57.303
  12      700  3.50  -39.934  -78.334  -66.031  -56.493  -45.790  -53.826  -51.246
  13      700  4.00  -39.478  -77.496  -65.256  -55.814  -45.226  -53.167  -50.578
  14      700  4.50  -40.458  -80.287  -67.379  -57.610  -46.597  -54.898  -52.340
  15      700  5.00  -39.630  -78.615  -66.275  -56.600  -45.671  -53.906  -51.340
  16      700  5.50  -37.999  -75.828  -63.999  -54.536  -43.814  -51.882  -49.297
  17      700  6.00  -36.018  -72.392  -61.003  -51.857  -41.480  -49.265  -46.652
  18      800  3.50  -32.303  -64.147  -53.631  -45.576  -36.566  -43.220  -40.512
  19      800  4.00  -32.488  -64.388  -53.844  -45.780  -36.764  -43.422  -40.714
  20      800  4.50  -33.329  -66.328  -55.587  -47.259  -37.898  -44.841  -42.156
  21      800  5.00  -32.505  -65.230  -54.615  -46.346  -37.022  -43.940  -41.251
  22      800  5.50  -31.284  -63.618  -53.178  -44.968  -35.688  -42.574  -39.880
  23      800  6.00  -29.531  -60.811  -50.636  -42.632  -33.625  -40.286  -37.574
  24      900  3.50  -25.811  -52.281  -43.075  -36.258  -28.769  -34.202  -31.394
  25      900  4.00  -25.745  -52.409  -43.156  -36.289  -28.739  -34.221  -31.417
  26      900  4.50  -26.747  -54.699  -45.171  -37.986  -30.030  -35.837  -33.058
  27      900  5.00  -25.224  -52.635  -43.224  -36.138  -28.330  -34.015  -31.227
  28      900  5.50  -25.253  -52.725  -43.302  -36.198  -28.370  -34.072  -31.285
  29     1000  3.50  -22.629  -46.305  -37.779  -31.635  -24.979  -29.755  -26.897
  30     1000  4.00  -22.027  -45.364  -36.926  -30.861  -24.302  -29.001  -26.137
  31     1000  4.50  -21.798  -45.471  -36.927  -30.765  -24.109  -28.881  -26.023
  32     1000  5.00  -21.566  -45.612  -36.936  -30.665  -23.911  -28.755  -25.904
  33     1000  5.50  -21.151  -45.144  -36.452  -30.184  -23.458  -28.279  -25.426
  34     1000  6.00  -20.198  -43.402  -34.896  -28.822  -22.342  -26.969  -24.103
  35     1100  3.50  -19.595  -40.661  -32.853  -27.338  -21.439  -25.627  -22.725
  36     1100  4.00  -19.329  -40.241  -32.476  -26.998  -21.142  -25.297  -22.392
  37     1100  4.50  -19.142  -40.244  -32.394  -26.863  -20.965  -25.150  -22.248
  38     1100  5.00  -18.642  -39.800  -31.898  -26.342  -20.442  -24.625  -21.724
  39     1100  5.50  -18.053  -39.131  -31.210  -25.665  -19.807  -23.955  -21.052
  40     1100  6.00  -23.043  -46.719  -38.193  -32.049  -25.393  -30.169  -27.311
  41     1200  3.50  -16.880  -35.578  -28.509  -23.572  -18.325  -22.018  -19.080
  42     1200  4.00  -16.880  -35.578  -28.509  -23.572  -18.325  -22.018  -19.080
  43     1200  4.50  -16.880  -35.578  -28.509  -23.572  -18.325  -22.018  -19.080
  44     1200  5.00  -16.749  -35.872  -28.639  -23.588  -18.234  -22.005  -19.072
  45     1200  6.00  -15.508  -34.227  -27.039  -22.076  -16.874  -20.525  -17.585
  46     1300  3.50  -14.478  -31.066  -24.704  -20.285  -15.606  -18.874  -15.905
  47     1300  4.00  -14.512  -31.094  -24.738  -20.322  -15.642  -18.911  -15.942
  48     1300  4.50  -14.879  -31.897  -25.394  -20.868  -16.068  -19.427  -16.463
  49     1300  5.00  -14.825  -31.926  -25.399  -20.849  -16.023  -19.400  -16.438
  50     1300  5.50  -14.600  -31.885  -25.258  -20.653  -15.796  -19.193  -16.234
  51     1300  6.00  -17.119  -35.706  -28.675  -23.766  -18.548  -22.220  -19.279
  52     1400  3.50  -12.481  -27.303  -21.547  -17.566  -13.371  -16.279  -13.285
  53     1400  4.00  -12.508  -27.344  -21.588  -17.603  -13.401  -16.314  -13.320
  54     1400  4.50  -12.726  -27.836  -21.999  -17.942  -13.653  -16.632  -13.642
  55     1400  5.00  -12.953  -28.357  -22.413  -18.280  -13.912  -16.949  -13.963
  56     1400  5.50  -12.709  -28.323  -22.253  -18.057  -13.654  -16.712  -13.728
  57     1400  6.00  -12.712  -28.341  -22.265  -18.064  -13.658  -16.718  -13.735
  58     1500  3.50  -10.953  -24.481  -19.186  -15.538  -11.692  -14.344  -11.332
  59     1500  4.00  -10.917  -24.364  -19.094  -15.464  -11.642  -14.275  -11.262
  60     1500  4.50  -11.130  -24.898  -19.516  -15.798  -11.886  -14.585  -11.576
  61     1500  5.00  -11.228  -25.132  -19.706  -15.947  -11.995  -14.723  -11.716
  62     1500  5.50  -11.297  -25.380  -19.880  -16.069  -12.070  -14.831  -11.827
  63     1500  6.00  -11.279  -25.460  -19.903  -16.060  -12.043  -14.816  -11.813
  64     1600  3.50   -9.634  -22.474  -17.431  -13.937  -10.264  -12.770   -9.766
  65     1600  4.00   -9.639  -22.228  -17.275  -13.859  -10.257  -12.722   -9.705
  66     1600  4.50   -9.690  -22.333  -17.351  -13.917  -10.311  -12.783   -9.761
  67     1600  5.00   -9.767  -22.441  -17.447  -14.004  -10.389  -12.868   -9.846
  68     1600  5.50   -9.836  -22.640  -17.589  -14.104  -10.459  -12.960   -9.938
  69     1600  6.00   -9.894  -22.820  -17.705  -14.179  -10.509  -13.026  -10.006
  70     1700  3.50   -8.431  -20.722  -15.547  -12.254   -8.877  -11.022   -8.170
  71     1700  4.00   -8.056  -20.320  -15.233  -11.830   -8.474  -10.642   -7.743
  72     1700  4.50   -7.331  -19.075  -14.032  -10.745   -7.642   -9.598   -6.743
  73     1700  5.00   -8.192  -20.116  -15.319  -11.967   -8.629  -10.834   -7.878
  74     1700  5.50   -8.520  -20.363  -15.645  -12.379   -9.009  -11.287   -8.272
  75     1700  6.00   -8.674  -20.567  -15.813  -12.549   -9.171  -11.470   -8.439
  76     1800  3.50   -7.719  -19.204  -13.880  -11.121   -8.032   -9.806   -7.159
  77     1800  4.00   -7.502  -18.788  -13.878  -10.812   -7.793   -9.600   -6.857
  78     1800  4.50   -6.906  -17.721  -13.030   -9.985   -7.137   -8.853   -6.069
  79     1800  5.00   -6.889  -17.562  -13.012   -9.919   -7.113   -8.813   -6.011
  80     1800  5.50   -7.371  -18.422  -13.861  -10.672   -7.678   -9.569   -6.665
  81     1800  6.00   -7.438  -18.538  -13.971  -10.805   -7.770   -9.718   -6.763
  82     1900  3.50   -6.963  -16.235  -11.567   -9.804   -7.137   -8.473   -6.027
  83     1900  4.00   -7.039  -17.553  -12.708   -9.998   -7.221   -8.711   -6.185
  84     1900  4.50   -7.413  -18.637  -13.786  -10.591   -7.649   -9.355   -6.691
  85     1900  5.00   -6.894  -17.522  -12.947   -9.825   -7.078   -8.660   -5.959
  86     1900  5.50   -7.060  -17.485  -13.098  -10.046   -7.290   -8.941   -6.115
  87     1900  6.00   -7.051  -17.449  -13.063  -10.093   -7.318   -9.044   -6.115
  88     2000  3.50   -6.560  -14.047  -10.003   -8.995   -6.632   -7.695   -5.346
  89     2000  4.00   -6.498  -15.543  -11.170   -9.067   -6.573   -7.774   -5.406
  90     2000  4.50   -6.469  -16.552  -11.990   -9.110   -6.549   -7.814   -5.433
  91     2000  5.00   -6.596  -17.108  -12.496   -9.286   -6.694   -8.022   -5.544
  92     2000  5.50   -6.870  -17.037  -12.745   -9.685   -7.043   -8.530   -5.818
  93     2000  6.00   -6.688  -16.528  -12.323   -9.464   -6.888   -8.405   -5.545
  94     2100  4.00   -6.043  -13.629   -9.809   -8.269   -6.038   -7.054   -4.708
  95     2100  5.00   -5.961  -15.747  -11.424   -8.312   -5.961   -7.028   -4.731
  96     2100  5.50   -6.396  -16.623  -12.202   -8.885   -6.447   -7.605   -5.157
  97     2100  6.00   -6.592  -16.404  -12.222   -9.200   -6.732   -7.987   -5.323
  98     2200  3.50   -5.558  -10.820   -7.634   -7.427   -5.505   -6.339   -3.865
  99     2200  4.00   -5.552  -11.925   -8.571   -7.494   -5.490   -6.393   -3.978
 100     2200  4.50   -5.601  -13.258   -9.698   -7.632   -5.534   -6.454   -4.179
 101     2200  5.00   -5.630  -14.646  -10.710   -7.753   -5.569   -6.505   -4.274
 102     2200  5.50   -5.862  -15.705  -11.463   -8.054   -5.825   -6.754   -4.458
 103     2200  6.00   -5.973  -15.873  -11.610   -8.190   -5.973   -6.820   -4.423
 104     2300  3.50   -5.052   -9.756   -6.826   -6.773   -4.971   -5.799   -3.208
 105     2300  4.00   -5.062  -10.701   -7.619   -6.829   -4.969   -5.843   -3.307
 106     2300  4.50   -5.168  -11.927   -8.678   -6.999   -5.064   -5.937   -3.559
 107     2300  5.00   -5.266  -13.430   -9.873   -7.191   -5.163   -6.036   -3.767
 108     2300  5.50   -5.419  -14.673  -10.775   -7.384   -5.321   -6.128   -3.879
 109     2300  6.00   -5.498  -15.102  -11.045   -7.489   -5.430   -6.138   -3.814
 110     2400  3.50   -4.559   -8.949   -6.200   -6.183   -4.468   -5.315   -2.609
 111     2400  4.00   -4.578   -9.715   -6.844   -6.219   -4.471   -5.344   -2.683
 112     2400  4.50   -4.704  -10.749   -7.745   -6.375   -4.580   -5.434   -2.919
 113     2400  5.50   -4.965  -13.394   -9.917   -6.732   -4.830   -5.581   -3.285
 114     2400  6.00   -5.142  -14.361  -10.585   -6.959   -5.027   -5.663   -3.331
 115     2500  3.50   -4.121   -8.421   -5.767   -5.687   -4.032   -4.908   -2.104
 116     2500  4.00   -4.124   -8.993   -6.257   -5.685   -4.018   -4.905   -2.132
 117     2500  4.50   -4.268   -9.850   -7.002   -5.829   -4.137   -4.995   -2.346
 118     2500  5.00   -4.378  -10.961   -7.982   -5.974   -4.235   -5.058   -2.549
 119     2500  5.50   -4.557  -12.316   -9.119   -6.190   -4.405   -5.145   -2.746
 120     2500  6.00   -4.746  -13.400   -9.944   -6.407   -4.599   -5.207   -2.808
 121     2600  3.50   -3.741   -8.008   -5.424   -5.256   -3.660   -4.546   -1.668
 122     2600  4.00   -3.722   -8.446   -5.805   -5.221   -3.624   -4.518   -1.658
 123     2600  4.50   -3.860   -9.145   -6.403   -5.342   -3.733   -4.598   -1.835
 124     2600  5.00   -3.945  -10.020   -7.187   -5.437   -3.803   -4.638   -1.980
 125     2600  5.50   -4.119  -11.220   -8.249   -5.629   -3.962   -4.718   -2.172
 126     2600  6.00   -4.347  -12.399   -9.209   -5.886   -4.184   -4.812   -2.301
 127     2700  3.50   -3.435   -7.676   -5.146   -4.899   -3.363   -4.240   -1.312
 128     2700  4.00   -3.373   -7.989   -5.432   -4.813   -3.283   -4.168   -1.246
 129     2700  4.50   -3.485   -8.547   -5.899   -4.897   -3.364   -4.226   -1.374
 130     2700  5.00   -3.548   -9.262   -6.534   -4.962   -3.415   -4.256   -1.475
 131     2700  5.50   -3.700  -10.264   -7.441   -5.117   -3.548   -4.327   -1.635
 132     2700  6.00   -3.926  -11.413   -8.427   -5.357   -3.757   -4.417   -1.772
 133     2800  5.00   -3.173   -8.595   -5.968   -4.515   -3.049   -3.884   -1.008
 134     2800  5.50   -3.307   -9.441   -6.733   -4.649   -3.166   -3.956   -1.144
 135     2900  5.00   -2.857   -8.048   -5.516   -4.140   -2.744   -3.564   -0.620
 136     2900  5.50   -2.949   -8.730   -6.124   -4.226   -2.819   -3.609   -0.702
 137     3000  5.00   -2.578   -7.572   -5.129   -3.806   -2.476   -3.272   -0.279
 138     3000  5.50   -2.636   -8.122   -5.614   -3.856   -2.519   -3.295   -0.320
 139     3100  5.00   -2.332   -7.155   -4.791   -3.505   -2.239   -3.006    0.024
 140     3100  5.50   -2.360   -7.589   -5.179   -3.529   -2.256   -3.012    0.013
 141     3200  5.00   -2.112   -6.791   -4.494   -3.234   -2.028   -2.763    0.292
 142     3200  5.50   -2.113   -7.121   -4.803   -3.235   -2.022   -2.753    0.304
 143     3300  5.00   -1.919   -6.473   -4.233   -2.992   -1.842   -2.545    0.531
 144     3300  5.50   -1.898   -6.720   -4.479   -2.975   -1.818   -2.522    0.565
 145     3400  5.00   -1.749   -6.211   -4.010   -2.776   -1.679   -2.347    0.749
 146     3400  5.50   -1.712   -6.375   -4.200   -2.746   -1.642   -2.311    0.798
 147     3500  5.00   -1.581   -5.956   -3.807   -2.575   -1.522   -2.161    0.954
 148     3500  5.50   -1.538   -6.050   -3.941   -2.535   -1.479   -2.121    1.009
 149     3600  5.00   -1.448   -5.779   -3.648   -2.402   -1.392   -2.002    1.127
 150     3600  5.50   -1.398   -5.813   -3.739   -2.358   -1.344   -1.956    1.184
 151     3700  5.00   -1.329   -5.639   -3.519   -2.244   -1.275   -1.858    1.288
 152     3700  5.50   -1.275   -5.616   -3.569   -2.200   -1.224   -1.809    1.343
 153     3800  5.00   -1.221   -5.526   -3.411   -2.099   -1.170   -1.725    1.435
 154     3800  5.50   -1.164   -5.449   -3.423   -2.055   -1.118   -1.675    1.490
 155     3500  0.00   -2.042   -7.946   -5.065   -3.284   -1.988   -2.798    0.240
 156     3500  0.50   -2.089   -7.609   -4.804   -3.259   -2.026   -2.806    0.218
 157     3500  1.00   -2.128   -7.268   -4.556   -3.241   -2.059   -2.814    0.196
 158     3500  1.50   -2.144   -6.919   -4.315   -3.207   -2.070   -2.804    0.194
 159     3500  2.00   -2.132   -6.566   -4.082   -3.150   -2.055   -2.769    0.221
 160     3500  2.50   -2.086   -6.230   -3.862   -3.060   -2.005   -2.702    0.286
 161     3500  3.00   -2.007   -5.920   -3.659   -2.940   -1.920   -2.605    0.388
 162     3500  3.50   -1.889   -5.654   -3.493   -2.794   -1.796   -2.478    0.529
 163     3500  4.00   -1.731   -5.428   -3.369   -2.630   -1.637   -2.322    0.708
 164     3500  4.50   -1.580   -5.275   -3.309   -2.486   -1.489   -2.178    0.881
 165     3500  5.00   -1.483   -5.253   -3.340   -2.402   -1.395   -2.095    0.996
 166     3750  0.00   -1.300   -7.372   -4.555   -2.457   -1.271   -1.964    1.143
 167     3750  0.50   -1.315   -7.056   -4.345   -2.408   -1.278   -1.951    1.161
 168     3750  1.00   -1.338   -6.756   -4.151   -2.378   -1.293   -1.954    1.163
 169     3750  1.50   -1.363   -6.469   -3.969   -2.355   -1.311   -1.962    1.157
 170     3750  2.00   -1.385   -6.185   -3.792   -2.332   -1.327   -1.968    1.151
 171     3750  2.50   -1.399   -5.917   -3.627   -2.305   -1.335   -1.967    1.151
 172     3750  3.00   -1.399   -5.665   -3.469   -2.267   -1.329   -1.952    1.165
 173     3750  3.50   -1.380   -5.447   -3.337   -2.218   -1.304   -1.923    1.196
 174     3750  4.00   -1.329   -5.272   -3.241   -2.164   -1.250   -1.875    1.250
 175     3750  4.50   -1.248   -5.084   -3.160   -2.094   -1.172   -1.797    1.335
 176     3750  5.00   -1.178   -4.967   -3.123   -2.032   -1.103   -1.730    1.414
 177     4000  0.00   -0.896   -6.486   -3.951   -1.946   -0.876   -1.458    1.648
 178     4000  0.50   -0.899   -6.203   -3.781   -1.890   -0.873   -1.435    1.679
 179     4000  1.00   -0.908   -5.947   -3.632   -1.851   -0.876   -1.426    1.696
 180     4000  1.50   -0.922   -5.718   -3.501   -1.824   -0.883   -1.425    1.706
 181     4000  2.00   -0.937   -5.507   -3.377   -1.799   -0.891   -1.427    1.714
 182     4000  2.50   -0.953   -5.326   -3.268   -1.781   -0.900   -1.435    1.717
 183     4000  3.00   -0.967   -5.175   -3.172   -1.764   -0.909   -1.443    1.718
 184     4000  3.50   -0.980   -5.053   -3.091   -1.752   -0.915   -1.453    1.716
 185     4000  4.00   -0.981   -4.957   -3.028   -1.742   -0.911   -1.458    1.718
 186     4000  4.50   -0.961   -4.850   -2.980   -1.734   -0.891   -1.448    1.731
 187     4000  5.00   -0.927   -4.725   -2.933   -1.716   -0.859   -1.421    1.760
 188     4250  0.00   -0.629   -5.552   -3.384   -1.583   -0.614   -1.118    1.986
 189     4250  0.50   -0.627   -5.311   -3.238   -1.527   -0.609   -1.091    2.016
 190     4250  1.00   -0.633   -5.096   -3.114   -1.489   -0.610   -1.079    2.034
 191     4250  1.50   -0.643   -4.898   -3.006   -1.462   -0.615   -1.075    2.045
 192     4250  2.00   -0.654   -4.727   -2.909   -1.435   -0.620   -1.072    2.057
 193     4250  2.50   -0.667   -4.586   -2.826   -1.414   -0.625   -1.071    2.068
 194     4250  3.00   -0.680   -4.493   -2.765   -1.398   -0.631   -1.076    2.075
 195     4250  3.50   -0.695   -4.439   -2.722   -1.389   -0.637   -1.086    2.078
 196     4250  4.00   -0.709   -4.423   -2.699   -1.387   -0.645   -1.103    2.076
 197     4250  4.50   -0.719   -4.417   -2.689   -1.394   -0.649   -1.121    2.069
 198     4250  5.00   -0.717   -4.385   -2.684   -1.412   -0.648   -1.135    2.060
 199     4500  0.00   -0.443   -4.819   -2.905   -1.304   -0.428   -0.872    2.231
 200     4500  0.50   -0.439   -4.622   -2.784   -1.256   -0.423   -0.846    2.259
 201     4500  1.00   -0.442   -4.449   -2.685   -1.223   -0.423   -0.834    2.274
 202     4500  1.50   -0.449   -4.293   -2.600   -1.199   -0.427   -0.830    2.282
 203     4500  2.00   -0.458   -4.152   -2.524   -1.178   -0.432   -0.829    2.289
 204     4500  2.50   -0.468   -4.032   -2.454   -1.158   -0.437   -0.826    2.299
 205     4500  3.00   -0.480   -3.947   -2.400   -1.141   -0.442   -0.827    2.308
 206     4500  3.50   -0.492   -3.900   -2.363   -1.127   -0.446   -0.830    2.316
 207     4500  4.00   -0.507   -3.892   -2.345   -1.121   -0.451   -0.840    2.320
 208     4500  4.50   -0.522   -3.917   -2.345   -1.121   -0.457   -0.855    2.319
 209     4500  5.00   -0.535   -3.956   -2.361   -1.129   -0.464   -0.874    2.314
 210     4750  0.00   -0.306   -4.254   -2.472   -1.069   -0.290   -0.682    2.422
 211     4750  0.50   -0.302   -4.076   -2.373   -1.032   -0.286   -0.659    2.446
 212     4750  1.00   -0.303   -3.924   -2.295   -1.006   -0.286   -0.648    2.459
 213     4750  1.50   -0.307   -3.792   -2.231   -0.988   -0.289   -0.644    2.465
 214     4750  2.00   -0.314   -3.675   -2.176   -0.974   -0.294   -0.643    2.469
 215     4750  2.50   -0.321   -3.574   -2.126   -0.959   -0.298   -0.642    2.475
 216     4750  3.00   -0.329   -3.496   -2.084   -0.943   -0.302   -0.641    2.482
 217     4750  3.50   -0.339   -3.448   -2.052   -0.930   -0.305   -0.641    2.490
 218     4750  4.00   -0.350   -3.431   -2.033   -0.919   -0.308   -0.643    2.498
 219     4750  4.50   -0.362   -3.446   -2.028   -0.912   -0.311   -0.649    2.503
 220     4750  5.00   -0.376   -3.488   -2.038   -0.910   -0.315   -0.660    2.505
 221     5000  0.00   -0.197   -3.807   -2.070   -0.860   -0.180   -0.520    2.584
 222     5000  0.50   -0.197   -3.636   -1.994   -0.835   -0.180   -0.505    2.600
 223     5000  1.00   -0.199   -3.486   -1.932   -0.818   -0.182   -0.497    2.609
 224     5000  1.50   -0.203   -3.359   -1.884   -0.808   -0.186   -0.495    2.612
 225     5000  2.00   -0.209   -3.252   -1.847   -0.801   -0.190   -0.496    2.614
 226     5000  2.50   -0.214   -3.162   -1.815   -0.793   -0.195   -0.497    2.616
 227     5000  3.00   -0.220   -3.093   -1.790   -0.784   -0.198   -0.497    2.620
 228     5000  3.50   -0.226   -3.045   -1.770   -0.773   -0.201   -0.497    2.625
 229     5000  4.00   -0.233   -3.023   -1.758   -0.762   -0.202   -0.496    2.632
 230     5000  4.50   -0.241   -3.027   -1.753   -0.752   -0.204   -0.497    2.639
 231     5000  5.00   -0.251   -3.054   -1.756   -0.745   -0.205   -0.500    2.646
 232     5250  0.00   -0.105   -3.443   -1.703   -0.673   -0.087   -0.375    2.727
 233     5250  0.50   -0.110   -3.285   -1.653   -0.662   -0.093   -0.371    2.732
 234     5250  1.00   -0.116   -3.139   -1.610   -0.655   -0.098   -0.371    2.733
 235     5250  1.50   -0.122   -3.013   -1.577   -0.652   -0.105   -0.373    2.732
 236     5250  2.00   -0.129   -2.905   -1.553   -0.652   -0.111   -0.377    2.730
 237     5250  2.50   -0.135   -2.817   -1.535   -0.651   -0.117   -0.381    2.728
 238     5250  3.00   -0.141   -2.748   -1.523   -0.649   -0.121   -0.384    2.728
 239     5250  3.50   -0.146   -2.699   -1.517   -0.645   -0.124   -0.386    2.731
 240     5250  4.00   -0.150   -2.673   -1.515   -0.638   -0.126   -0.386    2.735
 241     5250  4.50   -0.155   -2.669   -1.517   -0.630   -0.126   -0.385    2.742
 242     5250  5.00   -0.160   -2.686   -1.523   -0.620   -0.126   -0.384    2.749
 243     5500  0.00   -0.029   -3.150   -1.380   -0.508   -0.010   -0.247    2.853
 244     5500  0.50   -0.039   -3.009   -1.354   -0.511   -0.021   -0.254    2.845
 245     5500  1.00   -0.048   -2.871   -1.331   -0.514   -0.030   -0.262    2.839
 246     5500  1.50   -0.057   -2.745   -1.314   -0.519   -0.039   -0.270    2.832
 247     5500  2.00   -0.066   -2.635   -1.301   -0.524   -0.048   -0.279    2.825
 248     5500  2.50   -0.074   -2.543   -1.295   -0.530   -0.056   -0.287    2.819
 249     5500  3.00   -0.081   -2.468   -1.293   -0.535   -0.063   -0.293    2.815
 250     5500  3.50   -0.087   -2.412   -1.295   -0.537   -0.068   -0.298    2.814
 251     5500  4.00   -0.091   -2.378   -1.301   -0.536   -0.070   -0.300    2.815
 252     5500  4.50   -0.094   -2.363   -1.310   -0.531   -0.070   -0.300    2.819
 253     5500  5.00   -0.096   -2.371   -1.322   -0.524   -0.069   -0.298    2.826
 254     5750  0.00    0.032   -2.925   -1.101   -0.367    0.051   -0.137    2.957
 255     5750  0.50    0.019   -2.801   -1.098   -0.380    0.037   -0.154    2.940
 256     5750  1.00    0.007   -2.671   -1.093   -0.392    0.025   -0.169    2.925
 257     5750  1.50   -0.005   -2.547   -1.089   -0.404    0.013   -0.183    2.912
 258     5750  2.00   -0.016   -2.435   -1.089   -0.417    0.002   -0.197    2.900
 259     5750  2.50   -0.026   -2.337   -1.093   -0.428   -0.009   -0.209    2.890
 260     5750  3.00   -0.036   -2.254   -1.100   -0.438   -0.017   -0.220    2.882
 261     5750  3.50   -0.043   -2.188   -1.109   -0.446   -0.024   -0.228    2.877
 262     5750  4.00   -0.049   -2.141   -1.121   -0.450   -0.029   -0.233    2.875
 263     5750  4.50   -0.052   -2.113   -1.134   -0.451   -0.031   -0.235    2.877
 264     5750  5.00   -0.054   -2.107   -1.149   -0.447   -0.030   -0.235    2.881
 265     6000  0.00    0.076   -2.755   -0.852   -0.245    0.095   -0.048    3.039
 266     6000  0.50    0.064   -2.651   -0.878   -0.268    0.083   -0.069    3.016
 267     6000  1.00    0.051   -2.531   -0.889   -0.287    0.069   -0.090    2.995
 268     6000  1.50    0.037   -2.409   -0.898   -0.306    0.055   -0.110    2.976
 269     6000  2.00    0.024   -2.294   -0.909   -0.324    0.041   -0.128    2.958
 270     6000  2.50    0.011   -2.189   -0.923   -0.341    0.029   -0.145    2.944
 271     6000  3.00   -0.000   -2.098   -0.938   -0.357    0.018   -0.160    2.932
 272     6000  3.50   -0.010   -2.022   -0.954   -0.370    0.008   -0.172    2.923
 273     6000  4.00   -0.018   -1.961   -0.972   -0.380    0.001   -0.181    2.917
 274     6000  4.50   -0.023   -1.919   -0.989   -0.385   -0.003   -0.187    2.916
 275     6000  5.00   -0.026   -1.898   -1.007   -0.385   -0.004   -0.188    2.918
 276     6250  0.50    0.095   -2.541   -0.675   -0.170    0.113   -0.001    3.074
 277     6250  1.00    0.085   -2.433   -0.711   -0.196    0.103   -0.024    3.050
 278     6250  1.50    0.071   -2.316   -0.734   -0.220    0.089   -0.047    3.026
 279     6250  2.00    0.056   -2.200   -0.755   -0.243    0.074   -0.070    3.004
 280     6250  2.50    0.042   -2.090   -0.777   -0.266    0.059   -0.091    2.984
 281     6250  3.00    0.027   -1.990   -0.800   -0.287    0.045   -0.111    2.967
 282     6250  3.50    0.015   -1.903   -0.824   -0.305    0.033   -0.128    2.954
 283     6250  4.00    0.004   -1.829   -0.847   -0.321    0.023   -0.141    2.945
 284     6250  4.50   -0.004   -1.773   -0.869   -0.331    0.016   -0.150    2.940
 285     6250  5.00   -0.008   -1.735   -0.890   -0.336    0.012   -0.155    2.939
 286     6500  0.50    0.116   -2.455   -0.500   -0.088    0.133    0.055    3.121
 287     6500  1.00    0.107   -2.363   -0.543   -0.115    0.124    0.030    3.091
 288     6500  1.50    0.097   -2.253   -0.587   -0.143    0.114    0.006    3.065
 289     6500  2.00    0.082   -2.140   -0.620   -0.171    0.100   -0.020    3.038
 290     6500  2.50    0.066   -2.027   -0.650   -0.198    0.084   -0.046    3.014
 291     6500  3.00    0.050   -1.921   -0.681   -0.224    0.068   -0.070    2.992
 292     6500  3.50    0.034   -1.824   -0.712   -0.248    0.052   -0.091    2.974
 293     6500  4.00    0.020   -1.739   -0.742   -0.270    0.039   -0.110    2.960
 294     6500  4.50    0.009   -1.668   -0.769   -0.286    0.028   -0.123    2.951
 295     6500  5.00    0.002   -1.615   -0.794   -0.297    0.021   -0.132    2.947
 296     6750  0.50    0.130   -2.379   -0.369   -0.028    0.147    0.099    3.160
 297     6750  1.00    0.121   -2.308   -0.397   -0.047    0.137    0.074    3.123
 298     6750  1.50    0.113   -2.210   -0.447   -0.075    0.130    0.048    3.092
 299     6750  2.00    0.102   -2.100   -0.499   -0.106    0.119    0.022    3.064
 300     6750  2.50    0.086   -1.989   -0.540   -0.137    0.104   -0.007    3.035
 301     6750  3.00    0.069   -1.880   -0.578   -0.167    0.086   -0.035    3.008
 302     6750  3.50    0.050   -1.777   -0.616   -0.197    0.068   -0.061    2.985
 303     6750  4.00    0.033   -1.682   -0.652   -0.224    0.051   -0.084    2.966
 304     6750  4.50    0.018   -1.599   -0.686   -0.246    0.037   -0.103    2.952
 305     6750  5.00    0.007   -1.531   -0.715   -0.264    0.026   -0.117    2.944
 306     7000  0.50    0.137   -2.301   -0.270    0.013    0.153    0.130    3.193
 307     7000  1.00    0.129   -2.255   -0.289    0.001    0.145    0.108    3.152
 308     7000  1.50    0.121   -2.174   -0.325   -0.018    0.136    0.082    3.112
 309     7000  2.00    0.113   -2.073   -0.382   -0.049    0.129    0.055    3.079
 310     7000  2.50    0.100   -1.964   -0.440   -0.083    0.117    0.026    3.049
 311     7000  3.00    0.083   -1.856   -0.488   -0.117    0.100   -0.005    3.018
 312     7000  3.50    0.063   -1.750   -0.533   -0.150    0.081   -0.036    2.990
 313     7000  4.00    0.043   -1.650   -0.575   -0.182    0.061   -0.064    2.965
 314     7000  4.50    0.025   -1.558   -0.615   -0.210    0.043   -0.088    2.946
 315     7000  5.00    0.009   -1.477   -0.650   -0.234    0.028   -0.107    2.933
 316     7250  0.50    0.138   -2.208   -0.212    0.033    0.154    0.149    3.220
 317     7250  1.00    0.131   -2.195   -0.208    0.034    0.146    0.131    3.175
 318     7250  1.50    0.124   -2.134   -0.237    0.020    0.139    0.108    3.131
 319     7250  2.00    0.116   -2.049   -0.279   -0.001    0.131    0.080    3.089
 320     7250  2.50    0.106   -1.947   -0.343   -0.035    0.123    0.050    3.054
 321     7250  3.00    0.092   -1.841   -0.406   -0.071    0.109    0.018    3.020
 322     7250  3.50    0.072   -1.736   -0.459   -0.108    0.090   -0.015    2.988
 323     7250  4.00    0.051   -1.634   -0.508   -0.143    0.068   -0.047    2.958
 324     7250  4.50    0.029   -1.537   -0.554   -0.177    0.047   -0.077    2.934
 325     7250  5.00    0.010   -1.448   -0.596   -0.207    0.028   -0.102    2.916
 326     7500  0.50    0.130   -2.066   -0.224    0.012    0.147    0.141    3.232
 327     7500  1.00    0.124   -2.121   -0.156    0.048    0.138    0.143    3.195
 328     7500  1.50    0.120   -2.086   -0.171    0.044    0.135    0.124    3.148
 329     7500  2.00    0.114   -2.017   -0.207    0.029    0.129    0.098    3.100
 330     7500  2.50    0.105   -1.931   -0.256    0.005    0.120    0.068    3.053
 331     7500  3.00    0.094   -1.831   -0.327   -0.031    0.111    0.035    3.017
 332     7500  3.50    0.077   -1.729   -0.393   -0.070    0.094    0.001    2.981
 333     7500  4.00    0.055   -1.627   -0.450   -0.109    0.073   -0.035    2.948
 334     7500  4.50    0.032   -1.528   -0.502   -0.147    0.050   -0.069    2.918
 335     7500  5.00    0.010   -1.434   -0.549   -0.182    0.028   -0.099    2.894
 336     7750  1.00    0.109   -2.025   -0.140    0.041    0.124    0.140    3.206
 337     7750  1.50    0.107   -2.021   -0.131    0.050    0.122    0.128    3.159
 338     7750  2.00    0.104   -1.973   -0.158    0.042    0.119    0.106    3.107
 339     7750  2.50    0.098   -1.903   -0.200    0.026    0.113    0.078    3.055
 340     7750  3.00    0.088   -1.819   -0.255    0.001    0.103    0.045    3.008
 341     7750  3.50    0.076   -1.723   -0.330   -0.038    0.092    0.011    2.970
 342     7750  4.00    0.056   -1.625   -0.397   -0.079    0.074   -0.027    2.932
 343     7750  4.50    0.033   -1.527   -0.456   -0.120    0.050   -0.064    2.898
 344     7750  5.00    0.008   -1.431   -0.510   -0.159    0.026   -0.098    2.870
 345     8000  1.00    0.080   -1.900   -0.166    0.005    0.096    0.116    3.202
 346     8000  1.50    0.086   -1.945   -0.114    0.040    0.100    0.121    3.165
 347     8000  2.00    0.086   -1.919   -0.127    0.042    0.100    0.104    3.113
 348     8000  2.50    0.083   -1.865   -0.162    0.032    0.098    0.079    3.057
 349     8000  3.00    0.076   -1.796   -0.210    0.014    0.091    0.048    3.002
 350     8000  3.50    0.065   -1.714   -0.273   -0.014    0.081    0.012    2.953
 351     8000  4.00    0.051   -1.623   -0.349   -0.054    0.068   -0.024    2.914
 352     8000  4.50    0.029   -1.528   -0.415   -0.097    0.047   -0.063    2.876
 353     8000  5.00    0.004   -1.433   -0.475   -0.139    0.022   -0.101    2.843
 354     8250  1.00    0.030   -1.752   -0.228   -0.060    0.046    0.064    3.171
 355     8250  1.50    0.055   -1.857   -0.124    0.014    0.069    0.101    3.162
 356     8250  2.00    0.059   -1.857   -0.116    0.028    0.073    0.093    3.113
 357     8250  2.50    0.060   -1.821   -0.141    0.026    0.074    0.072    3.055
 358     8250  3.00    0.056   -1.765   -0.183    0.014    0.071    0.043    2.995
 359     8250  3.50    0.048   -1.697   -0.236   -0.006    0.064    0.009    2.939
 360     8250  4.00    0.037   -1.619   -0.304   -0.037    0.053   -0.028    2.891
 361     8250  4.50    0.021   -1.530   -0.380   -0.079    0.038   -0.066    2.851
 362     8250  5.00   -0.002   -1.438   -0.446   -0.122    0.016   -0.106    2.814
 363     8500  1.50    0.014   -1.769   -0.156   -0.027    0.029    0.068    3.146
 364     8500  2.00    0.024   -1.792   -0.125    0.001    0.038    0.070    3.105
 365     8500  2.50    0.028   -1.771   -0.137    0.006    0.042    0.055    3.049
 366     8500  3.00    0.028   -1.729   -0.170    0.001    0.042    0.030    2.988
 367     8500  3.50    0.024   -1.674   -0.217   -0.012    0.039   -0.001    2.926
 368     8500  4.00    0.015   -1.608   -0.276   -0.034    0.031   -0.038    2.869
 369     8500  4.50    0.004   -1.531   -0.349   -0.068    0.021   -0.077    2.822
 370     8500  5.00   -0.014   -1.444   -0.421   -0.111    0.004   -0.116    2.783
 371     8750  1.50   -0.034   -1.682   -0.201   -0.077   -0.019    0.024    3.116
 372     8750  2.00   -0.018   -1.732   -0.150   -0.037   -0.004    0.038    3.089
 373     8750  2.50   -0.012   -1.724   -0.149   -0.025    0.002    0.028    3.038
 374     8750  3.00   -0.009   -1.693   -0.172   -0.024    0.005    0.008    2.976
 375     8750  3.50   -0.009   -1.648   -0.212   -0.031    0.006   -0.020    2.911
 376     8750  4.00   -0.013   -1.592   -0.265   -0.045    0.003   -0.054    2.848
 377     8750  4.50   -0.022   -1.527   -0.329   -0.069   -0.005   -0.094    2.793
 378     8750  5.00   -0.033   -1.450   -0.402   -0.105   -0.015   -0.131    2.751
 379     9000  1.50   -0.086   -1.596   -0.250   -0.130   -0.071   -0.025    3.078
 380     9000  2.00   -0.064   -1.675   -0.185   -0.080   -0.050   -0.001    3.064
 381     9000  2.50   -0.056   -1.684   -0.174   -0.063   -0.043   -0.005    3.018
 382     9000  3.00   -0.052   -1.662   -0.189   -0.058   -0.038   -0.022    2.957
 383     9000  3.50   -0.049   -1.624   -0.222   -0.061   -0.035   -0.047    2.891
 384     9000  4.00   -0.049   -1.577   -0.267   -0.069   -0.034   -0.078    2.827
 385     9000  4.50   -0.054   -1.521   -0.323   -0.085   -0.038   -0.114    2.767
 386     9000  5.00   -0.062   -1.455   -0.391   -0.111   -0.045   -0.154    2.716
 387     9250  2.00   -0.112   -1.620   -0.225   -0.127   -0.098   -0.043    3.033
 388     9250  2.50   -0.103   -1.646   -0.206   -0.105   -0.090   -0.043    2.993
 389     9250  3.00   -0.099   -1.636   -0.215   -0.098   -0.085   -0.058    2.935
 390     9250  3.50   -0.095   -1.607   -0.241   -0.098   -0.081   -0.080    2.869
 391     9250  4.00   -0.093   -1.565   -0.280   -0.102   -0.078   -0.108    2.802
 392     9250  4.50   -0.093   -1.515   -0.331   -0.112   -0.077   -0.142    2.738
 393     9250  5.00   -0.098   -1.457   -0.392   -0.129   -0.081   -0.182    2.682
 394     9500  2.00   -0.162   -1.565   -0.268   -0.175   -0.148   -0.088    2.997
 395     9500  2.50   -0.152   -1.608   -0.243   -0.150   -0.138   -0.084    2.964
 396     9500  3.00   -0.147   -1.612   -0.246   -0.141   -0.134   -0.097    2.909
 397     9500  3.50   -0.144   -1.592   -0.268   -0.139   -0.130   -0.117    2.844
 398     9500  4.00   -0.141   -1.558   -0.302   -0.141   -0.126   -0.144    2.774
 399     9500  4.50   -0.139   -1.513   -0.348   -0.146   -0.123   -0.176    2.707
 400     9500  5.00   -0.139   -1.461   -0.405   -0.158   -0.123   -0.213    2.648
 401     9750  2.00   -0.212   -1.514   -0.312   -0.223   -0.198   -0.134    2.958
 402     9750  2.50   -0.201   -1.571   -0.283   -0.196   -0.187   -0.128    2.930
 403     9750  3.00   -0.196   -1.587   -0.282   -0.186   -0.183   -0.138    2.880
 404     9750  3.50   -0.193   -1.578   -0.300   -0.183   -0.180   -0.157    2.816
 405     9750  4.00   -0.190   -1.552   -0.330   -0.183   -0.176   -0.182    2.745
 406     9750  4.50   -0.187   -1.514   -0.372   -0.187   -0.172   -0.213    2.675
 407     9750  5.00   -0.186   -1.467   -0.424   -0.194   -0.169   -0.249    2.613
 408    10000  2.00   -0.261   -1.468   -0.357   -0.271   -0.248   -0.180    2.918
 409    10000  2.50   -0.250   -1.536   -0.325   -0.243   -0.237   -0.172    2.894
 410    10000  3.00   -0.246   -1.563   -0.321   -0.232   -0.233   -0.180    2.848
 411    10000  3.50   -0.244   -1.564   -0.335   -0.228   -0.230   -0.198    2.786
 412    10000  4.00   -0.241   -1.547   -0.362   -0.228   -0.227   -0.223    2.716
 413    10000  4.50   -0.238   -1.516   -0.401   -0.230   -0.223   -0.253    2.643
 414    10000  5.00   -0.235   -1.474   -0.449   -0.235   -0.219   -0.287    2.577
 415    10250  2.00   -0.311   -1.429   -0.402   -0.319   -0.298   -0.227    2.876
 416    10250  2.50   -0.299   -1.503   -0.367   -0.290   -0.286   -0.217    2.855
 417    10250  3.00   -0.295   -1.539   -0.362   -0.278   -0.282   -0.224    2.813
 418    10250  3.50   -0.294   -1.549   -0.373   -0.274   -0.281   -0.241    2.755
 419    10250  4.00   -0.292   -1.541   -0.398   -0.274   -0.278   -0.264    2.686
 420    10250  4.50   -0.290   -1.517   -0.432   -0.275   -0.275   -0.293    2.612
 421    10250  5.00   -0.286   -1.482   -0.478   -0.278   -0.270   -0.327    2.542
 422    10500  2.00   -0.361   -1.397   -0.446   -0.367   -0.348   -0.274    2.833
 423    10500  2.50   -0.348   -1.475   -0.411   -0.337   -0.335   -0.262    2.815
 424    10500  3.00   -0.345   -1.517   -0.404   -0.325   -0.332   -0.268    2.776
 425    10500  3.50   -0.344   -1.536   -0.413   -0.321   -0.331   -0.284    2.721
 426    10500  4.00   -0.343   -1.535   -0.435   -0.320   -0.330   -0.307    2.655
 427    10500  4.50   -0.341   -1.518   -0.467   -0.321   -0.327   -0.335    2.581
 428    10500  5.00   -0.337   -1.490   -0.510   -0.323   -0.322   -0.368    2.507
 429    10750  2.00   -0.411   -1.371   -0.491   -0.415   -0.398   -0.321    2.790
 430    10750  2.50   -0.397   -1.450   -0.454   -0.384   -0.384   -0.308    2.775
 431    10750  3.00   -0.394   -1.498   -0.446   -0.372   -0.381   -0.313    2.737
 432    10750  3.50   -0.394   -1.522   -0.454   -0.368   -0.381   -0.328    2.686
 433    10750  4.00   -0.394   -1.529   -0.474   -0.367   -0.381   -0.350    2.621
 434    10750  4.50   -0.392   -1.519   -0.504   -0.368   -0.379   -0.377    2.548
 435    10750  5.00   -0.389   -1.497   -0.544   -0.369   -0.374   -0.410    2.473
 436    11000  2.00   -0.461   -1.352   -0.537   -0.463   -0.448   -0.368    2.746
 437    11000  2.50   -0.446   -1.431   -0.498   -0.431   -0.434   -0.354    2.733
 438    11000  3.00   -0.443   -1.481   -0.489   -0.419   -0.430   -0.358    2.698
 439    11000  3.50   -0.443   -1.510   -0.496   -0.415   -0.430   -0.373    2.648
 440    11000  4.00   -0.444   -1.523   -0.515   -0.414   -0.431   -0.394    2.587
 441    11000  4.50   -0.444   -1.520   -0.542   -0.415   -0.430   -0.420    2.516
 442    11000  5.00   -0.441   -1.504   -0.580   -0.416   -0.426   -0.451    2.441
 443    11250  2.00   -0.511   -1.339   -0.582   -0.512   -0.498   -0.416    2.701
 444    11250  2.50   -0.495   -1.416   -0.541   -0.478   -0.483   -0.400    2.691
 445    11250  3.00   -0.492   -1.467   -0.532   -0.465   -0.479   -0.404    2.658
 446    11250  3.50   -0.492   -1.500   -0.538   -0.461   -0.480   -0.417    2.610
 447    11250  4.00   -0.494   -1.517   -0.556   -0.461   -0.481   -0.438    2.551
 448    11250  4.50   -0.494   -1.520   -0.582   -0.462   -0.481   -0.463    2.483
 449    11250  5.00   -0.492   -1.510   -0.617   -0.463   -0.478   -0.494    2.408
 450    11500  2.00   -0.561   -1.331   -0.627   -0.559   -0.548   -0.463    2.657
 451    11500  2.50   -0.544   -1.406   -0.585   -0.525   -0.532   -0.446    2.649
 452    11500  3.00   -0.540   -1.457   -0.575   -0.512   -0.528   -0.449    2.617
 453    11500  3.50   -0.541   -1.491   -0.581   -0.508   -0.529   -0.462    2.571
 454    11500  4.00   -0.543   -1.513   -0.597   -0.508   -0.530   -0.482    2.515
 455    11500  4.50   -0.544   -1.521   -0.622   -0.509   -0.531   -0.506    2.449
 456    11500  5.00   -0.543   -1.515   -0.655   -0.510   -0.529   -0.536    2.376
 457    11750  2.00   -0.611   -1.328   -0.672   -0.607   -0.598   -0.510    2.612
 458    11750  2.50   -0.593   -1.400   -0.629   -0.571   -0.580   -0.492    2.606
 459    11750  3.00   -0.589   -1.450   -0.618   -0.558   -0.576   -0.494    2.576
 460    11750  3.50   -0.590   -1.486   -0.623   -0.554   -0.577   -0.507    2.532
 461    11750  4.00   -0.592   -1.509   -0.639   -0.554   -0.579   -0.526    2.477
 462    11750  4.50   -0.593   -1.521   -0.663   -0.555   -0.580   -0.550    2.413
 463    11750  5.00   -0.593   -1.521   -0.694   -0.557   -0.579   -0.579    2.342
 464    12000  2.50   -0.641   -1.399   -0.672   -0.618   -0.629   -0.538    2.563
 465    12000  3.00   -0.637   -1.447   -0.661   -0.604   -0.625   -0.540    2.535
 466    12000  3.50   -0.638   -1.483   -0.666   -0.600   -0.625   -0.552    2.492
 467    12000  4.00   -0.640   -1.508   -0.681   -0.600   -0.627   -0.570    2.439
 468    12000  4.50   -0.642   -1.523   -0.704   -0.602   -0.629   -0.593    2.377
 469    12000  5.00   -0.643   -1.526   -0.734   -0.603   -0.629   -0.621    2.308
 470    12250  2.50   -0.690   -1.401   -0.716   -0.664   -0.677   -0.584    2.520
 471    12250  3.00   -0.685   -1.448   -0.704   -0.650   -0.673   -0.585    2.493
 472    12250  3.50   -0.686   -1.483   -0.708   -0.646   -0.673   -0.596    2.452
 473    12250  4.00   -0.688   -1.509   -0.723   -0.646   -0.675   -0.614    2.400
 474    12250  4.50   -0.690   -1.525   -0.745   -0.647   -0.677   -0.637    2.340
 475    12250  5.00   -0.692   -1.532   -0.774   -0.649   -0.678   -0.664    2.273
 476    12500  2.50   -0.737   -1.405   -0.759   -0.710   -0.725   -0.629    2.477
 477    12500  3.00   -0.733   -1.452   -0.746   -0.696   -0.721   -0.630    2.451
 478    12500  3.50   -0.733   -1.486   -0.751   -0.691   -0.721   -0.641    2.411
 479    12500  4.00   -0.736   -1.511   -0.765   -0.691   -0.723   -0.658    2.362
 480    12500  4.50   -0.738   -1.529   -0.786   -0.693   -0.725   -0.680    2.303
 481    12500  5.00   -0.740   -1.539   -0.814   -0.695   -0.726   -0.707    2.238
 482    12750  2.50   -0.785   -1.412   -0.801   -0.755   -0.773   -0.674    2.435
 483    12750  3.00   -0.780   -1.458   -0.789   -0.741   -0.768   -0.675    2.409
 484    12750  3.50   -0.780   -1.492   -0.793   -0.737   -0.768   -0.685    2.371
 485    12750  4.00   -0.783   -1.517   -0.807   -0.737   -0.771   -0.702    2.322
 486    12750  4.50   -0.785   -1.535   -0.827   -0.738   -0.773   -0.724    2.266
 487    12750  5.00   -0.787   -1.546   -0.854   -0.740   -0.774   -0.749    2.202
 488    13000  2.50   -0.831   -1.421   -0.844   -0.800   -0.819   -0.719    2.392
 489    13000  3.00   -0.827   -1.467   -0.831   -0.786   -0.815   -0.719    2.368
 490    13000  3.50   -0.827   -1.499   -0.835   -0.782   -0.815   -0.729    2.330
 491    13000  4.00   -0.830   -1.524   -0.848   -0.782   -0.817   -0.746    2.283
 492    13000  4.50   -0.832   -1.543   -0.868   -0.783   -0.820   -0.767    2.228
 493    13000  5.00   -0.834   -1.555   -0.894   -0.785   -0.821   -0.792    2.166
 494    14000  2.00   -1.030   -1.384   -1.057   -1.012   -1.017   -0.913    2.228
 495    14000  2.50   -1.012   -1.468   -1.007   -0.973   -1.000   -0.891    2.228
 496    14000  3.00   -1.009   -1.516   -0.996   -0.961   -0.998   -0.893    2.204
 497    14000  3.50   -1.010   -1.548   -0.999   -0.957   -0.999   -0.903    2.169
 498    14000  4.00   -1.013   -1.571   -1.012   -0.957   -1.001   -0.918    2.125
 499    14000  4.50   -1.016   -1.588   -1.031   -0.959   -1.003   -0.937    2.075
 500    14000  5.00   -1.018   -1.601   -1.054   -0.961   -1.005   -0.960    2.018
 501    15000  2.50   -1.181   -1.523   -1.161   -1.135   -1.169   -1.053    2.073
 502    15000  3.00   -1.182   -1.579   -1.152   -1.126   -1.171   -1.058    2.047
 503    15000  3.50   -1.185   -1.613   -1.156   -1.124   -1.174   -1.069    2.012
 504    15000  4.00   -1.188   -1.636   -1.169   -1.125   -1.177   -1.084    1.971
 505    15000  4.50   -1.191   -1.652   -1.188   -1.128   -1.180   -1.102    1.924
 506    15000  5.00   -1.193   -1.664   -1.210   -1.130   -1.181   -1.123    1.872
 507    16000  2.50   -1.338   -1.580   -1.305   -1.286   -1.326   -1.203    1.929
 508    16000  3.00   -1.344   -1.647   -1.298   -1.281   -1.333   -1.212    1.899
 509    16000  3.50   -1.349   -1.686   -1.305   -1.282   -1.338   -1.225    1.863
 510    16000  4.00   -1.354   -1.710   -1.319   -1.285   -1.343   -1.242    1.823
 511    16000  4.50   -1.359   -1.727   -1.338   -1.289   -1.348   -1.261    1.777
 512    16000  5.00   -1.361   -1.738   -1.360   -1.291   -1.350   -1.281    1.728
 513    17000  2.50   -1.483   -1.632   -1.439   -1.427   -1.471   -1.341    1.795
 514    17000  3.00   -1.494   -1.713   -1.436   -1.426   -1.484   -1.356    1.761
 515    17000  3.50   -1.504   -1.759   -1.445   -1.431   -1.493   -1.373    1.723
 516    17000  4.00   -1.511   -1.787   -1.459   -1.435   -1.500   -1.390    1.682
 517    17000  4.50   -1.517   -1.806   -1.480   -1.441   -1.506   -1.411    1.637
 518    17000  5.00   -1.521   -1.818   -1.503   -1.445   -1.510   -1.431    1.589
 519    18000  2.50   -1.616   -1.680   -1.565   -1.558   -1.605   -1.470    1.671
 520    18000  3.00   -1.634   -1.777   -1.564   -1.561   -1.624   -1.489    1.633
 521    18000  3.50   -1.649   -1.831   -1.576   -1.570   -1.638   -1.511    1.591
 522    18000  4.00   -1.658   -1.863   -1.592   -1.576   -1.647   -1.530    1.550
 523    18000  4.50   -1.666   -1.885   -1.614   -1.584   -1.656   -1.552    1.504
 524    18000  5.00   -1.672   -1.900   -1.639   -1.590   -1.661   -1.574    1.456
 525    19000  2.50   -1.741   -1.723   -1.685   -1.682   -1.730   -1.591    1.555
 526    19000  3.00   -1.764   -1.835   -1.683   -1.687   -1.753   -1.613    1.514
 527    19000  3.50   -1.784   -1.900   -1.700   -1.700   -1.774   -1.640    1.467
 528    19000  4.00   -1.796   -1.936   -1.717   -1.709   -1.785   -1.661    1.425
 529    19000  4.50   -1.806   -1.962   -1.740   -1.719   -1.796   -1.685    1.379
 530    19000  5.00   -1.815   -1.980   -1.767   -1.727   -1.803   -1.709    1.330
 531    20000  3.00   -1.883   -1.889   -1.795   -1.803   -1.873   -1.727    1.403
 532    20000  3.50   -1.910   -1.965   -1.816   -1.822   -1.900   -1.760    1.352
 533    20000  4.00   -1.926   -2.007   -1.835   -1.834   -1.915   -1.785    1.307
 534    20000  4.50   -1.937   -2.035   -1.859   -1.845   -1.927   -1.809    1.261
 535    20000  5.00   -1.948   -2.057   -1.887   -1.856   -1.937   -1.835    1.211
 536    21000  3.00   -1.996   -1.940   -1.900   -1.914   -1.985   -1.835    1.300
 537    21000  3.50   -2.028   -2.025   -1.924   -1.936   -2.017   -1.872    1.244
 538    21000  4.00   -2.047   -2.074   -1.947   -1.952   -2.037   -1.901    1.196
 539    21000  4.50   -2.061   -2.104   -1.970   -1.964   -2.050   -1.926    1.150
 540    21000  5.00   -2.074   -2.129   -1.999   -1.977   -2.063   -1.954    1.100
 541    22000  3.00   -2.102   -1.990   -2.000   -2.018   -2.092   -1.938    1.201
 542    22000  3.50   -2.137   -2.082   -2.027   -2.044   -2.127   -1.977    1.143
 543    22000  4.00   -2.162   -2.138   -2.053   -2.064   -2.152   -2.010    1.092
 544    22000  4.50   -2.177   -2.170   -2.076   -2.076   -2.166   -2.036    1.046
 545    22000  5.00   -2.191   -2.198   -2.105   -2.090   -2.181   -2.065    0.995
 546    23000  3.00   -2.204   -2.044   -2.095   -2.119   -2.194   -2.036    1.106
 547    23000  3.50   -2.241   -2.137   -2.123   -2.145   -2.231   -2.077    1.048
 548    23000  4.00   -2.270   -2.199   -2.153   -2.169   -2.259   -2.113    0.993
 549    23000  4.50   -2.287   -2.234   -2.177   -2.184   -2.276   -2.141    0.946
 550    23000  5.00   -2.302   -2.263   -2.205   -2.197   -2.291   -2.169    0.896
 551    24000  3.00   -2.301   -2.096   -2.184   -2.213   -2.291   -2.129    1.016
 552    24000  3.50   -2.340   -2.192   -2.215   -2.242   -2.330   -2.172    0.957
 553    24000  4.00   -2.371   -2.257   -2.247   -2.268   -2.362   -2.210    0.900
 554    24000  4.50   -2.391   -2.296   -2.274   -2.286   -2.381   -2.240    0.851
 555    24000  5.00   -2.406   -2.324   -2.300   -2.299   -2.396   -2.268    0.803
 556    25000  3.00   -2.389   -2.143   -2.266   -2.299   -2.379   -2.215    0.934
 557    25000  3.50   -2.435   -2.247   -2.301   -2.334   -2.425   -2.262    0.869
 558    25000  4.00   -2.468   -2.314   -2.336   -2.363   -2.459   -2.303    0.811
 559    25000  4.50   -2.491   -2.357   -2.365   -2.383   -2.481   -2.335    0.761
 560    25000  5.00   -2.506   -2.384   -2.391   -2.396   -2.495   -2.362    0.714
 561    26000  3.00   -2.471   -2.186   -2.346   -2.382   -2.462   -2.295    0.857
 562    26000  3.50   -2.523   -2.300   -2.381   -2.420   -2.514   -2.347    0.787
 563    26000  4.00   -2.561   -2.370   -2.421   -2.452   -2.551   -2.391    0.727
 564    26000  4.50   -2.585   -2.415   -2.452   -2.475   -2.576   -2.425    0.675
 565    26000  5.00   -2.601   -2.444   -2.478   -2.490   -2.591   -2.453    0.629
 566    27000  3.50   -2.605   -2.347   -2.454   -2.498   -2.596   -2.425    0.712
 567    27000  4.00   -2.648   -2.424   -2.499   -2.537   -2.638   -2.474    0.646
 568    27000  4.50   -2.675   -2.472   -2.534   -2.562   -2.666   -2.511    0.593
 569    27000  5.00   -2.693   -2.502   -2.562   -2.578   -2.683   -2.540    0.546
 570    28000  3.50   -2.680   -2.389   -2.522   -2.571   -2.671   -2.496    0.644
 571    28000  4.00   -2.728   -2.474   -2.571   -2.614   -2.719   -2.551    0.572
 572    28000  4.50   -2.759   -2.526   -2.610   -2.644   -2.750   -2.591    0.516
 573    28000  5.00   -2.779   -2.558   -2.640   -2.662   -2.769   -2.621    0.468
 574    29000  3.50   -2.752   -2.432   -2.589   -2.642   -2.743   -2.566    0.578
 575    29000  4.00   -2.803   -2.518   -2.637   -2.686   -2.794   -2.622    0.504
 576    29000  4.50   -2.838   -2.575   -2.680   -2.719   -2.829   -2.665    0.444
 577    29000  5.00   -2.860   -2.610   -2.712   -2.740   -2.851   -2.698    0.395
 578    30000  3.50   -2.826   -2.479   -2.659   -2.715   -2.816   -2.637    0.511
 579    30000  4.00   -2.873   -2.560   -2.700   -2.754   -2.864   -2.688    0.441
 580    30000  4.50   -2.911   -2.619   -2.744   -2.790   -2.902   -2.734    0.378
 581    30000  5.00   -2.936   -2.657   -2.779   -2.813   -2.927   -2.770    0.326
 582    31000  3.50   -2.904   -2.537   -2.736   -2.793   -2.894   -2.713    0.437
 583    31000  4.00   -2.941   -2.602   -2.762   -2.821   -2.932   -2.752    0.380
 584    31000  4.50   -2.980   -2.661   -2.805   -2.856   -2.971   -2.799    0.317
 585    31000  5.00   -3.006   -2.702   -2.842   -2.882   -2.998   -2.836    0.263
 586    32000  4.00   -3.010   -2.648   -2.826   -2.888   -3.001   -2.818    0.318
 587    32000  4.50   -3.046   -2.703   -2.865   -2.921   -3.038   -2.862    0.258
 588    32000  5.00   -3.074   -2.744   -2.901   -2.947   -3.065   -2.899    0.204
 589    33000  4.00   -3.082   -2.701   -2.894   -2.959   -3.072   -2.887    0.252
 590    33000  4.50   -3.112   -2.747   -2.924   -2.985   -3.103   -2.924    0.199
 591    33000  5.00   -3.139   -2.786   -2.959   -3.010   -3.130   -2.960    0.147
 592    34000  4.00   -3.158   -2.761   -2.966   -3.033   -3.147   -2.960    0.183
 593    34000  4.50   -3.181   -2.796   -2.987   -3.052   -3.171   -2.988    0.139
 594    34000  5.00   -3.204   -2.830   -3.017   -3.073   -3.195   -3.021    0.090
 595    35000  4.00   -3.236   -2.826   -3.041   -3.111   -3.225   -3.036    0.109
 596    35000  4.50   -3.251   -2.850   -3.053   -3.121   -3.241   -3.055    0.075
 597    35000  5.00   -3.271   -2.879   -3.078   -3.139   -3.261   -3.084    0.031
 598    36000  4.00   -3.317   -2.896   -3.119   -3.190   -3.306   -3.115    0.032
 599    36000  4.50   -3.324   -2.910   -3.122   -3.192   -3.313   -3.125    0.009
 600    36000  5.00   -3.339   -2.932   -3.142   -3.205   -3.329   -3.148   -0.029
 601    37000  4.00   -3.399   -2.969   -3.198   -3.271   -3.387   -3.195   -0.046
 602    37000  4.50   -3.399   -2.974   -3.194   -3.266   -3.388   -3.198   -0.061
 603    37000  5.00   -3.409   -2.989   -3.207   -3.274   -3.399   -3.215   -0.092
 604    38000  4.00   -3.481   -3.043   -3.277   -3.351   -3.469   -3.276   -0.126
 605    38000  4.50   -3.477   -3.041   -3.268   -3.342   -3.465   -3.273   -0.134
 606    38000  5.00   -3.482   -3.050   -3.276   -3.346   -3.471   -3.284   -0.158
 607    39000  4.00   -3.562   -3.117   -3.355   -3.430   -3.550   -3.355   -0.204
 608    39000  4.50   -3.555   -3.111   -3.343   -3.419   -3.543   -3.349   -0.208
 609    39000  5.00   -3.556   -3.115   -3.346   -3.418   -3.544   -3.355   -0.226
 610    40000  4.50   -3.633   -3.181   -3.417   -3.495   -3.620   -3.425   -0.283
 611    40000  5.00   -3.632   -3.182   -3.418   -3.492   -3.620   -3.428   -0.297
 612    41000  4.50   -3.710   -3.251   -3.491   -3.571   -3.697   -3.501   -0.357
 613    41000  5.00   -3.708   -3.250   -3.491   -3.567   -3.695   -3.502   -0.369
 614    42000  4.50   -3.786   -3.320   -3.564   -3.645   -3.772   -3.575   -0.430
 615    42000  5.00   -3.783   -3.318   -3.563   -3.640   -3.770   -3.575   -0.441
 616    43000  4.50   -3.859   -3.388   -3.635   -3.717   -3.846   -3.647   -0.502
 617    43000  5.00   -3.857   -3.386   -3.634   -3.713   -3.844   -3.648   -0.512
 618    44000  4.50   -3.931   -3.455   -3.705   -3.788   -3.918   -3.718   -0.572
 619    44000  5.00   -3.930   -3.453   -3.704   -3.784   -3.916   -3.719   -0.582
 620    45000  4.50   -4.002   -3.520   -3.774   -3.857   -3.988   -3.788   -0.641
 621    45000  5.00   -4.001   -3.519   -3.772   -3.854   -3.987   -3.789   -0.651
 622    46000  4.50   -4.071   -3.585   -3.841   -3.925   -4.057   -3.856   -0.708
 623    46000  5.00   -4.071   -3.583   -3.840   -3.923   -4.057   -3.857   -0.718
 624    47000  4.50   -4.138   -3.648   -3.907   -3.992   -4.125   -3.923   -0.775
 625    47000  5.00   -4.139   -3.647   -3.906   -3.990   -4.125   -3.925   -0.785
 626    48000  4.50   -4.204   -3.710   -3.972   -4.058   -4.191   -3.989   -0.840
 627    48000  5.00   -4.206   -3.709   -3.971   -4.056   -4.192   -3.991   -0.850
 628    49000  4.50   -4.269   -3.771   -4.035   -4.122   -4.257   -4.053   -0.904
 629    49000  5.00   -4.271   -3.771   -4.035   -4.121   -4.257   -4.055   -0.914
 630    50000  5.00   -4.335   -3.831   -4.097   -4.184   -4.322   -4.119   -0.977
 631    56101  5.00   -4.493   -3.991   -4.276   -4.359   -4.487   -4.283   -1.116
 632    62946  5.00   -4.838   -4.317   -4.611   -4.698   -4.832   -4.625   -1.457
 633    70627  5.00   -5.186   -4.649   -4.950   -5.042   -5.181   -4.970   -1.802
 634    79245  5.00   -5.538   -4.986   -5.293   -5.390   -5.532   -5.319   -2.151
 635    88914  5.00   -5.892   -5.327   -5.641   -5.740   -5.887   -5.671   -2.502
 636    99763  5.00   -6.249   -5.672   -5.991   -6.094   -6.243   -6.025   -2.857
 637   111936  5.00   -6.607   -6.021   -6.344   -6.450   -6.602   -6.382   -3.213
 638   125595  5.00   -6.968   -6.373   -6.699   -6.808   -6.963   -6.741   -3.572
 639   140920  5.00   -7.330   -6.727   -7.057   -7.167   -7.325   -7.101   -3.933
 640   158115  5.00   -7.693   -7.084   -7.417   -7.529   -7.689   -7.463   -4.295
 641   177407  5.00   -8.058   -7.443   -7.778   -7.892   -8.054   -7.827   -4.658
 642   199055  5.00   -8.424   -7.803   -8.141   -8.257   -8.420   -8.192   -5.023
 643   223343  5.00   -8.791   -8.165   -8.506   -8.622   -8.787   -8.558   -5.389
 644   250595  5.00   -9.159   -8.529   -8.871   -8.989   -9.155   -8.925   -5.756
 645   281172  5.00   -9.528   -8.894   -9.238   -9.357   -9.523   -9.293   -6.124
 646   315481  5.00   -9.897   -9.260   -9.605   -9.725   -9.893   -9.662   -6.493
 647   353975  5.00  -10.267   -9.627   -9.974  -10.094  -10.263  -10.031   -6.862
 648   397167  5.00  -10.638   -9.995  -10.343  -10.464  -10.633  -10.401   -7.232
 649   445629  5.00  -11.009  -10.364  -10.712  -10.834  -11.004  -10.772   -7.603
 650   500004  5.00  -11.380  -10.733  -11.083  -11.205  -11.376  -11.143   -7.974
 651   561014  5.00  -11.752  -11.103  -11.453  -11.576  -11.748  -11.514   -8.345
 652   629469  5.00  -12.124  -11.474  -11.825  -11.948  -12.120  -11.886   -8.717
 653   706276  5.00  -12.497  -11.845  -12.196  -12.320  -12.492  -12.258   -9.089
 654   792455  5.00  -12.869  -12.216  -12.568  -12.693  -12.865  -12.631   -9.462
 655   889149  5.00  -13.242  -12.588  -12.941  -13.065  -13.238  -13.004   -9.835
 656   997642  5.00  -13.616  -12.960  -13.313  -13.438  -13.611  -13.377  -10.208
 657  1119373  5.00  -13.989  -13.333  -13.686  -13.812  -13.985  -13.750  -10.581
 658  1255958  5.00  -14.363  -13.705  -14.059  -14.185  -14.359  -14.123  -10.954
 659  1409209  5.00  -14.736  -14.079  -14.433  -14.558  -14.732  -14.497  -11.328
 660  1581159  5.00  -15.110  -14.452  -14.806  -14.932  -15.106  -14.871  -11.702
 661  1774090  5.00  -15.484  -14.825  -15.180  -15.306  -15.480  -15.245  -12.076
 662  1990563  5.00  -15.858  -15.199  -15.554  -15.680  -15.854  -15.619  -12.450
 663  2233450  5.00  -16.233  -15.573  -15.928  -16.054  -16.229  -15.993  -12.824
 664  2505973  5.00  -16.607  -15.946  -16.302  -16.428  -16.603  -16.367  -13.198
 665  2811749  5.00  -16.981  -16.320  -16.676  -16.802  -16.977  -16.741  -13.572
 666  3154836  5.00  -17.356  -16.695  -17.050  -17.177  -17.352  -17.116  -13.947
 667  3539785  5.00  -17.730  -17.069  -17.425  -17.551  -17.726  -17.490  -14.321
 668  3971706  5.00  -18.105  -17.443  -17.799  -17.926  -18.101  -17.865  -14.695
 669  4456330  5.00  -18.479  -17.817  -18.174  -18.300  -18.475  -18.239  -15.070
# BCs for Fluks et al. 1994 M-giant spectra:
#  n     Teff  logg        V        u        v        b        y     Hb_w     Hb_n
   0     3810  0.00   -1.256   -5.855   -3.811   -2.265   -1.232   -1.931    1.170
   1     3736  0.00   -1.480   -6.115   -4.030   -2.530   -1.453   -2.183    0.891
   2     3666  0.00   -1.722   -6.391   -4.273   -2.831   -1.685   -2.446    0.605
   3     3574  0.00   -2.104   -6.631   -4.515   -3.335   -2.066   -2.904    0.104
   4     3434  0.00   -2.802   -7.168   -5.018   -4.097   -2.781   -3.622   -0.650
   5     3309  0.00   -3.818   -7.714   -5.676   -5.319   -3.824   -4.702   -1.846
   6     3126  0.00   -5.168   -8.671   -6.868   -6.762   -5.175   -6.081   -3.187
   7     2890  0.00   -6.368   -9.380   -8.016   -8.321   -6.476   -7.597   -4.711
   8     2667  0.00   -7.217  -10.106   -8.903   -9.329   -7.494   -8.675   -5.740
   9     2500  0.00   -7.956  -10.833   -9.685  -10.041   -8.267   -9.416   -6.458
