# BCs for ATLAS9 + DUSTY99 + blackbody spectra:
#  n     Teff  logg        U        B        V        R        I        J        H        K
   0      500  3.50  -999999  -77.837  -59.335  -43.647  -38.637  -19.145   -9.336   -2.422
   1      500  4.00  -999999  -76.555  -58.415  -42.950  -37.962  -18.732   -9.018   -2.268
   2      500  4.50  -999999  -76.196  -57.896  -42.344  -37.347  -18.060   -8.359   -1.889
   3      500  5.00  -999999  -73.695  -55.897  -40.712  -35.755  -17.017   -7.665   -1.584
   4      500  5.50  -999999  -70.464  -53.343  -38.683  -33.785  -15.826   -6.965   -1.313
   5      500  6.00  -999999  -67.210  -50.783  -36.672  -31.841  -14.677   -6.278   -1.085
   6      600  3.50  -999999  -63.454  -48.532  -35.497  -30.796  -14.821   -6.775   -1.009
   7      600  4.00  -999999  -62.710  -47.961  -35.054  -30.370  -14.545   -6.547   -0.871
   8      600  4.50  -999999  -64.586  -49.152  -35.736  -30.989  -14.563   -6.282   -0.669
   9      600  5.00  -999999  -62.654  -47.545  -34.387  -29.675  -13.642   -5.598   -0.322
  10      600  5.50  -999999  -60.239  -45.579  -32.780  -28.119  -12.644   -4.958   -0.048
  11      600  6.00  -79.552  -57.584  -43.481  -31.126  -26.529  -11.680   -4.367    0.149
  12      700  3.50  -71.033  -52.484  -40.133  -29.121  -24.716  -11.375   -4.661    0.184
  13      700  4.00  -70.214  -51.887  -39.676  -28.773  -24.385  -11.168   -4.507    0.265
  14      700  4.50  -72.444  -53.379  -40.660  -29.335  -24.886  -11.168   -4.261    0.466
  15      700  5.00  -71.261  -52.430  -39.831  -28.592  -24.157  -10.590   -3.813    0.677
  16      700  5.50  -68.834  -50.515  -38.199  -27.176  -22.782   -9.650   -3.215    0.919
  17      700  6.00  -65.662  -48.083  -36.215  -25.562  -21.237   -8.724   -2.678    1.104
  18      800  3.50  -57.884  -42.755  -32.487  -23.190  -19.094   -8.066   -2.659    1.212
  19      800  4.00  -58.109  -42.955  -32.672  -23.355  -19.252   -8.160   -2.684    1.255
  20      800  4.50  -59.942  -44.199  -33.517  -23.840  -19.678   -8.234   -2.606    1.331
  21      800  5.00  -58.918  -43.313  -32.693  -23.075  -18.935   -7.712   -2.228    1.518
  22      800  5.50  -57.410  -41.963  -31.471  -22.018  -17.923   -7.085   -1.845    1.647
  23      800  6.00  -54.755  -39.808  -29.713  -20.670  -16.660   -6.400   -1.462    1.758
  24      900  3.50  -46.755  -34.434  -25.974  -18.380  -14.639   -5.755   -1.424    1.787
  25      900  4.00  -46.856  -34.426  -25.910  -18.265  -14.518   -5.619   -1.281    1.918
  26      900  4.50  -48.992  -35.862  -26.916  -18.876  -15.054   -5.799   -1.271    2.001
  27      900  5.00  -46.997  -34.104  -25.390  -17.628  -13.877   -5.075   -0.995    2.095
  28      900  5.50  -47.080  -34.152  -25.420  -17.644  -13.891   -5.079   -0.776    2.221
  29     1000  3.50  -41.164  -30.322  -22.779  -16.086  -12.556   -4.706   -0.824    2.168
  30     1000  4.00  -40.273  -29.604  -22.175  -15.602  -12.105   -4.414   -0.616    2.276
  31     1000  4.50  -40.321  -29.447  -21.947  -15.338  -11.840   -4.189   -0.413    2.407
  32     1000  5.00  -40.387  -29.284  -21.716  -15.079  -11.582   -3.977   -0.218    2.536
  33     1000  5.50  -39.908  -28.817  -21.299  -14.727  -11.249   -3.759   -0.056    2.590
  34     1000  6.00  -38.270  -27.600  -20.342  -14.029  -10.614   -3.397    0.167    2.661
  35     1100  3.50  -35.931  -26.459  -19.731  -13.864  -10.553   -3.645   -0.199    2.523
  36     1100  4.00  -35.535  -26.142  -19.464  -13.648  -10.353   -3.511   -0.095    2.594
  37     1100  4.50  -35.488  -25.982  -19.278  -13.455  -10.163   -3.356    0.052    2.686
  38     1100  5.00  -35.013  -25.456  -18.776  -13.008   -9.738   -3.053    0.289    2.803
  39     1100  5.50  -34.330  -24.799  -18.186  -12.510   -9.272   -2.742    0.517    2.898
  40     1100  6.00  -41.578  -30.736  -23.193  -16.500  -12.970   -5.119   -1.238    1.754
  41     1200  3.50  -31.268  -23.041  -17.003  -11.827   -8.729   -2.623    0.437    2.867
  42     1200  4.00  -31.268  -23.041  -17.003  -11.827   -8.729   -2.623    0.437    2.867
  43     1200  4.50  -31.268  -23.041  -17.003  -11.827   -8.729   -2.623    0.437    2.867
  44     1200  5.00  -31.470  -22.999  -16.874  -11.643   -8.535   -2.440    0.638    3.017
  45     1200  6.00  -29.840  -21.561  -15.629  -10.628   -7.602   -1.838    1.050    3.138
  46     1300  3.50  -27.154  -20.031  -14.588  -10.008   -7.116   -1.709    1.010    3.173
  47     1300  4.00  -27.185  -20.068  -14.623  -10.036   -7.141   -1.722    1.006    3.171
  48     1300  4.50  -27.907  -20.558  -14.993  -10.292   -7.359   -1.832    0.970    3.177
  49     1300  5.00  -27.924  -20.525  -14.939  -10.224   -7.288   -1.771    1.030    3.216
  50     1300  5.50  -27.825  -20.312  -14.714  -10.013   -7.087   -1.628    1.138    3.252
  51     1300  6.00  -31.418  -23.250  -17.241  -12.093   -9.004   -2.927    1.038    3.284
  52     1400  3.50  -23.727  -17.523  -12.580   -8.505   -5.805   -0.965    1.512    3.398
  53     1400  4.00  -23.769  -17.557  -12.608   -8.524   -5.821   -0.981    1.487    3.380
  54     1400  4.50  -24.218  -17.860  -12.828   -8.659   -5.924   -1.028    1.449    3.359
  55     1400  5.00  -24.680  -18.164  -13.056   -8.817   -6.056   -1.089    1.451    3.381
  56     1400  5.50  -24.573  -17.923  -12.813   -8.583   -5.833   -0.937    1.533    3.391
  57     1400  6.00  -24.587  -17.929  -12.816   -8.584   -5.834   -0.937    1.550    3.395
  58     1500  3.50  -21.154  -15.632  -11.045   -7.310   -4.738   -0.192    2.003    3.536
  59     1500  4.00  -21.051  -15.565  -11.008   -7.307   -4.755   -0.267    1.963    3.519
  60     1500  4.50  -21.527  -15.865  -11.223   -7.450   -4.875   -0.374    1.901    3.493
  61     1500  5.00  -21.739  -15.999  -11.322   -7.514   -4.927   -0.426    1.870    3.491
  62     1500  5.50  -21.947  -16.102  -11.392   -7.550   -4.952   -0.457    1.843    3.485
  63     1500  6.00  -21.993  -16.085  -11.374   -7.523   -4.924   -0.453    1.825    3.464
  64     1600  3.50  -19.289  -14.087   -9.720   -6.229   -3.719    0.623    2.351    3.549
  65     1600  4.00  -19.086  -14.036   -9.724   -6.261   -3.772    0.538    2.333    3.546
  66     1600  4.50  -19.175  -14.093   -9.775   -6.322   -3.862    0.403    2.292    3.534
  67     1600  5.00  -19.276  -14.177   -9.852   -6.393   -3.946    0.258    2.238    3.525
  68     1600  5.50  -19.444  -14.266   -9.922   -6.442   -3.997    0.158    2.186    3.516
  69     1600  6.00  -19.585  -14.332   -9.980   -6.480   -4.033    0.079    2.133    3.504
  70     1700  3.50  -17.481  -12.456   -8.506   -5.300   -2.795    1.312    2.579    3.515
  71     1700  4.00  -17.144  -12.072   -8.130   -5.007   -2.565    1.362    2.641    3.543
  72     1700  4.50  -15.931  -11.076   -7.399   -4.452   -2.046    1.732    2.864    3.639
  73     1700  5.00  -17.077  -12.235   -8.269   -5.081   -2.640    1.282    2.689    3.571
  74     1700  5.50  -17.350  -12.632   -8.599   -5.372   -2.967    0.971    2.562    3.532
  75     1700  6.00  -17.526  -12.797   -8.753   -5.542   -3.198    0.710    2.436    3.501
  76     1800  3.50  -15.888  -11.323   -7.784   -4.781   -2.259    1.600    2.624    3.428
  77     1800  4.00  -15.717  -11.107   -7.566   -4.633   -2.157    1.641    2.675    3.437
  78     1800  4.50  -14.792  -10.366   -6.968   -4.190   -1.793    1.829    2.804    3.476
  79     1800  5.00  -14.704  -10.336   -6.951   -4.150   -1.755    1.862    2.873    3.502
  80     1800  5.50  -15.525  -11.046   -7.439   -4.482   -2.094    1.569    2.763    3.453
  81     1800  6.00  -15.630  -11.161   -7.508   -4.513   -2.138    1.506    2.769    3.492
  82     1900  3.50  -13.433   -9.971   -7.013   -4.262   -1.718    1.888    2.688    3.362
  83     1900  4.00  -14.567  -10.283   -7.094   -4.308   -1.783    1.819    2.678    3.344
  84     1900  4.50  -15.605  -10.923   -7.474   -4.561   -2.049    1.623    2.616    3.297
  85     1900  5.00  -14.662  -10.244   -6.953   -4.167   -1.720    1.802    2.752    3.329
  86     1900  5.50  -14.705  -10.477   -7.122   -4.287   -1.883    1.681    2.733    3.291
  87     1900  6.00  -14.657  -10.515   -7.116   -4.290   -1.950    1.573    2.689    3.272
  88     2000  3.50  -11.686   -9.069   -6.597   -4.012   -1.426    2.003    2.684    3.284
  89     2000  4.00  -12.959   -9.328   -6.540   -3.943   -1.391    1.977    2.692    3.275
  90     2000  4.50  -13.759   -9.472   -6.515   -3.889   -1.360    1.972    2.714    3.255
  91     2000  5.00  -14.243   -9.718   -6.647   -3.943   -1.431    1.915    2.726    3.219
  92     2000  5.50  -14.319  -10.137   -6.927   -4.152   -1.702    1.737    2.692    3.171
  93     2000  6.00  -13.858   -9.930   -6.747   -4.043   -1.691    1.686    2.677    3.136
  94     2100  4.00  -11.439   -8.506   -6.076   -3.667   -1.112    2.058    2.681    3.204
  95     2100  5.00  -13.108   -8.773   -6.002   -3.500   -0.981    2.079    2.757    3.178
  96     2100  5.50  -13.873   -9.383   -6.444   -3.768   -1.250    1.908    2.716    3.103
  97     2100  6.00  -13.759   -9.683   -6.647   -3.931   -1.486    1.759    2.658    3.023
  98     2200  3.50   -8.915   -7.345   -5.579   -3.415   -0.890    2.123    2.654    3.143
  99     2200  4.00  -10.005   -7.690   -5.578   -3.373   -0.856    2.110    2.664    3.138
 100     2200  4.50  -11.242   -8.008   -5.630   -3.344   -0.810    2.119    2.691    3.128
 101     2200  5.00  -12.318   -8.239   -5.663   -3.287   -0.763    2.109    2.726    3.115
 102     2200  5.50  -13.104   -8.598   -5.900   -3.380   -0.855    2.040    2.738    3.063
 103     2200  6.00  -13.227   -8.736   -6.015   -3.416   -0.908    1.985    2.727    2.978
 104     2300  3.50   -7.944   -6.653   -5.071   -3.087   -0.654    2.133    2.628    3.082
 105     2300  4.00   -8.895   -6.987   -5.084   -3.058   -0.621    2.122    2.640    3.081
 106     2300  4.50  -10.098   -7.366   -5.193   -3.071   -0.595    2.127    2.663    3.072
 107     2300  5.00  -11.397   -7.702   -5.294   -3.053   -0.567    2.111    2.691    3.059
 108     2300  5.50  -12.347   -7.970   -5.450   -3.077   -0.578    2.089    2.724    3.024
 109     2300  6.00  -12.604   -8.087   -5.533   -3.069   -0.579    2.070    2.747    2.957
 110     2400  3.50   -7.187   -6.065   -4.578   -2.745   -0.433    2.124    2.598    3.025
 111     2400  4.00   -7.975   -6.355   -4.599   -2.729   -0.405    2.114    2.610    3.026
 112     2400  4.50   -9.030   -6.726   -4.726   -2.771   -0.387    2.125    2.634    3.017
 113     2400  5.50  -11.371   -7.361   -4.991   -2.776   -0.334    2.117    2.708    2.988
 114     2400  6.00  -12.075   -7.607   -5.172   -2.818   -0.368    2.083    2.724    2.925
 115     2500  3.50   -6.668   -5.611   -4.142   -2.423   -0.247    2.090    2.558    2.968
 116     2500  4.00   -7.276   -5.823   -4.145   -2.405   -0.213    2.087    2.574    2.973
 117     2500  4.50   -8.174   -6.166   -4.290   -2.476   -0.204    2.103    2.599    2.965
 118     2500  5.00   -9.277   -6.499   -4.401   -2.481   -0.166    2.109    2.635    2.966
 119     2500  5.50  -10.490   -6.843   -4.581   -2.509   -0.154    2.103    2.670    2.950
 120     2500  6.00  -11.349   -7.104   -4.773   -2.548   -0.169    2.088    2.702    2.903
 121     2600  3.50   -6.257   -5.230   -3.763   -2.139   -0.093    2.052    2.518    2.912
 122     2600  4.00   -6.736   -5.380   -3.745   -2.113   -0.054    2.048    2.535    2.919
 123     2600  4.50   -7.483   -5.674   -3.883   -2.191   -0.044    2.069    2.561    2.915
 124     2600  5.00   -8.381   -5.955   -3.968   -2.198   -0.006    2.080    2.598    2.919
 125     2600  5.50   -9.530   -6.299   -4.143   -2.233    0.012    2.082    2.636    2.912
 126     2600  6.00  -10.529   -6.622   -4.372   -2.290   -0.004    2.069    2.667    2.878
 127     2700  3.50   -5.926   -4.917   -3.458   -1.914    0.020    2.012    2.478    2.855
 128     2700  4.00   -6.284   -4.997   -3.396   -1.858    0.075    2.008    2.496    2.866
 129     2700  4.50   -6.891   -5.230   -3.508   -1.928    0.094    2.032    2.525    2.865
 130     2700  5.00   -7.636   -5.470   -3.572   -1.933    0.128    2.041    2.557    2.872
 131     2700  5.50   -8.637   -5.787   -3.724   -1.970    0.151    2.049    2.597    2.873
 132     2700  6.00   -9.673   -6.123   -3.951   -2.028    0.146    2.045    2.632    2.852
 133     2800  5.00   -9.553   -5.202   -2.858   -1.206    0.569    1.987    2.401    2.429
 134     2800  5.50  -10.458   -5.381   -2.995   -1.161    0.647    2.025    2.313    2.250
 135     2900  5.00   -8.677   -4.811   -2.539   -1.045    0.573    1.933    2.402    2.477
 136     2900  5.50   -9.524   -4.990   -2.670   -1.025    0.643    1.972    2.330    2.316
 137     3000  5.00   -7.880   -4.452   -2.259   -0.889    0.578    1.882    2.396    2.509
 138     3000  5.50   -8.664   -4.631   -2.380   -0.889    0.640    1.920    2.338    2.369
 139     3100  5.00   -7.155   -4.128   -2.018   -0.745    0.583    1.836    2.383    2.527
 140     3100  5.50   -7.850   -4.300   -2.122   -0.758    0.636    1.869    2.337    2.411
 141     3200  5.00   -6.521   -3.836   -1.814   -0.616    0.589    1.793    2.363    2.529
 142     3200  5.50   -7.111   -3.992   -1.896   -0.632    0.635    1.823    2.329    2.437
 143     3300  5.00   -5.967   -3.567   -1.639   -0.499    0.599    1.756    2.339    2.521
 144     3300  5.50   -6.433   -3.706   -1.699   -0.516    0.636    1.781    2.316    2.451
 145     3400  5.00   -5.487   -3.322   -1.488   -0.394    0.611    1.721    2.312    2.504
 146     3400  5.50   -5.819   -3.438   -1.531   -0.409    0.639    1.741    2.296    2.451
 147     3500  5.00   -5.069   -3.095   -1.356   -0.302    0.623    1.689    2.280    2.481
 148     3500  5.50   -5.269   -3.189   -1.385   -0.313    0.644    1.705    2.270    2.440
 149     3600  5.00   -4.686   -2.887   -1.241   -0.224    0.633    1.657    2.246    2.453
 150     3600  5.50   -4.798   -2.961   -1.261   -0.231    0.649    1.669    2.239    2.419
 151     3700  5.00   -4.329   -2.692   -1.136   -0.159    0.642    1.625    2.210    2.422
 152     3700  5.50   -4.421   -2.762   -1.158   -0.166    0.653    1.634    2.202    2.390
 153     3800  5.00   -4.009   -2.510   -1.040   -0.107    0.650    1.595    2.175    2.387
 154     3800  5.50   -4.109   -2.567   -1.051   -0.100    0.668    1.607    2.170    2.361
 155     3500  0.00   -5.982   -3.925   -1.835   -0.625    0.361    1.665    2.687    2.845
 156     3500  0.50   -5.441   -3.551   -1.618   -0.505    0.422    1.670    2.651    2.795
 157     3500  1.00   -4.908   -3.219   -1.438   -0.400    0.482    1.682    2.602    2.734
 158     3500  1.50   -4.438   -2.953   -1.299   -0.312    0.539    1.694    2.543    2.668
 159     3500  2.00   -4.108   -2.801   -1.224   -0.252    0.586    1.696    2.473    2.610
 160     3500  2.50   -3.920   -2.734   -1.188   -0.214    0.619    1.696    2.382    2.560
 161     3500  3.00   -3.830   -2.700   -1.169   -0.190    0.638    1.698    2.320    2.523
 162     3500  3.50   -3.834   -2.705   -1.167   -0.177    0.648    1.703    2.294    2.496
 163     3500  4.00   -3.921   -2.749   -1.179   -0.168    0.657    1.710    2.283    2.468
 164     3500  4.50   -4.078   -2.817   -1.198   -0.158    0.668    1.721    2.271    2.427
 165     3500  5.00   -4.311   -2.896   -1.220   -0.142    0.690    1.739    2.243    2.363
 166     3750  0.00   -5.274   -3.403   -1.490   -0.421    0.459    1.631    2.572    2.712
 167     3750  0.50   -4.854   -3.129   -1.356   -0.366    0.465    1.611    2.558    2.698
 168     3750  1.00   -4.420   -2.882   -1.243   -0.313    0.480    1.603    2.536    2.675
 169     3750  1.50   -4.012   -2.669   -1.147   -0.258    0.508    1.605    2.504    2.640
 170     3750  2.00   -3.681   -2.505   -1.069   -0.205    0.545    1.613    2.460    2.594
 171     3750  2.50   -3.477   -2.418   -1.023   -0.160    0.588    1.617    2.399    2.544
 172     3750  3.00   -3.350   -2.371   -0.994   -0.124    0.626    1.621    2.326    2.496
 173     3750  3.50   -3.300   -2.354   -0.982   -0.103    0.647    1.623    2.269    2.461
 174     3750  4.00   -3.310   -2.357   -0.977   -0.086    0.664    1.629    2.239    2.432
 175     3750  4.50   -3.389   -2.388   -0.982   -0.071    0.677    1.637    2.224    2.402
 176     3750  5.00   -3.530   -2.443   -0.992   -0.055    0.693    1.649    2.208    2.357
 177     4000  0.00   -4.436   -2.840   -1.126   -0.192    0.591    1.612    2.424    2.536
 178     4000  0.50   -4.052   -2.610   -1.024   -0.162    0.578    1.584    2.413    2.528
 179     4000  1.00   -3.682   -2.418   -0.953   -0.145    0.565    1.563    2.400    2.521
 180     4000  1.50   -3.368   -2.273   -0.907   -0.133    0.557    1.549    2.385    2.512
 181     4000  2.00   -3.131   -2.168   -0.875   -0.120    0.556    1.541    2.366    2.499
 182     4000  2.50   -2.977   -2.100   -0.849   -0.097    0.571    1.542    2.336    2.475
 183     4000  3.00   -2.898   -2.067   -0.829   -0.067    0.605    1.547    2.287    2.438
 184     4000  3.50   -2.848   -2.045   -0.808   -0.033    0.643    1.553    2.228    2.392
 185     4000  4.00   -2.823   -2.033   -0.795   -0.008    0.671    1.557    2.180    2.357
 186     4000  4.50   -2.846   -2.039   -0.792    0.009    0.688    1.562    2.151    2.333
 187     4000  5.00   -2.921   -2.065   -0.797    0.023    0.702    1.569    2.135    2.308
 188     4250  0.00   -3.588   -2.333   -0.833   -0.016    0.680    1.571    2.270    2.365
 189     4250  0.50   -3.269   -2.155   -0.760   -0.001    0.662    1.544    2.260    2.357
 190     4250  1.00   -2.966   -2.005   -0.707    0.006    0.644    1.521    2.249    2.349
 191     4250  1.50   -2.710   -1.890   -0.673    0.008    0.629    1.504    2.236    2.342
 192     4250  2.00   -2.519   -1.810   -0.653    0.008    0.619    1.492    2.222    2.335
 193     4250  2.50   -2.398   -1.759   -0.641    0.012    0.616    1.484    2.205    2.326
 194     4250  3.00   -2.339   -1.732   -0.634    0.021    0.622    1.482    2.182    2.311
 195     4250  3.50   -2.334   -1.730   -0.629    0.040    0.645    1.485    2.145    2.285
 196     4250  4.00   -2.352   -1.735   -0.624    0.060    0.671    1.488    2.104    2.256
 197     4250  4.50   -2.375   -1.741   -0.621    0.078    0.692    1.492    2.068    2.231
 198     4250  5.00   -2.414   -1.750   -0.622    0.092    0.709    1.495    2.045    2.212
 199     4500  0.00   -2.777   -1.863   -0.592    0.112    0.726    1.505    2.113    2.199
 200     4500  0.50   -2.543   -1.749   -0.552    0.114    0.707    1.482    2.107    2.192
 201     4500  1.00   -2.325   -1.652   -0.521    0.113    0.689    1.462    2.098    2.185
 202     4500  1.50   -2.143   -1.576   -0.500    0.110    0.673    1.446    2.087    2.177
 203     4500  2.00   -2.006   -1.521   -0.487    0.107    0.661    1.434    2.074    2.170
 204     4500  2.50   -1.921   -1.487   -0.479    0.106    0.655    1.426    2.060    2.163
 205     4500  3.00   -1.880   -1.469   -0.474    0.109    0.655    1.421    2.044    2.154
 206     4500  3.50   -1.876   -1.463   -0.472    0.118    0.663    1.421    2.024    2.142
 207     4500  4.00   -1.899   -1.469   -0.470    0.131    0.680    1.422    1.997    2.123
 208     4500  4.50   -1.938   -1.480   -0.469    0.146    0.699    1.425    1.968    2.104
 209     4500  5.00   -1.982   -1.490   -0.468    0.159    0.716    1.428    1.943    2.086
 210     4750  0.00   -2.103   -1.452   -0.405    0.198    0.736    1.422    1.955    2.032
 211     4750  0.50   -1.920   -1.384   -0.389    0.190    0.716    1.403    1.954    2.029
 212     4750  1.00   -1.760   -1.331   -0.380    0.181    0.698    1.386    1.948    2.024
 213     4750  1.50   -1.629   -1.291   -0.373    0.173    0.683    1.372    1.941    2.018
 214     4750  2.00   -1.536   -1.265   -0.368    0.167    0.672    1.361    1.931    2.012
 215     4750  2.50   -1.481   -1.251   -0.365    0.164    0.666    1.354    1.919    2.006
 216     4750  3.00   -1.461   -1.245   -0.361    0.166    0.665    1.350    1.905    1.998
 217     4750  3.50   -1.469   -1.246   -0.358    0.172    0.670    1.348    1.890    1.989
 218     4750  4.00   -1.492   -1.251   -0.355    0.181    0.681    1.349    1.872    1.979
 219     4750  4.50   -1.529   -1.261   -0.354    0.192    0.695    1.351    1.852    1.965
 220     4750  5.00   -1.574   -1.271   -0.352    0.204    0.710    1.354    1.832    1.953
 221     5000  0.00   -1.608   -1.129   -0.268    0.250    0.724    1.332    1.798    1.866
 222     5000  0.50   -1.462   -1.090   -0.269    0.236    0.704    1.316    1.801    1.866
 223     5000  1.00   -1.334   -1.062   -0.272    0.222    0.687    1.302    1.800    1.864
 224     5000  1.50   -1.230   -1.046   -0.276    0.210    0.672    1.289    1.796    1.861
 225     5000  2.00   -1.154   -1.040   -0.281    0.200    0.661    1.279    1.791    1.857
 226     5000  2.50   -1.109   -1.041   -0.283    0.195    0.654    1.272    1.782    1.853
 227     5000  3.00   -1.095   -1.047   -0.283    0.195    0.653    1.268    1.772    1.848
 228     5000  3.50   -1.106   -1.056   -0.279    0.200    0.658    1.268    1.759    1.841
 229     5000  4.00   -1.133   -1.066   -0.275    0.209    0.668    1.269    1.745    1.834
 230     5000  4.50   -1.168   -1.076   -0.271    0.219    0.680    1.271    1.730    1.825
 231     5000  5.00   -1.208   -1.086   -0.268    0.230    0.693    1.274    1.715    1.816
 232     5250  0.00   -1.246   -0.878   -0.167    0.279    0.699    1.238    1.642    1.703
 233     5250  0.50   -1.136   -0.862   -0.178    0.262    0.681    1.226    1.651    1.708
 234     5250  1.00   -1.037   -0.853   -0.190    0.246    0.664    1.214    1.654    1.709
 235     5250  1.50   -0.954   -0.853   -0.203    0.231    0.650    1.203    1.653    1.707
 236     5250  2.00   -0.889   -0.860   -0.215    0.218    0.637    1.193    1.651    1.705
 237     5250  2.50   -0.844   -0.871   -0.224    0.208    0.628    1.186    1.647    1.703
 238     5250  3.00   -0.821   -0.884   -0.230    0.204    0.625    1.181    1.641    1.700
 239     5250  3.50   -0.821   -0.898   -0.229    0.207    0.628    1.180    1.631    1.696
 240     5250  4.00   -0.841   -0.911   -0.225    0.215    0.636    1.182    1.620    1.692
 241     5250  4.50   -0.872   -0.924   -0.219    0.226    0.649    1.185    1.608    1.685
 242     5250  5.00   -0.907   -0.935   -0.214    0.238    0.663    1.189    1.596    1.679
 243     5500  0.00   -0.975   -0.676   -0.092    0.292    0.664    1.142    1.488    1.543
 244     5500  0.50   -0.898   -0.678   -0.108    0.276    0.649    1.135    1.503    1.554
 245     5500  1.00   -0.825   -0.685   -0.125    0.259    0.635    1.126    1.510    1.558
 246     5500  1.50   -0.760   -0.698   -0.143    0.243    0.621    1.117    1.513    1.559
 247     5500  2.00   -0.707   -0.715   -0.161    0.228    0.608    1.108    1.514    1.559
 248     5500  2.50   -0.664   -0.735   -0.177    0.215    0.598    1.099    1.512    1.557
 249     5500  3.00   -0.634   -0.755   -0.189    0.205    0.591    1.093    1.509    1.556
 250     5500  3.50   -0.620   -0.772   -0.195    0.202    0.589    1.090    1.504    1.554
 251     5500  4.00   -0.622   -0.787   -0.194    0.206    0.595    1.091    1.497    1.552
 252     5500  4.50   -0.641   -0.801   -0.189    0.216    0.606    1.095    1.488    1.549
 253     5500  5.00   -0.667   -0.812   -0.182    0.229    0.620    1.099    1.477    1.545
 254     5750  0.00   -0.766   -0.508   -0.033    0.294    0.623    1.044    1.336    1.387
 255     5750  0.50   -0.718   -0.525   -0.052    0.280    0.612    1.043    1.357    1.403
 256     5750  1.00   -0.668   -0.544   -0.072    0.265    0.600    1.038    1.369    1.412
 257     5750  1.50   -0.620   -0.567   -0.093    0.249    0.588    1.031    1.376    1.416
 258     5750  2.00   -0.577   -0.594   -0.115    0.232    0.576    1.023    1.379    1.418
 259     5750  2.50   -0.540   -0.622   -0.135    0.217    0.565    1.015    1.380    1.417
 260     5750  3.00   -0.509   -0.649   -0.154    0.203    0.555    1.007    1.379    1.416
 261     5750  3.50   -0.485   -0.672   -0.166    0.195    0.550    1.003    1.377    1.416
 262     5750  4.00   -0.472   -0.691   -0.172    0.193    0.550    1.001    1.374    1.415
 263     5750  4.50   -0.474   -0.705   -0.170    0.199    0.558    1.003    1.368    1.415
 264     5750  5.00   -0.487   -0.717   -0.164    0.210    0.571    1.008    1.361    1.413
 265     6000  0.00   -0.596   -0.363    0.011    0.286    0.574    0.944    1.186    1.234
 266     6000  0.50   -0.578   -0.392   -0.007    0.276    0.569    0.950    1.214    1.257
 267     6000  1.00   -0.548   -0.421   -0.028    0.264    0.561    0.949    1.231    1.270
 268     6000  1.50   -0.516   -0.453   -0.050    0.249    0.552    0.945    1.242    1.278
 269     6000  2.00   -0.483   -0.487   -0.074    0.233    0.542    0.939    1.247    1.281
 270     6000  2.50   -0.452   -0.523   -0.098    0.216    0.530    0.932    1.251    1.283
 271     6000  3.00   -0.423   -0.557   -0.121    0.200    0.520    0.924    1.252    1.283
 272     6000  3.50   -0.396   -0.588   -0.140    0.187    0.511    0.917    1.252    1.282
 273     6000  4.00   -0.374   -0.613   -0.153    0.179    0.507    0.914    1.251    1.282
 274     6000  4.50   -0.360   -0.631   -0.157    0.180    0.510    0.914    1.249    1.283
 275     6000  5.00   -0.359   -0.644   -0.155    0.187    0.519    0.917    1.245    1.283
 276     6250  0.50   -0.459   -0.274    0.028    0.265    0.520    0.854    1.074    1.113
 277     6250  1.00   -0.451   -0.312    0.010    0.257    0.518    0.860    1.096    1.131
 278     6250  1.50   -0.434   -0.350   -0.013    0.245    0.512    0.859    1.110    1.143
 279     6250  2.00   -0.413   -0.391   -0.038    0.230    0.504    0.856    1.119    1.149
 280     6250  2.50   -0.389   -0.433   -0.065    0.213    0.494    0.850    1.124    1.153
 281     6250  3.00   -0.363   -0.475   -0.091    0.196    0.483    0.842    1.128    1.154
 282     6250  3.50   -0.336   -0.513   -0.116    0.179    0.473    0.835    1.130    1.154
 283     6250  4.00   -0.309   -0.545   -0.135    0.167    0.466    0.829    1.131    1.154
 284     6250  4.50   -0.286   -0.570   -0.146    0.161    0.464    0.827    1.131    1.155
 285     6250  5.00   -0.271   -0.586   -0.149    0.162    0.468    0.828    1.129    1.156
 286     6500  0.50   -0.347   -0.164    0.052    0.244    0.465    0.756    0.937    0.973
 287     6500  1.00   -0.366   -0.212    0.039    0.244    0.469    0.768    0.964    0.996
 288     6500  1.50   -0.366   -0.258    0.018    0.237    0.468    0.773    0.981    1.011
 289     6500  2.00   -0.356   -0.304   -0.006    0.224    0.463    0.772    0.993    1.020
 290     6500  2.50   -0.340   -0.351   -0.034    0.208    0.455    0.768    1.001    1.026
 291     6500  3.00   -0.319   -0.399   -0.064    0.190    0.445    0.762    1.006    1.029
 292     6500  3.50   -0.294   -0.444   -0.092    0.171    0.435    0.755    1.010    1.030
 293     6500  4.00   -0.266   -0.483   -0.116    0.155    0.425    0.748    1.012    1.030
 294     6500  4.50   -0.238   -0.515   -0.135    0.143    0.419    0.743    1.014    1.031
 295     6500  5.00   -0.213   -0.538   -0.145    0.139    0.420    0.742    1.015    1.033
 296     6750  0.50   -0.253   -0.079    0.070    0.222    0.410    0.660    0.807    0.840
 297     6750  1.00   -0.282   -0.118    0.057    0.221    0.414    0.674    0.835    0.864
 298     6750  1.50   -0.303   -0.172    0.042    0.221    0.419    0.684    0.856    0.882
 299     6750  2.00   -0.307   -0.224    0.020    0.213    0.419    0.688    0.870    0.895
 300     6750  2.50   -0.301   -0.276   -0.007    0.199    0.413    0.687    0.880    0.903
 301     6750  3.00   -0.287   -0.328   -0.038    0.182    0.405    0.682    0.888    0.908
 302     6750  3.50   -0.266   -0.379   -0.069    0.162    0.395    0.676    0.893    0.911
 303     6750  4.00   -0.239   -0.425   -0.098    0.143    0.385    0.668    0.897    0.911
 304     6750  4.50   -0.208   -0.465   -0.123    0.128    0.377    0.662    0.900    0.912
 305     6750  5.00   -0.177   -0.495   -0.140    0.118    0.373    0.659    0.903    0.913
 306     7000  0.50   -0.174   -0.021    0.082    0.200    0.357    0.567    0.686    0.715
 307     7000  1.00   -0.208   -0.046    0.070    0.198    0.360    0.582    0.712    0.738
 308     7000  1.50   -0.240   -0.090    0.056    0.197    0.365    0.594    0.733    0.757
 309     7000  2.00   -0.262   -0.150    0.040    0.196    0.370    0.602    0.750    0.773
 310     7000  2.50   -0.267   -0.206    0.015    0.187    0.369    0.605    0.763    0.783
 311     7000  3.00   -0.261   -0.263   -0.015    0.171    0.363    0.603    0.772    0.791
 312     7000  3.50   -0.245   -0.318   -0.048    0.152    0.355    0.597    0.779    0.795
 313     7000  4.00   -0.222   -0.370   -0.080    0.132    0.345    0.591    0.784    0.797
 314     7000  4.50   -0.191   -0.417   -0.110    0.113    0.336    0.584    0.789    0.798
 315     7000  5.00   -0.157   -0.456   -0.133    0.098    0.329    0.578    0.793    0.799
 316     7250  0.50   -0.111    0.011    0.086    0.178    0.308    0.479    0.574    0.598
 317     7250  1.00   -0.145    0.002    0.076    0.174    0.307    0.494    0.597    0.619
 318     7250  1.50   -0.183   -0.030    0.064    0.172    0.310    0.505    0.616    0.638
 319     7250  2.00   -0.215   -0.079    0.049    0.171    0.315    0.514    0.633    0.653
 320     7250  2.50   -0.235   -0.142    0.030    0.169    0.319    0.521    0.648    0.667
 321     7250  3.00   -0.238   -0.202    0.003    0.157    0.318    0.522    0.659    0.676
 322     7250  3.50   -0.230   -0.262   -0.029    0.140    0.312    0.520    0.667    0.682
 323     7250  4.00   -0.211   -0.319   -0.063    0.119    0.304    0.514    0.674    0.685
 324     7250  4.50   -0.183   -0.372   -0.097    0.098    0.294    0.507    0.680    0.687
 325     7250  5.00   -0.149   -0.418   -0.126    0.080    0.286    0.501    0.685    0.688
 326     7500  0.50   -0.074   -0.002    0.080    0.158    0.267    0.398    0.473    0.492
 327     7500  1.00   -0.090    0.028    0.073    0.146    0.255    0.407    0.489    0.507
 328     7500  1.50   -0.131    0.008    0.064    0.145    0.257    0.419    0.506    0.524
 329     7500  2.00   -0.170   -0.029    0.051    0.143    0.260    0.428    0.521    0.539
 330     7500  2.50   -0.201   -0.082    0.035    0.142    0.265    0.436    0.535    0.553
 331     7500  3.00   -0.217   -0.148    0.015    0.137    0.269    0.441    0.548    0.564
 332     7500  3.50   -0.217   -0.210   -0.015    0.124    0.267    0.441    0.559    0.572
 333     7500  4.00   -0.204   -0.271   -0.049    0.105    0.261    0.438    0.567    0.577
 334     7500  4.50   -0.180   -0.329   -0.084    0.084    0.252    0.432    0.574    0.580
 335     7500  5.00   -0.147   -0.382   -0.117    0.063    0.243    0.425    0.580    0.581
 336     7750  1.00   -0.047    0.027    0.058    0.116    0.206    0.324    0.389    0.403
 337     7750  1.50   -0.086    0.026    0.053    0.113    0.203    0.335    0.403    0.417
 338     7750  2.00   -0.131   -0.001    0.045    0.113    0.206    0.344    0.416    0.430
 339     7750  2.50   -0.169   -0.043    0.032    0.111    0.209    0.351    0.428    0.443
 340     7750  3.00   -0.195   -0.099    0.016    0.109    0.214    0.357    0.440    0.455
 341     7750  3.50   -0.204   -0.164   -0.006    0.103    0.217    0.362    0.452    0.465
 342     7750  4.00   -0.199   -0.228   -0.037    0.088    0.215    0.361    0.462    0.472
 343     7750  4.50   -0.180   -0.290   -0.073    0.068    0.209    0.357    0.470    0.476
 344     7750  5.00   -0.151   -0.348   -0.109    0.045    0.200    0.350    0.478    0.478
 345     8000  1.00   -0.021   -0.007    0.029    0.082    0.159    0.245    0.298    0.307
 346     8000  1.50   -0.049    0.024    0.032    0.077    0.149    0.252    0.305    0.315
 347     8000  2.00   -0.096    0.009    0.029    0.077    0.150    0.260    0.315    0.326
 348     8000  2.50   -0.140   -0.023    0.020    0.077    0.152    0.268    0.326    0.338
 349     8000  3.00   -0.174   -0.068    0.006    0.074    0.156    0.274    0.336    0.349
 350     8000  3.50   -0.193   -0.126   -0.009    0.073    0.162    0.280    0.348    0.360
 351     8000  4.00   -0.194   -0.191   -0.033    0.066    0.166    0.283    0.359    0.368
 352     8000  4.50   -0.182   -0.255   -0.066    0.049    0.163    0.282    0.369    0.374
 353     8000  5.00   -0.157   -0.317   -0.102    0.027    0.157    0.277    0.378    0.377
 354     8250  1.00   -0.008   -0.075   -0.021    0.041    0.112    0.168    0.212    0.218
 355     8250  1.50   -0.020    0.002    0.001    0.037    0.096    0.171    0.214    0.219
 356     8250  2.00   -0.064    0.003    0.002    0.037    0.094    0.178    0.220    0.228
 357     8250  2.50   -0.113   -0.020   -0.002    0.038    0.095    0.185    0.228    0.238
 358     8250  3.00   -0.155   -0.057   -0.011    0.037    0.098    0.191    0.237    0.248
 359     8250  3.50   -0.184   -0.105   -0.025    0.034    0.103    0.197    0.246    0.257
 360     8250  4.00   -0.193   -0.163   -0.039    0.034    0.110    0.203    0.258    0.267
 361     8250  4.50   -0.184   -0.226   -0.064    0.025    0.114    0.206    0.270    0.275
 362     8250  5.00   -0.165   -0.289   -0.098    0.007    0.111    0.203    0.280    0.279
 363     8500  1.50   -0.002   -0.040   -0.042   -0.008    0.043    0.092    0.127    0.128
 364     8500  2.00   -0.040   -0.019   -0.034   -0.008    0.037    0.098    0.130    0.133
 365     8500  2.50   -0.091   -0.032   -0.034   -0.006    0.037    0.104    0.135    0.141
 366     8500  3.00   -0.138   -0.061   -0.038   -0.005    0.039    0.110    0.142    0.150
 367     8500  3.50   -0.174   -0.101   -0.047   -0.006    0.043    0.115    0.150    0.159
 368     8500  4.00   -0.193   -0.149   -0.060   -0.008    0.049    0.120    0.160    0.168
 369     8500  4.50   -0.190   -0.206   -0.073   -0.008    0.059    0.127    0.172    0.177
 370     8500  5.00   -0.173   -0.268   -0.100   -0.018    0.062    0.128    0.184    0.184
 371     8750  1.50    0.007   -0.093   -0.094   -0.060   -0.014    0.013    0.042    0.040
 372     8750  2.00   -0.023   -0.053   -0.077   -0.057   -0.021    0.018    0.043    0.043
 373     8750  2.50   -0.071   -0.054   -0.073   -0.055   -0.023    0.023    0.046    0.049
 374     8750  3.00   -0.122   -0.075   -0.073   -0.052   -0.021    0.029    0.051    0.056
 375     8750  3.50   -0.164   -0.108   -0.078   -0.051   -0.018    0.034    0.057    0.063
 376     8750  4.00   -0.193   -0.151   -0.087   -0.052   -0.012    0.039    0.065    0.072
 377     8750  4.50   -0.200   -0.201   -0.098   -0.052   -0.004    0.045    0.076    0.081
 378     8750  5.00   -0.185   -0.255   -0.111   -0.051    0.008    0.051    0.089    0.089
 379     9000  1.50    0.009   -0.149   -0.150   -0.115   -0.073   -0.067   -0.042   -0.046
 380     9000  2.00   -0.016   -0.096   -0.126   -0.109   -0.080   -0.061   -0.041   -0.045
 381     9000  2.50   -0.059   -0.087   -0.118   -0.106   -0.083   -0.056   -0.040   -0.041
 382     9000  3.00   -0.110   -0.100   -0.115   -0.103   -0.083   -0.051   -0.037   -0.036
 383     9000  3.50   -0.157   -0.127   -0.116   -0.101   -0.080   -0.046   -0.032   -0.029
 384     9000  4.00   -0.193   -0.164   -0.121   -0.099   -0.075   -0.042   -0.026   -0.021
 385     9000  4.50   -0.210   -0.208   -0.129   -0.100   -0.067   -0.037   -0.017   -0.013
 386     9000  5.00   -0.200   -0.257   -0.136   -0.095   -0.054   -0.029   -0.004   -0.004
 387     9250  2.00   -0.017   -0.144   -0.179   -0.164   -0.140   -0.139   -0.124   -0.131
 388     9250  2.50   -0.056   -0.127   -0.168   -0.160   -0.144   -0.135   -0.124   -0.129
 389     9250  3.00   -0.104   -0.133   -0.162   -0.157   -0.145   -0.131   -0.122   -0.124
 390     9250  3.50   -0.152   -0.154   -0.160   -0.153   -0.142   -0.126   -0.119   -0.118
 391     9250  4.00   -0.192   -0.184   -0.161   -0.150   -0.137   -0.121   -0.114   -0.112
 392     9250  4.50   -0.216   -0.224   -0.166   -0.149   -0.130   -0.116   -0.106   -0.105
 393     9250  5.00   -0.219   -0.269   -0.173   -0.147   -0.120   -0.111   -0.096   -0.096
 394     9500  2.00   -0.022   -0.194   -0.233   -0.220   -0.201   -0.216   -0.205   -0.215
 395     9500  2.50   -0.058   -0.172   -0.220   -0.216   -0.205   -0.212   -0.206   -0.214
 396     9500  3.00   -0.103   -0.172   -0.213   -0.212   -0.207   -0.209   -0.205   -0.211
 397     9500  3.50   -0.150   -0.187   -0.209   -0.208   -0.205   -0.205   -0.203   -0.206
 398     9500  4.00   -0.192   -0.212   -0.206   -0.204   -0.200   -0.200   -0.199   -0.200
 399     9500  4.50   -0.222   -0.247   -0.207   -0.201   -0.193   -0.195   -0.193   -0.193
 400     9500  5.00   -0.235   -0.289   -0.211   -0.198   -0.184   -0.190   -0.184   -0.186
 401     9750  2.00   -0.030   -0.244   -0.287   -0.276   -0.262   -0.292   -0.284   -0.297
 402     9750  2.50   -0.065   -0.218   -0.273   -0.272   -0.267   -0.289   -0.286   -0.297
 403     9750  3.00   -0.107   -0.215   -0.265   -0.269   -0.269   -0.286   -0.286   -0.295
 404     9750  3.50   -0.153   -0.226   -0.260   -0.265   -0.268   -0.282   -0.285   -0.291
 405     9750  4.00   -0.196   -0.246   -0.255   -0.260   -0.264   -0.277   -0.282   -0.286
 406     9750  4.50   -0.230   -0.276   -0.253   -0.255   -0.257   -0.273   -0.277   -0.280
 407     9750  5.00   -0.248   -0.314   -0.253   -0.251   -0.248   -0.268   -0.269   -0.273
 408    10000  2.00   -0.041   -0.293   -0.341   -0.332   -0.323   -0.366   -0.362   -0.377
 409    10000  2.50   -0.076   -0.266   -0.327   -0.329   -0.328   -0.363   -0.364   -0.378
 410    10000  3.00   -0.116   -0.261   -0.319   -0.326   -0.331   -0.361   -0.366   -0.377
 411    10000  3.50   -0.161   -0.268   -0.312   -0.322   -0.331   -0.358   -0.366   -0.374
 412    10000  4.00   -0.203   -0.285   -0.307   -0.316   -0.328   -0.354   -0.364   -0.370
 413    10000  4.50   -0.238   -0.310   -0.302   -0.311   -0.321   -0.349   -0.359   -0.364
 414    10000  5.00   -0.260   -0.344   -0.300   -0.305   -0.311   -0.344   -0.352   -0.358
 415    10250  2.00   -0.054   -0.343   -0.394   -0.388   -0.383   -0.438   -0.438   -0.455
 416    10250  2.50   -0.089   -0.314   -0.380   -0.385   -0.389   -0.436   -0.440   -0.457
 417    10250  3.00   -0.128   -0.307   -0.372   -0.382   -0.393   -0.435   -0.443   -0.457
 418    10250  3.50   -0.171   -0.312   -0.366   -0.379   -0.394   -0.433   -0.444   -0.455
 419    10250  4.00   -0.212   -0.326   -0.360   -0.374   -0.391   -0.430   -0.443   -0.452
 420    10250  4.50   -0.248   -0.348   -0.354   -0.368   -0.385   -0.425   -0.439   -0.447
 421    10250  5.00   -0.272   -0.377   -0.349   -0.361   -0.375   -0.420   -0.433   -0.440
 422    10500  2.00   -0.068   -0.391   -0.447   -0.443   -0.442   -0.509   -0.512   -0.531
 423    10500  2.50   -0.104   -0.362   -0.433   -0.440   -0.449   -0.508   -0.515   -0.534
 424    10500  3.00   -0.143   -0.354   -0.425   -0.439   -0.453   -0.508   -0.518   -0.535
 425    10500  3.50   -0.184   -0.358   -0.419   -0.436   -0.455   -0.506   -0.520   -0.535
 426    10500  4.00   -0.224   -0.369   -0.413   -0.431   -0.453   -0.503   -0.520   -0.532
 427    10500  4.50   -0.261   -0.389   -0.407   -0.425   -0.448   -0.499   -0.517   -0.527
 428    10500  5.00   -0.287   -0.414   -0.400   -0.417   -0.439   -0.494   -0.511   -0.521
 429    10750  2.00   -0.084   -0.439   -0.499   -0.497   -0.501   -0.579   -0.585   -0.605
 430    10750  2.50   -0.120   -0.410   -0.485   -0.495   -0.508   -0.578   -0.589   -0.610
 431    10750  3.00   -0.159   -0.402   -0.478   -0.494   -0.513   -0.578   -0.592   -0.612
 432    10750  3.50   -0.199   -0.404   -0.473   -0.492   -0.516   -0.578   -0.595   -0.612
 433    10750  4.00   -0.238   -0.414   -0.467   -0.488   -0.515   -0.576   -0.595   -0.610
 434    10750  4.50   -0.274   -0.431   -0.460   -0.482   -0.510   -0.572   -0.593   -0.606
 435    10750  5.00   -0.302   -0.454   -0.452   -0.475   -0.501   -0.567   -0.588   -0.601
 436    11000  2.00   -0.100   -0.487   -0.551   -0.551   -0.559   -0.647   -0.656   -0.678
 437    11000  2.50   -0.137   -0.457   -0.537   -0.549   -0.566   -0.647   -0.660   -0.683
 438    11000  3.00   -0.176   -0.449   -0.531   -0.549   -0.572   -0.648   -0.665   -0.686
 439    11000  3.50   -0.215   -0.451   -0.526   -0.548   -0.576   -0.648   -0.668   -0.687
 440    11000  4.00   -0.254   -0.459   -0.520   -0.545   -0.575   -0.646   -0.669   -0.686
 441    11000  4.50   -0.290   -0.474   -0.514   -0.539   -0.572   -0.644   -0.668   -0.683
 442    11000  5.00   -0.318   -0.495   -0.505   -0.531   -0.564   -0.639   -0.664   -0.678
 443    11250  2.00   -0.118   -0.534   -0.602   -0.604   -0.617   -0.714   -0.726   -0.750
 444    11250  2.50   -0.156   -0.504   -0.589   -0.603   -0.624   -0.714   -0.731   -0.755
 445    11250  3.00   -0.195   -0.496   -0.583   -0.603   -0.631   -0.716   -0.736   -0.759
 446    11250  3.50   -0.234   -0.497   -0.578   -0.603   -0.634   -0.717   -0.739   -0.761
 447    11250  4.00   -0.271   -0.505   -0.573   -0.600   -0.635   -0.716   -0.741   -0.760
 448    11250  4.50   -0.306   -0.519   -0.567   -0.595   -0.632   -0.714   -0.740   -0.758
 449    11250  5.00   -0.335   -0.538   -0.558   -0.588   -0.625   -0.710   -0.737   -0.754
 450    11500  2.00   -0.137   -0.580   -0.653   -0.657   -0.673   -0.780   -0.794   -0.820
 451    11500  2.50   -0.175   -0.550   -0.639   -0.656   -0.681   -0.781   -0.800   -0.826
 452    11500  3.00   -0.214   -0.542   -0.634   -0.657   -0.688   -0.783   -0.805   -0.830
 453    11500  3.50   -0.253   -0.543   -0.630   -0.657   -0.692   -0.784   -0.809   -0.833
 454    11500  4.00   -0.289   -0.551   -0.625   -0.655   -0.694   -0.784   -0.811   -0.833
 455    11500  4.50   -0.324   -0.564   -0.619   -0.651   -0.691   -0.782   -0.811   -0.831
 456    11500  5.00   -0.352   -0.581   -0.611   -0.644   -0.685   -0.779   -0.808   -0.828
 457    11750  2.00   -0.156   -0.626   -0.703   -0.709   -0.729   -0.845   -0.862   -0.889
 458    11750  2.50   -0.195   -0.596   -0.689   -0.708   -0.737   -0.846   -0.867   -0.895
 459    11750  3.00   -0.235   -0.588   -0.684   -0.710   -0.745   -0.848   -0.873   -0.900
 460    11750  3.50   -0.273   -0.589   -0.681   -0.711   -0.750   -0.850   -0.877   -0.903
 461    11750  4.00   -0.309   -0.596   -0.677   -0.709   -0.751   -0.850   -0.880   -0.904
 462    11750  4.50   -0.342   -0.608   -0.671   -0.705   -0.749   -0.849   -0.880   -0.903
 463    11750  5.00   -0.370   -0.624   -0.663   -0.699   -0.744   -0.846   -0.878   -0.900
 464    12000  2.50   -0.216   -0.641   -0.739   -0.760   -0.793   -0.909   -0.934   -0.963
 465    12000  3.00   -0.256   -0.633   -0.734   -0.762   -0.801   -0.912   -0.940   -0.969
 466    12000  3.50   -0.294   -0.635   -0.732   -0.763   -0.806   -0.914   -0.944   -0.972
 467    12000  4.00   -0.329   -0.642   -0.728   -0.762   -0.808   -0.915   -0.947   -0.973
 468    12000  4.50   -0.362   -0.653   -0.723   -0.759   -0.807   -0.914   -0.948   -0.973
 469    12000  5.00   -0.389   -0.668   -0.715   -0.754   -0.802   -0.912   -0.947   -0.971
 470    12250  2.50   -0.238   -0.686   -0.788   -0.811   -0.847   -0.972   -0.999   -1.030
 471    12250  3.00   -0.278   -0.678   -0.784   -0.814   -0.856   -0.975   -1.005   -1.036
 472    12250  3.50   -0.316   -0.680   -0.781   -0.816   -0.861   -0.978   -1.010   -1.039
 473    12250  4.00   -0.350   -0.687   -0.778   -0.815   -0.864   -0.979   -1.014   -1.041
 474    12250  4.50   -0.382   -0.698   -0.773   -0.812   -0.863   -0.979   -1.015   -1.041
 475    12250  5.00   -0.409   -0.712   -0.766   -0.807   -0.859   -0.977   -1.014   -1.040
 476    12500  2.50   -0.259   -0.730   -0.836   -0.862   -0.901   -1.034   -1.063   -1.096
 477    12500  3.00   -0.300   -0.722   -0.832   -0.865   -0.910   -1.037   -1.069   -1.102
 478    12500  3.50   -0.338   -0.725   -0.831   -0.867   -0.916   -1.040   -1.075   -1.106
 479    12500  4.00   -0.372   -0.731   -0.827   -0.867   -0.919   -1.042   -1.078   -1.108
 480    12500  4.50   -0.403   -0.742   -0.823   -0.864   -0.918   -1.042   -1.080   -1.108
 481    12500  5.00   -0.429   -0.755   -0.816   -0.860   -0.915   -1.040   -1.079   -1.107
 482    12750  2.50   -0.282   -0.773   -0.883   -0.911   -0.954   -1.094   -1.126   -1.160
 483    12750  3.00   -0.323   -0.766   -0.880   -0.915   -0.964   -1.098   -1.133   -1.166
 484    12750  3.50   -0.360   -0.769   -0.879   -0.918   -0.970   -1.101   -1.138   -1.171
 485    12750  4.00   -0.394   -0.776   -0.876   -0.918   -0.973   -1.103   -1.142   -1.173
 486    12750  4.50   -0.425   -0.786   -0.872   -0.916   -0.973   -1.103   -1.144   -1.174
 487    12750  5.00   -0.450   -0.799   -0.866   -0.911   -0.969   -1.102   -1.143   -1.173
 488    13000  2.50   -0.304   -0.816   -0.930   -0.960   -1.007   -1.154   -1.187   -1.223
 489    13000  3.00   -0.346   -0.809   -0.928   -0.965   -1.016   -1.158   -1.195   -1.230
 490    13000  3.50   -0.383   -0.812   -0.927   -0.967   -1.023   -1.161   -1.200   -1.235
 491    13000  4.00   -0.417   -0.819   -0.925   -0.968   -1.026   -1.163   -1.204   -1.237
 492    13000  4.50   -0.447   -0.830   -0.921   -0.966   -1.027   -1.164   -1.206   -1.238
 493    13000  5.00   -0.472   -0.842   -0.915   -0.962   -1.023   -1.163   -1.206   -1.238
 494    14000  2.00   -0.345   -1.015   -1.122   -1.146   -1.196   -1.375   -1.413   -1.454
 495    14000  2.50   -0.395   -0.981   -1.110   -1.149   -1.208   -1.381   -1.423   -1.465
 496    14000  3.00   -0.439   -0.976   -1.110   -1.156   -1.220   -1.387   -1.432   -1.473
 497    14000  3.50   -0.478   -0.980   -1.111   -1.160   -1.228   -1.392   -1.439   -1.479
 498    14000  4.00   -0.510   -0.988   -1.110   -1.162   -1.232   -1.395   -1.443   -1.482
 499    14000  4.50   -0.538   -0.999   -1.108   -1.161   -1.233   -1.396   -1.446   -1.484
 500    14000  5.00   -0.561   -1.010   -1.103   -1.158   -1.231   -1.396   -1.446   -1.484
 501    15000  2.50   -0.483   -1.136   -1.278   -1.325   -1.395   -1.591   -1.641   -1.689
 502    15000  3.00   -0.532   -1.133   -1.281   -1.335   -1.410   -1.600   -1.652   -1.699
 503    15000  3.50   -0.572   -1.139   -1.285   -1.342   -1.420   -1.607   -1.661   -1.706
 504    15000  4.00   -0.605   -1.148   -1.286   -1.345   -1.425   -1.610   -1.666   -1.710
 505    15000  4.50   -0.632   -1.159   -1.284   -1.345   -1.427   -1.612   -1.669   -1.712
 506    15000  5.00   -0.653   -1.170   -1.280   -1.343   -1.425   -1.612   -1.670   -1.713
 507    16000  2.50   -0.568   -1.282   -1.436   -1.490   -1.570   -1.787   -1.844   -1.896
 508    16000  3.00   -0.622   -1.280   -1.442   -1.503   -1.588   -1.799   -1.858   -1.909
 509    16000  3.50   -0.665   -1.289   -1.448   -1.512   -1.600   -1.807   -1.868   -1.918
 510    16000  4.00   -0.698   -1.299   -1.451   -1.517   -1.607   -1.812   -1.874   -1.923
 511    16000  4.50   -0.725   -1.310   -1.451   -1.518   -1.609   -1.815   -1.877   -1.926
 512    16000  5.00   -0.745   -1.322   -1.447   -1.517   -1.609   -1.815   -1.879   -1.927
 513    17000  2.50   -0.649   -1.421   -1.585   -1.644   -1.733   -1.968   -2.032   -2.089
 514    17000  3.00   -0.707   -1.419   -1.592   -1.660   -1.754   -1.984   -2.049   -2.105
 515    17000  3.50   -0.754   -1.429   -1.601   -1.672   -1.769   -1.995   -2.061   -2.116
 516    17000  4.00   -0.789   -1.441   -1.606   -1.679   -1.777   -2.001   -2.069   -2.123
 517    17000  4.50   -0.816   -1.453   -1.607   -1.682   -1.781   -2.004   -2.073   -2.126
 518    17000  5.00   -0.836   -1.465   -1.605   -1.681   -1.781   -2.006   -2.074   -2.128
 519    18000  2.50   -0.726   -1.551   -1.724   -1.788   -1.885   -2.138   -2.207   -2.268
 520    18000  3.00   -0.788   -1.550   -1.734   -1.807   -1.909   -2.156   -2.227   -2.288
 521    18000  3.50   -0.838   -1.562   -1.745   -1.822   -1.927   -2.170   -2.242   -2.301
 522    18000  4.00   -0.876   -1.575   -1.752   -1.831   -1.937   -2.178   -2.251   -2.309
 523    18000  4.50   -0.904   -1.588   -1.755   -1.835   -1.942   -2.182   -2.256   -2.314
 524    18000  5.00   -0.924   -1.601   -1.754   -1.835   -1.943   -2.184   -2.258   -2.316
 525    19000  2.50   -0.800   -1.675   -1.856   -1.925   -2.028   -2.296   -2.370   -2.436
 526    19000  3.00   -0.866   -1.673   -1.867   -1.945   -2.055   -2.318   -2.394   -2.459
 527    19000  3.50   -0.919   -1.687   -1.880   -1.963   -2.075   -2.333   -2.410   -2.474
 528    19000  4.00   -0.958   -1.702   -1.889   -1.974   -2.088   -2.344   -2.421   -2.484
 529    19000  4.50   -0.988   -1.716   -1.894   -1.980   -2.094   -2.350   -2.428   -2.490
 530    19000  5.00   -1.009   -1.729   -1.894   -1.981   -2.096   -2.352   -2.431   -2.493
 531    20000  3.00   -0.941   -1.790   -1.993   -2.076   -2.192   -2.469   -2.550   -2.620
 532    20000  3.50   -0.996   -1.805   -2.008   -2.095   -2.215   -2.487   -2.569   -2.637
 533    20000  4.00   -1.038   -1.821   -2.019   -2.109   -2.229   -2.499   -2.582   -2.649
 534    20000  4.50   -1.068   -1.836   -2.025   -2.116   -2.237   -2.507   -2.590   -2.656
 535    20000  5.00   -1.090   -1.850   -2.026   -2.119   -2.240   -2.511   -2.594   -2.660
 536    21000  3.00   -1.013   -1.900   -2.111   -2.199   -2.322   -2.612   -2.698   -2.771
 537    21000  3.50   -1.071   -1.917   -2.129   -2.221   -2.347   -2.633   -2.719   -2.791
 538    21000  4.00   -1.114   -1.935   -2.142   -2.236   -2.363   -2.646   -2.733   -2.804
 539    21000  4.50   -1.145   -1.951   -2.149   -2.245   -2.372   -2.655   -2.742   -2.812
 540    21000  5.00   -1.167   -1.965   -2.152   -2.249   -2.376   -2.660   -2.747   -2.817
 541    22000  3.00   -1.082   -2.003   -2.222   -2.314   -2.443   -2.746   -2.836   -2.913
 542    22000  3.50   -1.143   -2.023   -2.244   -2.340   -2.472   -2.770   -2.861   -2.936
 543    22000  4.00   -1.188   -2.042   -2.259   -2.357   -2.490   -2.785   -2.876   -2.951
 544    22000  4.50   -1.219   -2.059   -2.267   -2.367   -2.500   -2.795   -2.886   -2.960
 545    22000  5.00   -1.242   -2.074   -2.270   -2.372   -2.505   -2.801   -2.892   -2.966
 546    23000  3.00   -1.145   -2.099   -2.326   -2.422   -2.556   -2.871   -2.966   -3.047
 547    23000  3.50   -1.212   -2.123   -2.352   -2.453   -2.590   -2.900   -2.995   -3.074
 548    23000  4.00   -1.259   -2.144   -2.369   -2.472   -2.610   -2.917   -3.012   -3.090
 549    23000  4.50   -1.292   -2.162   -2.379   -2.483   -2.622   -2.928   -3.023   -3.101
 550    23000  5.00   -1.314   -2.177   -2.383   -2.489   -2.627   -2.934   -3.029   -3.107
 551    24000  3.00   -1.200   -2.186   -2.421   -2.520   -2.660   -2.987   -3.086   -3.170
 552    24000  3.50   -1.277   -2.216   -2.454   -2.558   -2.701   -3.022   -3.121   -3.204
 553    24000  4.00   -1.327   -2.240   -2.474   -2.580   -2.724   -3.042   -3.141   -3.223
 554    24000  4.50   -1.361   -2.260   -2.485   -2.593   -2.737   -3.054   -3.153   -3.234
 555    24000  5.00   -1.384   -2.276   -2.491   -2.600   -2.744   -3.061   -3.160   -3.241
 556    25000  3.00   -1.244   -2.263   -2.503   -2.606   -2.752   -3.090   -3.194   -3.283
 557    25000  3.50   -1.337   -2.303   -2.549   -2.657   -2.805   -3.137   -3.240   -3.327
 558    25000  4.00   -1.391   -2.331   -2.572   -2.683   -2.832   -3.160   -3.263   -3.349
 559    25000  4.50   -1.427   -2.352   -2.586   -2.698   -2.847   -3.174   -3.277   -3.362
 560    25000  5.00   -1.450   -2.369   -2.592   -2.706   -2.854   -3.182   -3.285   -3.369
 561    26000  3.00   -1.273   -2.327   -2.571   -2.676   -2.824   -3.174   -3.282   -3.375
 562    26000  3.50   -1.391   -2.383   -2.636   -2.748   -2.901   -3.243   -3.351   -3.441
 563    26000  4.00   -1.451   -2.416   -2.665   -2.779   -2.933   -3.271   -3.378   -3.467
 564    26000  4.50   -1.490   -2.439   -2.681   -2.797   -2.950   -3.287   -3.394   -3.482
 565    26000  5.00   -1.514   -2.457   -2.689   -2.805   -2.959   -3.297   -3.403   -3.491
 566    27000  3.50   -1.436   -2.454   -2.713   -2.829   -2.988   -3.340   -3.452   -3.546
 567    27000  4.00   -1.506   -2.494   -2.751   -2.869   -3.027   -3.375   -3.486   -3.579
 568    27000  4.50   -1.548   -2.521   -2.770   -2.889   -3.048   -3.394   -3.505   -3.596
 569    27000  5.00   -1.574   -2.540   -2.779   -2.900   -3.058   -3.405   -3.515   -3.606
 570    28000  3.50   -1.471   -2.515   -2.781   -2.900   -3.062   -3.425   -3.540   -3.638
 571    28000  4.00   -1.554   -2.565   -2.829   -2.951   -3.114   -3.472   -3.586   -3.682
 572    28000  4.50   -1.601   -2.596   -2.853   -2.975   -3.138   -3.494   -3.608   -3.703
 573    28000  5.00   -1.629   -2.616   -2.864   -2.988   -3.151   -3.506   -3.620   -3.715
 574    29000  3.50   -1.500   -2.571   -2.841   -2.962   -3.126   -3.497   -3.615   -3.715
 575    29000  4.00   -1.595   -2.629   -2.900   -3.024   -3.192   -3.559   -3.677   -3.776
 576    29000  4.50   -1.648   -2.665   -2.929   -3.055   -3.222   -3.587   -3.705   -3.803
 577    29000  5.00   -1.679   -2.688   -2.943   -3.070   -3.237   -3.601   -3.718   -3.816
 578    30000  3.50   -1.533   -2.628   -2.900   -3.021   -3.186   -3.563   -3.682   -3.784
 579    30000  4.00   -1.630   -2.687   -2.963   -3.090   -3.261   -3.637   -3.758   -3.859
 580    30000  4.50   -1.689   -2.727   -2.998   -3.127   -3.299   -3.672   -3.793   -3.893
 581    30000  5.00   -1.723   -2.753   -3.015   -3.146   -3.317   -3.689   -3.810   -3.910
 582    31000  3.50   -1.575   -2.690   -2.962   -3.083   -3.247   -3.628   -3.748   -3.850
 583    31000  4.00   -1.662   -2.741   -3.022   -3.151   -3.324   -3.707   -3.830   -3.934
 584    31000  4.50   -1.726   -2.784   -3.061   -3.193   -3.368   -3.749   -3.872   -3.975
 585    31000  5.00   -1.763   -2.813   -3.082   -3.215   -3.390   -3.770   -3.893   -3.996
 586    32000  4.00   -1.696   -2.794   -3.079   -3.210   -3.384   -3.772   -3.897   -4.001
 587    32000  4.50   -1.760   -2.838   -3.121   -3.255   -3.432   -3.820   -3.945   -4.050
 588    32000  5.00   -1.800   -2.869   -3.144   -3.280   -3.457   -3.845   -3.970   -4.075
 589    33000  4.00   -1.739   -2.852   -3.140   -3.271   -3.446   -3.838   -3.963   -4.069
 590    33000  4.50   -1.794   -2.890   -3.178   -3.313   -3.492   -3.886   -4.012   -4.118
 591    33000  5.00   -1.835   -2.921   -3.203   -3.340   -3.520   -3.914   -4.040   -4.147
 592    34000  4.00   -1.790   -2.916   -3.206   -3.337   -3.511   -3.906   -4.031   -4.137
 593    34000  4.50   -1.834   -2.944   -3.236   -3.373   -3.553   -3.951   -4.078   -4.185
 594    34000  5.00   -1.871   -2.973   -3.260   -3.399   -3.581   -3.980   -4.107   -4.215
 595    35000  4.00   -1.849   -2.986   -3.277   -3.407   -3.580   -3.975   -4.100   -4.205
 596    35000  4.50   -1.881   -3.004   -3.298   -3.436   -3.616   -4.017   -4.145   -4.252
 597    35000  5.00   -1.912   -3.028   -3.319   -3.460   -3.642   -4.045   -4.173   -4.282
 598    36000  4.00   -1.916   -3.061   -3.352   -3.482   -3.653   -4.047   -4.171   -4.277
 599    36000  4.50   -1.934   -3.068   -3.364   -3.502   -3.681   -4.083   -4.211   -4.318
 600    36000  5.00   -1.959   -3.086   -3.381   -3.522   -3.705   -4.110   -4.239   -4.348
 601    37000  4.00   -1.988   -3.140   -3.432   -3.561   -3.731   -4.124   -4.247   -4.353
 602    37000  4.50   -1.995   -3.136   -3.435   -3.572   -3.750   -4.151   -4.279   -4.386
 603    37000  5.00   -2.012   -3.148   -3.446   -3.587   -3.770   -4.176   -4.305   -4.414
 604    38000  4.00   -2.064   -3.221   -3.514   -3.643   -3.813   -4.205   -4.328   -4.433
 605    38000  4.50   -2.061   -3.209   -3.509   -3.646   -3.823   -4.223   -4.350   -4.457
 606    38000  5.00   -2.070   -3.214   -3.514   -3.655   -3.837   -4.243   -4.372   -4.481
 607    39000  4.00   -2.140   -3.302   -3.596   -3.725   -3.896   -4.289   -4.411   -4.517
 608    39000  4.50   -2.131   -3.285   -3.586   -3.723   -3.899   -4.299   -4.425   -4.532
 609    39000  5.00   -2.134   -3.284   -3.586   -3.727   -3.907   -4.313   -4.441   -4.550
 610    40000  4.50   -2.204   -3.362   -3.665   -3.801   -3.978   -4.377   -4.503   -4.611
 611    40000  5.00   -2.202   -3.357   -3.660   -3.801   -3.981   -4.386   -4.514   -4.623
 612    41000  4.50   -2.278   -3.440   -3.744   -3.881   -4.057   -4.457   -4.583   -4.691
 613    41000  5.00   -2.272   -3.431   -3.737   -3.878   -4.057   -4.461   -4.589   -4.698
 614    42000  4.50   -2.352   -3.517   -3.823   -3.960   -4.137   -4.537   -4.664   -4.772
 615    42000  5.00   -2.344   -3.506   -3.814   -3.955   -4.134   -4.538   -4.666   -4.776
 616    43000  4.50   -2.425   -3.593   -3.900   -4.038   -4.216   -4.617   -4.744   -4.853
 617    43000  5.00   -2.416   -3.582   -3.891   -4.032   -4.212   -4.616   -4.744   -4.854
 618    44000  4.50   -2.496   -3.667   -3.976   -4.115   -4.293   -4.695   -4.822   -4.932
 619    44000  5.00   -2.488   -3.656   -3.967   -4.109   -4.289   -4.694   -4.822   -4.932
 620    45000  4.50   -2.567   -3.740   -4.051   -4.190   -4.369   -4.772   -4.900   -5.010
 621    45000  5.00   -2.559   -3.730   -4.042   -4.185   -4.365   -4.771   -4.899   -5.010
 622    46000  4.50   -2.635   -3.812   -4.123   -4.263   -4.443   -4.848   -4.976   -5.086
 623    46000  5.00   -2.629   -3.802   -4.116   -4.259   -4.440   -4.847   -4.975   -5.087
 624    47000  4.50   -2.702   -3.881   -4.194   -4.335   -4.515   -4.921   -5.050   -5.161
 625    47000  5.00   -2.697   -3.873   -4.188   -4.332   -4.514   -4.921   -5.050   -5.162
 626    48000  4.50   -2.768   -3.950   -4.264   -4.405   -4.586   -4.993   -5.122   -5.234
 627    48000  5.00   -2.764   -3.942   -4.259   -4.403   -4.586   -4.994   -5.124   -5.236
 628    49000  4.50   -2.832   -4.016   -4.332   -4.473   -4.655   -5.063   -5.193   -5.305
 629    49000  5.00   -2.830   -4.010   -4.328   -4.473   -4.656   -5.066   -5.196   -5.309
 630    50000  5.00   -2.894   -4.076   -4.395   -4.541   -4.725   -5.136   -5.266   -5.379
 631    56101  5.00   -2.963   -4.181   -4.490   -4.622   -4.802   -5.216   -5.342   -5.449
 632    62946  5.00   -3.290   -4.518   -4.835   -4.972   -5.157   -5.579   -5.708   -5.817
 633    70627  5.00   -3.623   -4.859   -5.183   -5.325   -5.514   -5.942   -6.074   -6.186
 634    79245  5.00   -3.961   -5.204   -5.534   -5.680   -5.873   -6.307   -6.442   -6.555
 635    88914  5.00   -4.303   -5.552   -5.889   -6.037   -6.235   -6.673   -6.810   -6.926
 636    99763  5.00   -4.649   -5.903   -6.245   -6.397   -6.597   -7.040   -7.179   -7.296
 637   111936  5.00   -4.998   -6.257   -6.604   -6.758   -6.961   -7.408   -7.549   -7.667
 638   125595  5.00   -5.351   -6.614   -6.964   -7.120   -7.326   -7.777   -7.919   -8.039
 639   140920  5.00   -5.706   -6.972   -7.326   -7.484   -7.693   -8.146   -8.290   -8.411
 640   158115  5.00   -6.063   -7.333   -7.690   -7.850   -8.060   -8.516   -8.661   -8.783
 641   177407  5.00   -6.422   -7.695   -8.054   -8.216   -8.428   -8.887   -9.033   -9.155
 642   199055  5.00   -6.783   -8.058   -8.420   -8.583   -8.797   -9.258   -9.405   -9.528
 643   223343  5.00   -7.145   -8.423   -8.787   -8.952   -9.167   -9.629   -9.777   -9.901
 644   250595  5.00   -7.509   -8.789   -9.155   -9.321   -9.537  -10.001  -10.150  -10.274
 645   281172  5.00   -7.874   -9.156   -9.524   -9.690   -9.907  -10.373  -10.523  -10.648
 646   315481  5.00   -8.241   -9.524   -9.893  -10.060  -10.279  -10.746  -10.896  -11.021
 647   353975  5.00   -8.608   -9.892  -10.263  -10.431  -10.650  -11.118  -11.269  -11.395
 648   397167  5.00   -8.976  -10.262  -10.634  -10.802  -11.022  -11.491  -11.643  -11.769
 649   445629  5.00   -9.345  -10.632  -11.005  -11.174  -11.394  -11.865  -12.016  -12.143
 650   500004  5.00   -9.714  -11.002  -11.376  -11.546  -11.767  -12.238  -12.390  -12.517
 651   561014  5.00  -10.084  -11.373  -11.748  -11.918  -12.140  -12.612  -12.764  -12.891
 652   629469  5.00  -10.455  -11.745  -12.120  -12.291  -12.513  -12.985  -13.138  -13.266
 653   706276  5.00  -10.826  -12.116  -12.493  -12.664  -12.886  -13.359  -13.512  -13.640
 654   792455  5.00  -11.198  -12.489  -12.865  -13.037  -13.260  -13.733  -13.887  -14.015
 655   889149  5.00  -11.570  -12.861  -13.238  -13.410  -13.633  -14.108  -14.261  -14.389
 656   997642  5.00  -11.942  -13.234  -13.612  -13.784  -14.007  -14.482  -14.635  -14.764
 657  1119373  5.00  -12.315  -13.607  -13.985  -14.157  -14.381  -14.856  -15.010  -15.138
 658  1255958  5.00  -12.687  -13.980  -14.359  -14.531  -14.755  -15.230  -15.384  -15.513
 659  1409209  5.00  -13.060  -14.353  -14.732  -14.905  -15.129  -15.605  -15.759  -15.888
 660  1581159  5.00  -13.434  -14.727  -15.106  -15.279  -15.503  -15.979  -16.134  -16.262
 661  1774090  5.00  -13.807  -15.101  -15.480  -15.653  -15.878  -16.354  -16.508  -16.637
 662  1990563  5.00  -14.181  -15.475  -15.854  -16.027  -16.252  -16.729  -16.883  -17.012
 663  2233450  5.00  -14.555  -15.849  -16.229  -16.402  -16.627  -17.103  -17.258  -17.387
 664  2505973  5.00  -14.929  -16.223  -16.603  -16.776  -17.001  -17.478  -17.633  -17.762
 665  2811749  5.00  -15.303  -16.597  -16.977  -17.151  -17.376  -17.853  -18.007  -18.136
 666  3154836  5.00  -15.677  -16.971  -17.352  -17.525  -17.750  -18.227  -18.382  -18.511
 667  3539785  5.00  -16.051  -17.346  -17.726  -17.900  -18.125  -18.602  -18.757  -18.886
 668  3971706  5.00  -16.425  -17.720  -18.101  -18.274  -18.500  -18.977  -19.132  -19.261
 669  4456330  5.00  -16.800  -18.095  -18.475  -18.649  -18.874  -19.352  -19.507  -19.636
# BCs for Fluks et al. 1994 M-giant spectra:
#  n     Teff  logg        U        B        V        R        I        J        H        K
   0     3810  0.00   -4.369   -2.834   -1.282   -0.342    0.415    1.633    2.525    2.657
   1     3736  0.00   -4.611   -3.075   -1.505   -0.500    0.388    1.661    2.570    2.711
   2     3666  0.00   -4.867   -3.343   -1.745   -0.681    0.346    1.687    2.614    2.766
   3     3574  0.00   -5.083   -3.741   -2.128   -0.961    0.221    1.725    2.677    2.844
   4     3434  0.00   -5.587   -4.401   -2.825   -1.473   -0.038    1.772    2.757    2.947
   5     3309  0.00   -6.114   -5.373   -3.842   -2.217   -0.437    1.820    2.833    3.047
   6     3126  0.00   -7.073   -6.737   -5.195   -3.221   -1.082    1.873    2.918    3.152
   7     2890  0.00   -7.806   -8.070   -6.411   -3.883   -1.624    1.940    2.966    3.231
   8     2667  0.00   -8.538   -9.000   -7.274   -4.257   -1.890    1.988    2.909    3.266
   9     2500  0.00   -9.278   -9.749   -8.017   -4.612   -2.027    2.018    2.794    3.252
