# BCs for ATLAS9 + DUSTY99 + blackbody spectra:
#  n     Teff  logg        U        B        V        R        I        J        H        K
   0      500  3.50  -999999  -77.837  -59.335  -43.647  -38.637  -19.145   -9.336   -2.422
   1      500  4.00  -999999  -76.555  -58.415  -42.950  -37.962  -18.732   -9.018   -2.268
   2      500  4.50  -999999  -76.196  -57.896  -42.344  -37.347  -18.060   -8.359   -1.889
   3      500  5.00  -999999  -73.695  -55.897  -40.712  -35.755  -17.017   -7.665   -1.584
   4      500  5.50  -999999  -70.464  -53.343  -38.683  -33.785  -15.826   -6.965   -1.313
   5      500  6.00  -999999  -67.210  -50.783  -36.672  -31.841  -14.677   -6.278   -1.085
   6      600  3.50  -999999  -63.454  -48.532  -35.497  -30.796  -14.821   -6.775   -1.009
   7      600  4.00  -999999  -62.710  -47.961  -35.054  -30.370  -14.545   -6.547   -0.871
   8      600  4.50  -999999  -64.586  -49.152  -35.736  -30.989  -14.563   -6.282   -0.669
   9      600  5.00  -999999  -62.654  -47.545  -34.387  -29.675  -13.642   -5.598   -0.322
  10      600  5.50  -999999  -60.239  -45.579  -32.780  -28.119  -12.644   -4.958   -0.048
  11      600  6.00  -79.552  -57.584  -43.481  -31.126  -26.529  -11.680   -4.367    0.149
  12      700  3.50  -71.033  -52.484  -40.133  -29.121  -24.716  -11.375   -4.661    0.184
  13      700  4.00  -70.214  -51.887  -39.676  -28.773  -24.385  -11.168   -4.507    0.265
  14      700  4.50  -72.444  -53.379  -40.660  -29.335  -24.886  -11.168   -4.261    0.466
  15      700  5.00  -71.261  -52.430  -39.831  -28.592  -24.157  -10.590   -3.813    0.677
  16      700  5.50  -68.834  -50.515  -38.199  -27.176  -22.782   -9.650   -3.215    0.919
  17      700  6.00  -65.662  -48.083  -36.215  -25.562  -21.237   -8.724   -2.678    1.104
  18      800  3.50  -57.884  -42.755  -32.487  -23.190  -19.094   -8.066   -2.659    1.212
  19      800  4.00  -58.109  -42.955  -32.672  -23.355  -19.252   -8.160   -2.684    1.255
  20      800  4.50  -59.942  -44.199  -33.517  -23.840  -19.678   -8.234   -2.606    1.331
  21      800  5.00  -58.918  -43.313  -32.693  -23.075  -18.935   -7.712   -2.228    1.518
  22      800  5.50  -57.410  -41.963  -31.471  -22.018  -17.923   -7.085   -1.845    1.647
  23      800  6.00  -54.755  -39.808  -29.713  -20.670  -16.660   -6.400   -1.462    1.758
  24      900  3.50  -46.755  -34.434  -25.974  -18.380  -14.639   -5.755   -1.424    1.787
  25      900  4.00  -46.856  -34.426  -25.910  -18.265  -14.518   -5.619   -1.281    1.918
  26      900  4.50  -48.992  -35.862  -26.916  -18.876  -15.054   -5.799   -1.271    2.001
  27      900  5.00  -46.997  -34.104  -25.390  -17.628  -13.877   -5.075   -0.995    2.095
  28      900  5.50  -47.080  -34.152  -25.420  -17.644  -13.891   -5.079   -0.776    2.221
  29     1000  3.50  -41.164  -30.322  -22.779  -16.086  -12.556   -4.706   -0.824    2.168
  30     1000  4.00  -40.273  -29.604  -22.175  -15.602  -12.105   -4.414   -0.616    2.276
  31     1000  4.50  -40.321  -29.447  -21.947  -15.338  -11.840   -4.189   -0.413    2.407
  32     1000  5.00  -40.387  -29.284  -21.716  -15.079  -11.582   -3.977   -0.218    2.536
  33     1000  5.50  -39.908  -28.817  -21.299  -14.727  -11.249   -3.759   -0.056    2.590
  34     1000  6.00  -38.270  -27.600  -20.342  -14.029  -10.614   -3.397    0.167    2.661
  35     1100  3.50  -35.931  -26.459  -19.731  -13.864  -10.553   -3.645   -0.199    2.523
  36     1100  4.00  -35.535  -26.142  -19.464  -13.648  -10.353   -3.511   -0.095    2.594
  37     1100  4.50  -35.488  -25.982  -19.278  -13.455  -10.163   -3.356    0.052    2.686
  38     1100  5.00  -35.013  -25.456  -18.776  -13.008   -9.738   -3.053    0.289    2.803
  39     1100  5.50  -34.330  -24.799  -18.186  -12.510   -9.272   -2.742    0.517    2.898
  40     1100  6.00  -41.578  -30.736  -23.193  -16.500  -12.970   -5.119   -1.238    1.754
  41     1200  3.50  -31.268  -23.041  -17.003  -11.827   -8.729   -2.623    0.437    2.867
  42     1200  4.00  -31.268  -23.041  -17.003  -11.827   -8.729   -2.623    0.437    2.867
  43     1200  4.50  -31.268  -23.041  -17.003  -11.827   -8.729   -2.623    0.437    2.867
  44     1200  5.00  -31.470  -22.999  -16.874  -11.643   -8.535   -2.440    0.638    3.017
  45     1200  6.00  -29.840  -21.561  -15.629  -10.628   -7.602   -1.838    1.050    3.138
  46     1300  3.50  -27.154  -20.031  -14.588  -10.008   -7.116   -1.709    1.010    3.173
  47     1300  4.00  -27.185  -20.068  -14.623  -10.036   -7.141   -1.722    1.006    3.171
  48     1300  4.50  -27.907  -20.558  -14.993  -10.292   -7.359   -1.832    0.970    3.177
  49     1300  5.00  -27.924  -20.525  -14.939  -10.224   -7.288   -1.771    1.030    3.216
  50     1300  5.50  -27.825  -20.312  -14.714  -10.013   -7.087   -1.628    1.138    3.252
  51     1300  6.00  -31.418  -23.250  -17.241  -12.093   -9.004   -2.927    1.038    3.284
  52     1400  3.50  -23.727  -17.523  -12.580   -8.505   -5.805   -0.965    1.512    3.398
  53     1400  4.00  -23.769  -17.557  -12.608   -8.524   -5.821   -0.981    1.487    3.380
  54     1400  4.50  -24.218  -17.860  -12.828   -8.659   -5.924   -1.028    1.449    3.359
  55     1400  5.00  -24.680  -18.164  -13.056   -8.817   -6.056   -1.089    1.451    3.381
  56     1400  5.50  -24.573  -17.923  -12.813   -8.583   -5.833   -0.937    1.533    3.391
  57     1400  6.00  -24.587  -17.929  -12.816   -8.584   -5.834   -0.937    1.550    3.395
  58     1500  3.50  -21.154  -15.632  -11.045   -7.310   -4.738   -0.192    2.003    3.536
  59     1500  4.00  -21.051  -15.565  -11.008   -7.307   -4.755   -0.267    1.963    3.519
  60     1500  4.50  -21.527  -15.865  -11.223   -7.450   -4.875   -0.374    1.901    3.493
  61     1500  5.00  -21.739  -15.999  -11.322   -7.514   -4.927   -0.426    1.870    3.491
  62     1500  5.50  -21.947  -16.102  -11.392   -7.550   -4.952   -0.457    1.843    3.485
  63     1500  6.00  -21.993  -16.085  -11.374   -7.523   -4.924   -0.453    1.825    3.464
  64     1600  3.50  -19.289  -14.087   -9.720   -6.229   -3.719    0.623    2.351    3.549
  65     1600  4.00  -19.086  -14.036   -9.724   -6.261   -3.772    0.538    2.333    3.546
  66     1600  4.50  -19.175  -14.093   -9.775   -6.322   -3.862    0.403    2.292    3.534
  67     1600  5.00  -19.276  -14.177   -9.852   -6.393   -3.946    0.258    2.238    3.525
  68     1600  5.50  -19.444  -14.266   -9.922   -6.442   -3.997    0.158    2.186    3.516
  69     1600  6.00  -19.585  -14.332   -9.980   -6.480   -4.033    0.079    2.133    3.504
  70     1700  3.50  -17.481  -12.456   -8.506   -5.300   -2.795    1.312    2.579    3.515
  71     1700  4.00  -17.144  -12.072   -8.130   -5.007   -2.565    1.362    2.641    3.543
  72     1700  4.50  -15.931  -11.076   -7.399   -4.452   -2.046    1.732    2.864    3.639
  73     1700  5.00  -17.077  -12.235   -8.269   -5.081   -2.640    1.282    2.689    3.571
  74     1700  5.50  -17.350  -12.632   -8.599   -5.372   -2.967    0.971    2.562    3.532
  75     1700  6.00  -17.526  -12.797   -8.753   -5.542   -3.198    0.710    2.436    3.501
  76     1800  3.50  -15.888  -11.323   -7.784   -4.781   -2.259    1.600    2.624    3.428
  77     1800  4.00  -15.717  -11.107   -7.566   -4.633   -2.157    1.641    2.675    3.437
  78     1800  4.50  -14.792  -10.366   -6.968   -4.190   -1.793    1.829    2.804    3.476
  79     1800  5.00  -14.704  -10.336   -6.951   -4.150   -1.755    1.862    2.873    3.502
  80     1800  5.50  -15.525  -11.046   -7.439   -4.482   -2.094    1.569    2.763    3.453
  81     1800  6.00  -15.630  -11.161   -7.508   -4.513   -2.138    1.506    2.769    3.492
  82     1900  3.50  -13.433   -9.971   -7.013   -4.262   -1.718    1.888    2.688    3.362
  83     1900  4.00  -14.567  -10.283   -7.094   -4.308   -1.783    1.819    2.678    3.344
  84     1900  4.50  -15.605  -10.923   -7.474   -4.561   -2.049    1.623    2.616    3.297
  85     1900  5.00  -14.662  -10.244   -6.953   -4.167   -1.720    1.802    2.752    3.329
  86     1900  5.50  -14.705  -10.477   -7.122   -4.287   -1.883    1.681    2.733    3.291
  87     1900  6.00  -14.657  -10.515   -7.116   -4.290   -1.950    1.573    2.689    3.272
  88     2000  3.50  -11.686   -9.069   -6.597   -4.012   -1.426    2.003    2.684    3.284
  89     2000  4.00  -12.959   -9.328   -6.540   -3.943   -1.391    1.977    2.692    3.275
  90     2000  4.50  -13.759   -9.472   -6.515   -3.889   -1.360    1.972    2.714    3.255
  91     2000  5.00  -14.243   -9.718   -6.647   -3.943   -1.431    1.915    2.726    3.219
  92     2000  5.50  -14.319  -10.137   -6.927   -4.152   -1.702    1.737    2.692    3.171
  93     2000  6.00  -13.858   -9.930   -6.747   -4.043   -1.691    1.686    2.677    3.136
  94     2100  4.00  -11.439   -8.506   -6.076   -3.667   -1.112    2.058    2.681    3.204
  95     2100  5.00  -13.108   -8.773   -6.002   -3.500   -0.981    2.079    2.757    3.178
  96     2100  5.50  -13.873   -9.383   -6.444   -3.768   -1.250    1.908    2.716    3.103
  97     2100  6.00  -13.759   -9.683   -6.647   -3.931   -1.486    1.759    2.658    3.023
  98     2200  3.50   -8.915   -7.345   -5.579   -3.415   -0.890    2.123    2.654    3.143
  99     2200  4.00  -10.005   -7.690   -5.578   -3.373   -0.856    2.110    2.664    3.138
 100     2200  4.50  -11.242   -8.008   -5.630   -3.344   -0.810    2.119    2.691    3.128
 101     2200  5.00  -12.318   -8.239   -5.663   -3.287   -0.763    2.109    2.726    3.115
 102     2200  5.50  -13.104   -8.598   -5.900   -3.380   -0.855    2.040    2.738    3.063
 103     2200  6.00  -13.227   -8.736   -6.015   -3.416   -0.908    1.985    2.727    2.978
 104     2300  3.50   -7.944   -6.653   -5.071   -3.087   -0.654    2.133    2.628    3.082
 105     2300  4.00   -8.895   -6.987   -5.084   -3.058   -0.621    2.122    2.640    3.081
 106     2300  4.50  -10.098   -7.366   -5.193   -3.071   -0.595    2.127    2.663    3.072
 107     2300  5.00  -11.397   -7.702   -5.294   -3.053   -0.567    2.111    2.691    3.059
 108     2300  5.50  -12.347   -7.970   -5.450   -3.077   -0.578    2.089    2.724    3.024
 109     2300  6.00  -12.604   -8.087   -5.533   -3.069   -0.579    2.070    2.747    2.957
 110     2400  3.50   -7.187   -6.065   -4.578   -2.745   -0.433    2.124    2.598    3.025
 111     2400  4.00   -7.975   -6.355   -4.599   -2.729   -0.405    2.114    2.610    3.026
 112     2400  4.50   -9.030   -6.726   -4.726   -2.771   -0.387    2.125    2.634    3.017
 113     2400  5.50  -11.371   -7.361   -4.991   -2.776   -0.334    2.117    2.708    2.988
 114     2400  6.00  -12.075   -7.607   -5.172   -2.818   -0.368    2.083    2.724    2.925
 115     2500  3.50   -6.668   -5.611   -4.142   -2.423   -0.247    2.090    2.558    2.968
 116     2500  4.00   -7.276   -5.823   -4.145   -2.405   -0.213    2.087    2.574    2.973
 117     2500  4.50   -8.174   -6.166   -4.290   -2.476   -0.204    2.103    2.599    2.965
 118     2500  5.00   -9.277   -6.499   -4.401   -2.481   -0.166    2.109    2.635    2.966
 119     2500  5.50  -10.490   -6.843   -4.581   -2.509   -0.154    2.103    2.670    2.950
 120     2500  6.00  -11.349   -7.104   -4.773   -2.548   -0.169    2.088    2.702    2.903
 121     2600  3.50   -6.257   -5.230   -3.763   -2.139   -0.093    2.052    2.518    2.912
 122     2600  4.00   -6.736   -5.380   -3.745   -2.113   -0.054    2.048    2.535    2.919
 123     2600  4.50   -7.483   -5.674   -3.883   -2.191   -0.044    2.069    2.561    2.915
 124     2600  5.00   -8.381   -5.955   -3.968   -2.198   -0.006    2.080    2.598    2.919
 125     2600  5.50   -9.530   -6.299   -4.143   -2.233    0.012    2.082    2.636    2.912
 126     2600  6.00  -10.529   -6.622   -4.372   -2.290   -0.004    2.069    2.667    2.878
 127     2700  3.50   -5.926   -4.917   -3.458   -1.914    0.020    2.012    2.478    2.855
 128     2700  4.00   -6.284   -4.997   -3.396   -1.858    0.075    2.008    2.496    2.866
 129     2700  4.50   -6.891   -5.230   -3.508   -1.928    0.094    2.032    2.525    2.865
 130     2700  5.00   -7.636   -5.470   -3.572   -1.933    0.128    2.041    2.557    2.872
 131     2700  5.50   -8.637   -5.787   -3.724   -1.970    0.151    2.049    2.597    2.873
 132     2700  6.00   -9.673   -6.123   -3.951   -2.028    0.146    2.045    2.632    2.852
 133     2800  5.00   -6.978   -5.016   -3.197   -1.679    0.249    2.005    2.523    2.830
 134     2800  5.50   -7.843   -5.309   -3.332   -1.722    0.265    2.011    2.557    2.831
 135     2900  5.00   -6.438   -4.636   -2.882   -1.465    0.336    1.963    2.483    2.782
 136     2900  5.50   -7.146   -4.871   -2.974   -1.492    0.358    1.971    2.518    2.789
 137     3000  5.00   -5.971   -4.299   -2.603   -1.276    0.406    1.923    2.447    2.735
 138     3000  5.50   -6.551   -4.486   -2.662   -1.290    0.431    1.931    2.479    2.745
 139     3100  5.00   -5.564   -3.997   -2.357   -1.107    0.465    1.888    2.414    2.692
 140     3100  5.50   -6.027   -4.144   -2.386   -1.104    0.489    1.891    2.439    2.701
 141     3200  5.00   -5.209   -3.726   -2.137   -0.955    0.516    1.856    2.388    2.654
 142     3200  5.50   -5.569   -3.837   -2.139   -0.936    0.538    1.854    2.403    2.660
 143     3300  5.00   -4.905   -3.487   -1.944   -0.819    0.560    1.827    2.368    2.622
 144     3300  5.50   -5.179   -3.566   -1.924   -0.786    0.580    1.821    2.371    2.620
 145     3400  5.00   -4.651   -3.277   -1.774   -0.699    0.596    1.799    2.353    2.595
 146     3400  5.50   -4.848   -3.329   -1.738   -0.654    0.615    1.791    2.341    2.584
 147     3500  5.00   -4.402   -3.079   -1.606   -0.575    0.620    1.762    2.327    2.566
 148     3500  5.50   -4.532   -3.107   -1.564   -0.527    0.641    1.756    2.309    2.547
 149     3600  5.00   -4.233   -2.920   -1.473   -0.477    0.645    1.734    2.314    2.541
 150     3600  5.50   -4.305   -2.928   -1.424   -0.425    0.664    1.726    2.283    2.514
 151     3700  5.00   -4.100   -2.782   -1.355   -0.389    0.662    1.704    2.298    2.513
 152     3700  5.50   -4.118   -2.772   -1.301   -0.333    0.683    1.696    2.257    2.480
 153     3800  5.00   -3.992   -2.658   -1.247   -0.307    0.675    1.673    2.284    2.483
 154     3800  5.50   -3.960   -2.633   -1.190   -0.249    0.697    1.666    2.231    2.445
 155     3500  0.00   -6.216   -4.089   -2.357   -1.176    0.265    1.786    2.631    2.864
 156     3500  0.50   -5.909   -4.071   -2.474   -1.274    0.231    1.789    2.658    2.878
 157     3500  1.00   -5.598   -4.034   -2.572   -1.353    0.202    1.796    2.679    2.886
 158     3500  1.50   -5.285   -3.976   -2.647   -1.411    0.178    1.806    2.696    2.889
 159     3500  2.00   -4.971   -3.888   -2.687   -1.441    0.170    1.818    2.708    2.884
 160     3500  2.50   -4.664   -3.767   -2.684   -1.438    0.182    1.834    2.711    2.871
 161     3500  3.00   -4.383   -3.616   -2.627   -1.395    0.224    1.853    2.702    2.843
 162     3500  3.50   -4.137   -3.436   -2.505   -1.303    0.300    1.875    2.672    2.798
 163     3500  4.00   -3.927   -3.242   -2.325   -1.164    0.404    1.896    2.612    2.731
 164     3500  4.50   -3.748   -3.051   -2.105   -0.988    0.522    1.906    2.518    2.647
 165     3500  5.00   -3.649   -2.908   -1.886   -0.806    0.618    1.896    2.418    2.571
 166     3750  0.00   -5.852   -3.275   -1.422   -0.440    0.501    1.710    2.461    2.660
 167     3750  0.50   -5.551   -3.237   -1.469   -0.490    0.493    1.705    2.488    2.677
 168     3750  1.00   -5.261   -3.192   -1.519   -0.542    0.487    1.703    2.509    2.689
 169     3750  1.50   -4.973   -3.135   -1.567   -0.594    0.481    1.704    2.527    2.697
 170     3750  2.00   -4.696   -3.074   -1.614   -0.644    0.475    1.708    2.544    2.702
 171     3750  2.50   -4.430   -3.009   -1.659   -0.690    0.471    1.714    2.557    2.705
 172     3750  3.00   -4.194   -2.952   -1.699   -0.727    0.471    1.725    2.565    2.702
 173     3750  3.50   -3.992   -2.890   -1.719   -0.744    0.482    1.739    2.565    2.691
 174     3750  4.00   -3.824   -2.821   -1.705   -0.729    0.511    1.758    2.544    2.664
 175     3750  4.50   -3.669   -2.732   -1.633   -0.659    0.567    1.772    2.490    2.613
 176     3750  5.00   -3.534   -2.634   -1.519   -0.551    0.635    1.776    2.407    2.545
 177     4000  0.00   -5.350   -2.721   -0.953   -0.098    0.609    1.652    2.304    2.470
 178     4000  0.50   -5.072   -2.684   -0.972   -0.118    0.603    1.643    2.329    2.486
 179     4000  1.00   -4.803   -2.645   -0.994   -0.139    0.599    1.635    2.349    2.498
 180     4000  1.50   -4.538   -2.590   -1.012   -0.160    0.596    1.627    2.365    2.508
 181     4000  2.00   -4.289   -2.534   -1.032   -0.183    0.593    1.622    2.380    2.515
 182     4000  2.50   -4.064   -2.479   -1.054   -0.209    0.591    1.619    2.393    2.521
 183     4000  3.00   -3.872   -2.438   -1.084   -0.240    0.592    1.622    2.404    2.526
 184     4000  3.50   -3.720   -2.408   -1.118   -0.270    0.595    1.629    2.414    2.528
 185     4000  4.00   -3.601   -2.386   -1.147   -0.293    0.605    1.639    2.415    2.525
 186     4000  4.50   -3.499   -2.365   -1.157   -0.294    0.627    1.653    2.396    2.506
 187     4000  5.00   -3.393   -2.331   -1.126   -0.251    0.665    1.658    2.342    2.465
 188     4250  0.00   -4.622   -2.293   -0.657    0.094    0.678    1.596    2.158    2.294
 189     4250  0.50   -4.404   -2.260   -0.670    0.080    0.673    1.588    2.179    2.308
 190     4250  1.00   -4.176   -2.224   -0.684    0.067    0.669    1.579    2.196    2.320
 191     4250  1.50   -3.952   -2.179   -0.695    0.056    0.665    1.570    2.210    2.329
 192     4250  2.00   -3.737   -2.128   -0.705    0.045    0.660    1.561    2.222    2.337
 193     4250  2.50   -3.560   -2.083   -0.716    0.036    0.656    1.552    2.234    2.342
 194     4250  3.00   -3.417   -2.047   -0.732    0.023    0.654    1.547    2.245    2.348
 195     4250  3.50   -3.318   -2.030   -0.754    0.009    0.655    1.547    2.255    2.354
 196     4250  4.00   -3.251   -2.023   -0.779   -0.006    0.658    1.550    2.263    2.358
 197     4250  4.50   -3.204   -2.024   -0.804   -0.019    0.668    1.557    2.264    2.358
 198     4250  5.00   -3.154   -2.027   -0.818   -0.017    0.688    1.565    2.244    2.344
 199     4500  0.00   -3.872   -1.951   -0.454    0.222    0.725    1.531    2.021    2.131
 200     4500  0.50   -3.715   -1.920   -0.461    0.210    0.720    1.525    2.037    2.143
 201     4500  1.00   -3.550   -1.891   -0.471    0.199    0.717    1.519    2.051    2.153
 202     4500  1.50   -3.377   -1.859   -0.482    0.188    0.713    1.512    2.062    2.162
 203     4500  2.00   -3.208   -1.817   -0.489    0.179    0.708    1.504    2.072    2.168
 204     4500  2.50   -3.060   -1.777   -0.498    0.172    0.703    1.495    2.081    2.174
 205     4500  3.00   -2.955   -1.746   -0.509    0.166    0.699    1.488    2.091    2.179
 206     4500  3.50   -2.882   -1.728   -0.525    0.159    0.698    1.483    2.100    2.185
 207     4500  4.00   -2.844   -1.723   -0.544    0.153    0.699    1.483    2.108    2.191
 208     4500  4.50   -2.833   -1.728   -0.565    0.148    0.703    1.485    2.115    2.196
 209     4500  5.00   -2.834   -1.743   -0.587    0.144    0.711    1.489    2.116    2.197
 210     4750  0.00   -3.239   -1.665   -0.307    0.310    0.756    1.459    1.890    1.979
 211     4750  0.50   -3.111   -1.635   -0.311    0.300    0.750    1.454    1.903    1.989
 212     4750  1.00   -2.986   -1.611   -0.318    0.290    0.747    1.450    1.914    1.998
 213     4750  1.50   -2.859   -1.586   -0.326    0.280    0.743    1.445    1.922    2.004
 214     4750  2.00   -2.730   -1.557   -0.333    0.271    0.739    1.439    1.929    2.010
 215     4750  2.50   -2.612   -1.525   -0.339    0.263    0.733    1.432    1.936    2.015
 216     4750  3.00   -2.524   -1.498   -0.346    0.257    0.728    1.425    1.943    2.019
 217     4750  3.50   -2.464   -1.478   -0.357    0.252    0.725    1.419    1.951    2.024
 218     4750  4.00   -2.434   -1.469   -0.371    0.248    0.725    1.417    1.959    2.030
 219     4750  4.50   -2.433   -1.471   -0.389    0.246    0.727    1.417    1.967    2.035
 220     4750  5.00   -2.452   -1.482   -0.408    0.245    0.731    1.419    1.973    2.041
 221     5000  0.00   -2.727   -1.412   -0.195    0.367    0.773    1.382    1.760    1.832
 222     5000  0.50   -2.606   -1.385   -0.199    0.358    0.766    1.377    1.773    1.843
 223     5000  1.00   -2.493   -1.363   -0.204    0.349    0.761    1.373    1.782    1.850
 224     5000  1.50   -2.386   -1.344   -0.211    0.340    0.757    1.369    1.789    1.856
 225     5000  2.00   -2.284   -1.324   -0.217    0.332    0.752    1.365    1.794    1.860
 226     5000  2.50   -2.193   -1.303   -0.222    0.324    0.747    1.360    1.799    1.864
 227     5000  3.00   -2.119   -1.283   -0.227    0.317    0.741    1.354    1.804    1.868
 228     5000  3.50   -2.070   -1.267   -0.234    0.312    0.737    1.350    1.810    1.872
 229     5000  4.00   -2.043   -1.257   -0.243    0.308    0.735    1.347    1.817    1.876
 230     5000  4.50   -2.038   -1.254   -0.256    0.307    0.736    1.346    1.823    1.882
 231     5000  5.00   -2.056   -1.258   -0.270    0.307    0.738    1.347    1.830    1.888
 232     5250  0.00   -2.292   -1.177   -0.102    0.402    0.772    1.300    1.626    1.690
 233     5250  0.50   -2.183   -1.159   -0.109    0.393    0.765    1.297    1.641    1.701
 234     5250  1.00   -2.078   -1.142   -0.115    0.384    0.760    1.293    1.651    1.709
 235     5250  1.50   -1.982   -1.128   -0.122    0.376    0.755    1.290    1.657    1.714
 236     5250  2.00   -1.893   -1.115   -0.129    0.368    0.750    1.286    1.662    1.718
 237     5250  2.50   -1.817   -1.103   -0.135    0.361    0.745    1.282    1.667    1.721
 238     5250  3.00   -1.756   -1.092   -0.140    0.354    0.740    1.277    1.671    1.724
 239     5250  3.50   -1.715   -1.083   -0.145    0.350    0.736    1.274    1.675    1.727
 240     5250  4.00   -1.693   -1.077   -0.151    0.346    0.734    1.272    1.681    1.731
 241     5250  4.50   -1.689   -1.074   -0.158    0.345    0.733    1.271    1.686    1.736
 242     5250  5.00   -1.704   -1.076   -0.168    0.345    0.734    1.272    1.692    1.741
 243     5500  0.00   -1.896   -0.956   -0.024    0.420    0.752    1.212    1.488    1.550
 244     5500  0.50   -1.812   -0.950   -0.033    0.411    0.748    1.212    1.507    1.563
 245     5500  1.00   -1.725   -0.942   -0.042    0.403    0.743    1.210    1.519    1.572
 246     5500  1.50   -1.640   -0.935   -0.051    0.395    0.739    1.207    1.527    1.578
 247     5500  2.00   -1.562   -0.929   -0.059    0.388    0.735    1.203    1.532    1.582
 248     5500  2.50   -1.495   -0.923   -0.067    0.380    0.730    1.200    1.537    1.585
 249     5500  3.00   -1.440   -0.920   -0.073    0.374    0.726    1.197    1.541    1.587
 250     5500  3.50   -1.403   -0.918   -0.079    0.369    0.722    1.194    1.545    1.590
 251     5500  4.00   -1.382   -0.918   -0.084    0.366    0.720    1.192    1.550    1.593
 252     5500  4.50   -1.378   -0.919   -0.089    0.365    0.719    1.192    1.555    1.597
 253     5500  5.00   -1.391   -0.923   -0.094    0.366    0.720    1.193    1.560    1.601
 254     5750  0.00   -1.529   -0.749    0.041    0.423    0.717    1.117    1.347    1.408
 255     5750  0.50   -1.482   -0.757    0.029    0.417    0.715    1.122    1.371    1.426
 256     5750  1.00   -1.418   -0.760    0.018    0.410    0.713    1.123    1.386    1.437
 257     5750  1.50   -1.349   -0.761    0.008    0.402    0.710    1.121    1.396    1.444
 258     5750  2.00   -1.284   -0.763   -0.002    0.395    0.707    1.119    1.403    1.449
 259     5750  2.50   -1.225   -0.765   -0.012    0.388    0.704    1.116    1.409    1.453
 260     5750  3.00   -1.175   -0.768   -0.021    0.381    0.700    1.114    1.414    1.455
 261     5750  3.50   -1.138   -0.772   -0.028    0.376    0.698    1.112    1.419    1.458
 262     5750  4.00   -1.115   -0.777   -0.034    0.373    0.696    1.110    1.423    1.460
 263     5750  4.50   -1.107   -0.783   -0.039    0.372    0.695    1.110    1.428    1.463
 264     5750  5.00   -1.116   -0.790   -0.043    0.373    0.697    1.111    1.433    1.467
 265     6000  0.00   -1.198   -0.558    0.089    0.411    0.668    1.014    1.205    1.262
 266     6000  0.50   -1.190   -0.582    0.078    0.410    0.671    1.026    1.234    1.286
 267     6000  1.00   -1.152   -0.596    0.066    0.406    0.673    1.031    1.253    1.301
 268     6000  1.50   -1.102   -0.606    0.055    0.400    0.672    1.033    1.266    1.311
 269     6000  2.00   -1.050   -0.615    0.043    0.394    0.671    1.033    1.275    1.318
 270     6000  2.50   -1.000   -0.624    0.032    0.387    0.669    1.031    1.283    1.323
 271     6000  3.00   -0.956   -0.634    0.022    0.380    0.667    1.029    1.289    1.326
 272     6000  3.50   -0.920   -0.644    0.012    0.375    0.665    1.028    1.294    1.329
 273     6000  4.00   -0.893   -0.654    0.004    0.371    0.664    1.027    1.300    1.332
 274     6000  4.50   -0.881   -0.665   -0.002    0.369    0.664    1.027    1.305    1.335
 275     6000  5.00   -0.881   -0.675   -0.006    0.370    0.665    1.028    1.310    1.338
 276     6250  0.50   -0.934   -0.420    0.112    0.391    0.617    0.925    1.098    1.145
 277     6250  1.00   -0.926   -0.448    0.103    0.392    0.624    0.936    1.121    1.165
 278     6250  1.50   -0.896   -0.468    0.092    0.390    0.627    0.942    1.137    1.178
 279     6250  2.00   -0.856   -0.484    0.079    0.385    0.628    0.944    1.149    1.187
 280     6250  2.50   -0.815   -0.500    0.067    0.379    0.628    0.944    1.158    1.194
 281     6250  3.00   -0.776   -0.516    0.055    0.373    0.627    0.944    1.166    1.199
 282     6250  3.50   -0.742   -0.532    0.044    0.367    0.626    0.943    1.173    1.203
 283     6250  4.00   -0.714   -0.548    0.034    0.363    0.626    0.943    1.179    1.206
 284     6250  4.50   -0.695   -0.562    0.026    0.360    0.626    0.943    1.185    1.210
 285     6250  5.00   -0.688   -0.576    0.020    0.360    0.628    0.944    1.190    1.213
 286     6500  0.50   -0.720   -0.285    0.137    0.365    0.558    0.823    0.967    1.009
 287     6500  1.00   -0.730   -0.310    0.127    0.368    0.566    0.837    0.991    1.030
 288     6500  1.50   -0.723   -0.342    0.119    0.371    0.574    0.848    1.010    1.047
 289     6500  2.00   -0.698   -0.367    0.107    0.370    0.579    0.854    1.024    1.059
 290     6500  2.50   -0.666   -0.389    0.094    0.366    0.582    0.857    1.035    1.068
 291     6500  3.00   -0.632   -0.411    0.081    0.360    0.583    0.858    1.045    1.075
 292     6500  3.50   -0.599   -0.433    0.068    0.354    0.583    0.858    1.053    1.080
 293     6500  4.00   -0.571   -0.454    0.056    0.349    0.583    0.858    1.060    1.084
 294     6500  4.50   -0.548   -0.474    0.046    0.345    0.584    0.858    1.067    1.088
 295     6500  5.00   -0.533   -0.492    0.038    0.344    0.586    0.859    1.074    1.092
 296     6750  0.50   -0.536   -0.175    0.152    0.336    0.498    0.722    0.841    0.877
 297     6750  1.00   -0.561   -0.196    0.143    0.339    0.506    0.739    0.865    0.900
 298     6750  1.50   -0.571   -0.224    0.135    0.343    0.515    0.751    0.885    0.918
 299     6750  2.00   -0.566   -0.261    0.127    0.348    0.525    0.762    0.902    0.933
 300     6750  2.50   -0.546   -0.292    0.115    0.347    0.531    0.768    0.915    0.944
 301     6750  3.00   -0.518   -0.320    0.101    0.343    0.534    0.771    0.926    0.953
 302     6750  3.50   -0.488   -0.346    0.086    0.337    0.536    0.772    0.936    0.960
 303     6750  4.00   -0.459   -0.373    0.072    0.331    0.537    0.773    0.945    0.965
 304     6750  4.50   -0.432   -0.398    0.060    0.327    0.539    0.774    0.953    0.970
 305     6750  5.00   -0.411   -0.420    0.049    0.324    0.541    0.775    0.960    0.974
 306     7000  0.50   -0.378   -0.089    0.158    0.304    0.439    0.625    0.722    0.753
 307     7000  1.00   -0.415   -0.104    0.151    0.307    0.445    0.642    0.746    0.775
 308     7000  1.50   -0.440   -0.128    0.145    0.312    0.454    0.656    0.765    0.793
 309     7000  2.00   -0.451   -0.162    0.138    0.317    0.464    0.667    0.782    0.809
 310     7000  2.50   -0.446   -0.204    0.129    0.322    0.475    0.678    0.797    0.823
 311     7000  3.00   -0.428   -0.239    0.116    0.321    0.482    0.684    0.810    0.834
 312     7000  3.50   -0.403   -0.271    0.100    0.316    0.486    0.687    0.821    0.842
 313     7000  4.00   -0.375   -0.303    0.085    0.310    0.488    0.688    0.831    0.849
 314     7000  4.50   -0.346   -0.332    0.069    0.305    0.490    0.689    0.840    0.855
 315     7000  5.00   -0.320   -0.359    0.057    0.300    0.493    0.690    0.849    0.860
 316     7250  0.50   -0.251   -0.036    0.159    0.275    0.386    0.534    0.614    0.638
 317     7250  1.00   -0.286   -0.033    0.152    0.273    0.386    0.549    0.633    0.657
 318     7250  1.50   -0.324   -0.053    0.147    0.279    0.394    0.563    0.651    0.675
 319     7250  2.00   -0.348   -0.081    0.141    0.284    0.402    0.575    0.666    0.690
 320     7250  2.50   -0.360   -0.121    0.134    0.290    0.414    0.586    0.682    0.705
 321     7250  3.00   -0.355   -0.167    0.124    0.294    0.425    0.595    0.696    0.718
 322     7250  3.50   -0.337   -0.206    0.109    0.292    0.432    0.601    0.709    0.728
 323     7250  4.00   -0.313   -0.242    0.093    0.286    0.436    0.604    0.719    0.736
 324     7250  4.50   -0.284   -0.277    0.075    0.280    0.439    0.605    0.730    0.742
 325     7250  5.00   -0.254   -0.308    0.060    0.274    0.442    0.607    0.740    0.748
 326     7500  0.50   -0.159   -0.041    0.148    0.257    0.350    0.457    0.521    0.537
 327     7500  1.00   -0.174    0.016    0.144    0.238    0.329    0.459    0.527    0.545
 328     7500  1.50   -0.218    0.004    0.142    0.243    0.334    0.473    0.543    0.561
 329     7500  2.00   -0.257   -0.021    0.139    0.249    0.342    0.485    0.557    0.576
 330     7500  2.50   -0.282   -0.054    0.133    0.253    0.351    0.495    0.570    0.590
 331     7500  3.00   -0.292   -0.099    0.124    0.259    0.363    0.505    0.585    0.604
 332     7500  3.50   -0.284   -0.148    0.113    0.262    0.375    0.514    0.599    0.616
 333     7500  4.00   -0.266   -0.191    0.096    0.259    0.382    0.519    0.611    0.625
 334     7500  4.50   -0.239   -0.230    0.078    0.253    0.386    0.522    0.622    0.633
 335     7500  5.00   -0.208   -0.266    0.060    0.246    0.390    0.523    0.633    0.639
 336     7750  1.00   -0.084    0.035    0.129    0.204    0.277    0.375    0.430    0.442
 337     7750  1.50   -0.126    0.042    0.129    0.205    0.275    0.385    0.440    0.454
 338     7750  2.00   -0.173    0.022    0.128    0.211    0.282    0.397    0.453    0.468
 339     7750  2.50   -0.210   -0.007    0.125    0.217    0.291    0.407    0.465    0.481
 340     7750  3.00   -0.234   -0.045    0.118    0.221    0.300    0.416    0.477    0.493
 341     7750  3.50   -0.240   -0.095    0.109    0.226    0.313    0.426    0.491    0.506
 342     7750  4.00   -0.229   -0.146    0.095    0.227    0.324    0.434    0.504    0.517
 343     7750  4.50   -0.208   -0.191    0.077    0.223    0.331    0.438    0.517    0.526
 344     7750  5.00   -0.178   -0.232    0.057    0.216    0.336    0.440    0.529    0.533
 345     8000  1.00   -0.015    0.020    0.101    0.170    0.232    0.297    0.341    0.347
 346     8000  1.50   -0.046    0.059    0.108    0.165    0.220    0.301    0.345    0.353
 347     8000  2.00   -0.095    0.049    0.109    0.170    0.224    0.312    0.355    0.365
 348     8000  2.50   -0.142    0.023    0.109    0.177    0.232    0.322    0.365    0.377
 349     8000  3.00   -0.178   -0.011    0.104    0.182    0.240    0.331    0.376    0.389
 350     8000  3.50   -0.199   -0.053    0.097    0.185    0.249    0.339    0.387    0.400
 351     8000  4.00   -0.199   -0.107    0.087    0.190    0.262    0.348    0.400    0.411
 352     8000  4.50   -0.184   -0.158    0.071    0.189    0.273    0.355    0.414    0.421
 353     8000  5.00   -0.158   -0.204    0.051    0.183    0.279    0.358    0.426    0.429
 354     8250  1.00    0.038   -0.028    0.053    0.128    0.188    0.222    0.260    0.260
 355     8250  1.50    0.014    0.054    0.078    0.123    0.166    0.220    0.254    0.257
 356     8250  2.00   -0.031    0.059    0.083    0.126    0.165    0.228    0.260    0.266
 357     8250  2.50   -0.082    0.040    0.085    0.133    0.171    0.238    0.269    0.277
 358     8250  3.00   -0.127    0.009    0.084    0.139    0.179    0.247    0.278    0.288
 359     8250  3.50   -0.157   -0.029    0.079    0.144    0.188    0.255    0.288    0.299
 360     8250  4.00   -0.172   -0.075    0.070    0.147    0.199    0.262    0.299    0.309
 361     8250  4.50   -0.166   -0.131    0.059    0.150    0.212    0.271    0.313    0.319
 362     8250  5.00   -0.145   -0.182    0.041    0.148    0.222    0.276    0.326    0.328
 363     8500  1.50    0.058    0.029    0.040    0.079    0.114    0.143    0.169    0.166
 364     8500  2.00    0.020    0.052    0.049    0.080    0.107    0.147    0.171    0.171
 365     8500  2.50   -0.030    0.042    0.053    0.085    0.110    0.155    0.177    0.180
 366     8500  3.00   -0.078    0.017    0.055    0.092    0.117    0.164    0.185    0.191
 367     8500  3.50   -0.118   -0.017    0.054    0.098    0.126    0.172    0.193    0.201
 368     8500  4.00   -0.144   -0.059    0.048    0.102    0.136    0.179    0.203    0.210
 369     8500  4.50   -0.152   -0.110    0.039    0.106    0.147    0.186    0.214    0.220
 370     8500  5.00   -0.136   -0.165    0.027    0.108    0.161    0.194    0.229    0.229
 371     8750  1.50    0.089   -0.008   -0.006    0.032    0.061    0.067    0.088    0.080
 372     8750  2.00    0.056    0.031    0.010    0.032    0.050    0.068    0.085    0.080
 373     8750  2.50    0.010    0.031    0.016    0.035    0.049    0.074    0.088    0.087
 374     8750  3.00   -0.039    0.012    0.019    0.042    0.055    0.082    0.094    0.096
 375     8750  3.50   -0.084   -0.018    0.020    0.049    0.063    0.090    0.102    0.106
 376     8750  4.00   -0.118   -0.056    0.019    0.055    0.073    0.097    0.110    0.115
 377     8750  4.50   -0.136   -0.101    0.013    0.058    0.083    0.103    0.120    0.124
 378     8750  5.00   -0.131   -0.153    0.004    0.062    0.097    0.111    0.133    0.133
 379     9000  1.50    0.112   -0.052   -0.055   -0.017    0.008   -0.007    0.009   -0.003
 380     9000  2.00    0.078    0.000   -0.034   -0.017   -0.006   -0.008    0.003   -0.007
 381     9000  2.50    0.036    0.008   -0.027   -0.016   -0.011   -0.005    0.003   -0.003
 382     9000  3.00   -0.012   -0.004   -0.022   -0.011   -0.008    0.001    0.007    0.005
 383     9000  3.50   -0.058   -0.029   -0.020   -0.004   -0.001    0.008    0.013    0.013
 384     9000  4.00   -0.095   -0.063   -0.018    0.003    0.008    0.015    0.021    0.022
 385     9000  4.50   -0.120   -0.103   -0.020    0.008    0.019    0.022    0.030    0.031
 386     9000  5.00   -0.127   -0.151   -0.027    0.012    0.031    0.028    0.040    0.039
 387     9250  2.00    0.094   -0.036   -0.080   -0.066   -0.061   -0.081   -0.076   -0.090
 388     9250  2.50    0.053   -0.022   -0.072   -0.067   -0.069   -0.081   -0.079   -0.089
 389     9250  3.00    0.006   -0.030   -0.068   -0.065   -0.070   -0.078   -0.078   -0.084
 390     9250  3.50   -0.040   -0.051   -0.065   -0.060   -0.066   -0.072   -0.074   -0.077
 391     9250  4.00   -0.080   -0.080   -0.062   -0.053   -0.057   -0.066   -0.067   -0.068
 392     9250  4.50   -0.109   -0.117   -0.060   -0.046   -0.047   -0.059   -0.059   -0.060
 393     9250  5.00   -0.123   -0.160   -0.063   -0.040   -0.035   -0.052   -0.049   -0.052
 394     9500  2.00    0.106   -0.076   -0.127   -0.115   -0.115   -0.153   -0.152   -0.170
 395     9500  2.50    0.063   -0.057   -0.118   -0.118   -0.126   -0.155   -0.158   -0.173
 396     9500  3.00    0.017   -0.061   -0.114   -0.118   -0.131   -0.154   -0.160   -0.170
 397     9500  3.50   -0.031   -0.079   -0.112   -0.115   -0.130   -0.151   -0.158   -0.164
 398     9500  4.00   -0.072   -0.105   -0.109   -0.109   -0.123   -0.145   -0.153   -0.157
 399     9500  4.50   -0.105   -0.139   -0.106   -0.102   -0.113   -0.139   -0.145   -0.149
 400     9500  5.00   -0.123   -0.178   -0.105   -0.095   -0.101   -0.132   -0.136   -0.141
 401     9750  2.00    0.115   -0.118   -0.175   -0.165   -0.169   -0.222   -0.226   -0.247
 402     9750  2.50    0.070   -0.095   -0.165   -0.168   -0.182   -0.226   -0.234   -0.253
 403     9750  3.00    0.022   -0.096   -0.162   -0.170   -0.190   -0.228   -0.238   -0.253
 404     9750  3.50   -0.026   -0.111   -0.160   -0.170   -0.192   -0.227   -0.239   -0.249
 405     9750  4.00   -0.070   -0.136   -0.158   -0.166   -0.188   -0.223   -0.236   -0.243
 406     9750  4.50   -0.104   -0.167   -0.155   -0.160   -0.179   -0.218   -0.230   -0.236
 407     9750  5.00   -0.125   -0.203   -0.152   -0.153   -0.167   -0.211   -0.221   -0.228
 408    10000  2.00    0.121   -0.160   -0.223   -0.214   -0.223   -0.291   -0.298   -0.321
 409    10000  2.50    0.074   -0.134   -0.212   -0.218   -0.237   -0.296   -0.307   -0.329
 410    10000  3.00    0.025   -0.133   -0.210   -0.222   -0.247   -0.300   -0.314   -0.332
 411    10000  3.50   -0.024   -0.147   -0.209   -0.224   -0.252   -0.301   -0.317   -0.331
 412    10000  4.00   -0.070   -0.169   -0.208   -0.223   -0.251   -0.299   -0.316   -0.327
 413    10000  4.50   -0.108   -0.199   -0.205   -0.218   -0.245   -0.295   -0.312   -0.321
 414    10000  5.00   -0.133   -0.233   -0.202   -0.211   -0.234   -0.289   -0.304   -0.314
 415    10250  2.00    0.123   -0.203   -0.272   -0.264   -0.277   -0.358   -0.369   -0.394
 416    10250  2.50    0.076   -0.175   -0.260   -0.267   -0.291   -0.363   -0.379   -0.404
 417    10250  3.00    0.026   -0.173   -0.257   -0.273   -0.303   -0.369   -0.387   -0.409
 418    10250  3.50   -0.025   -0.184   -0.258   -0.277   -0.310   -0.372   -0.392   -0.410
 419    10250  4.00   -0.072   -0.205   -0.258   -0.278   -0.312   -0.373   -0.394   -0.408
 420    10250  4.50   -0.113   -0.233   -0.256   -0.275   -0.308   -0.370   -0.391   -0.404
 421    10250  5.00   -0.142   -0.267   -0.253   -0.270   -0.300   -0.366   -0.385   -0.397
 422    10500  2.00    0.122   -0.247   -0.320   -0.315   -0.331   -0.424   -0.438   -0.465
 423    10500  2.50    0.075   -0.217   -0.307   -0.317   -0.344   -0.429   -0.449   -0.476
 424    10500  3.00    0.025   -0.213   -0.305   -0.323   -0.357   -0.436   -0.458   -0.483
 425    10500  3.50   -0.027   -0.223   -0.306   -0.329   -0.367   -0.441   -0.465   -0.487
 426    10500  4.00   -0.076   -0.243   -0.307   -0.332   -0.371   -0.444   -0.469   -0.487
 427    10500  4.50   -0.119   -0.270   -0.307   -0.331   -0.370   -0.443   -0.468   -0.484
 428    10500  5.00   -0.152   -0.302   -0.304   -0.327   -0.364   -0.440   -0.464   -0.478
 429    10750  2.00    0.118   -0.291   -0.369   -0.366   -0.386   -0.490   -0.507   -0.536
 430    10750  2.50    0.072   -0.259   -0.355   -0.366   -0.398   -0.495   -0.517   -0.546
 431    10750  3.00    0.021   -0.254   -0.352   -0.373   -0.411   -0.502   -0.528   -0.555
 432    10750  3.50   -0.031   -0.263   -0.354   -0.379   -0.422   -0.509   -0.536   -0.560
 433    10750  4.00   -0.081   -0.282   -0.356   -0.384   -0.429   -0.513   -0.541   -0.563
 434    10750  4.50   -0.127   -0.308   -0.357   -0.386   -0.430   -0.514   -0.543   -0.561
 435    10750  5.00   -0.163   -0.339   -0.356   -0.384   -0.426   -0.513   -0.540   -0.558
 436    11000  2.00    0.109   -0.336   -0.418   -0.418   -0.441   -0.556   -0.576   -0.606
 437    11000  2.50    0.066   -0.302   -0.403   -0.416   -0.451   -0.559   -0.584   -0.616
 438    11000  3.00    0.016   -0.296   -0.400   -0.422   -0.464   -0.566   -0.595   -0.625
 439    11000  3.50   -0.036   -0.304   -0.402   -0.430   -0.476   -0.574   -0.605   -0.632
 440    11000  4.00   -0.087   -0.322   -0.405   -0.436   -0.485   -0.580   -0.612   -0.636
 441    11000  4.50   -0.134   -0.346   -0.407   -0.439   -0.489   -0.583   -0.615   -0.636
 442    11000  5.00   -0.173   -0.377   -0.407   -0.439   -0.487   -0.583   -0.614   -0.634
 443    11250  2.00    0.098   -0.381   -0.468   -0.469   -0.496   -0.621   -0.643   -0.675
 444    11250  2.50    0.057   -0.345   -0.451   -0.466   -0.505   -0.623   -0.651   -0.684
 445    11250  3.00    0.008   -0.338   -0.447   -0.472   -0.517   -0.630   -0.661   -0.693
 446    11250  3.50   -0.043   -0.345   -0.449   -0.479   -0.530   -0.638   -0.672   -0.701
 447    11250  4.00   -0.094   -0.362   -0.453   -0.487   -0.540   -0.645   -0.680   -0.707
 448    11250  4.50   -0.142   -0.386   -0.456   -0.492   -0.545   -0.650   -0.685   -0.709
 449    11250  5.00   -0.184   -0.415   -0.457   -0.493   -0.545   -0.652   -0.686   -0.708
 450    11500  2.00    0.084   -0.425   -0.516   -0.521   -0.551   -0.685   -0.710   -0.743
 451    11500  2.50    0.045   -0.388   -0.498   -0.516   -0.558   -0.686   -0.716   -0.751
 452    11500  3.00   -0.002   -0.380   -0.495   -0.521   -0.570   -0.692   -0.727   -0.761
 453    11500  3.50   -0.052   -0.386   -0.497   -0.529   -0.583   -0.701   -0.737   -0.769
 454    11500  4.00   -0.103   -0.403   -0.501   -0.537   -0.593   -0.708   -0.746   -0.776
 455    11500  4.50   -0.151   -0.426   -0.504   -0.543   -0.600   -0.714   -0.753   -0.780
 456    11500  5.00   -0.194   -0.454   -0.506   -0.546   -0.603   -0.718   -0.755   -0.781
 457    11750  2.00    0.069   -0.470   -0.565   -0.572   -0.606   -0.748   -0.775   -0.811
 458    11750  2.50    0.032   -0.431   -0.546   -0.567   -0.612   -0.748   -0.781   -0.818
 459    11750  3.00   -0.013   -0.422   -0.542   -0.570   -0.623   -0.754   -0.791   -0.827
 460    11750  3.50   -0.062   -0.428   -0.544   -0.578   -0.635   -0.762   -0.802   -0.836
 461    11750  4.00   -0.113   -0.443   -0.548   -0.586   -0.646   -0.771   -0.811   -0.843
 462    11750  4.50   -0.161   -0.466   -0.552   -0.593   -0.654   -0.778   -0.819   -0.848
 463    11750  5.00   -0.205   -0.494   -0.555   -0.598   -0.658   -0.782   -0.822   -0.850
 464    12000  2.50    0.016   -0.474   -0.594   -0.616   -0.665   -0.810   -0.845   -0.884
 465    12000  3.00   -0.027   -0.464   -0.589   -0.620   -0.675   -0.815   -0.854   -0.892
 466    12000  3.50   -0.074   -0.469   -0.590   -0.626   -0.687   -0.823   -0.865   -0.901
 467    12000  4.00   -0.124   -0.484   -0.594   -0.635   -0.698   -0.831   -0.875   -0.909
 468    12000  4.50   -0.172   -0.506   -0.599   -0.642   -0.707   -0.839   -0.883   -0.915
 469    12000  5.00   -0.217   -0.534   -0.603   -0.648   -0.712   -0.845   -0.888   -0.918
 470    12250  2.50   -0.001   -0.517   -0.641   -0.666   -0.718   -0.870   -0.909   -0.948
 471    12250  3.00   -0.042   -0.506   -0.636   -0.669   -0.727   -0.875   -0.917   -0.956
 472    12250  3.50   -0.088   -0.511   -0.637   -0.675   -0.738   -0.883   -0.927   -0.965
 473    12250  4.00   -0.136   -0.525   -0.641   -0.683   -0.749   -0.891   -0.937   -0.973
 474    12250  4.50   -0.184   -0.546   -0.646   -0.691   -0.759   -0.900   -0.946   -0.980
 475    12250  5.00   -0.229   -0.573   -0.650   -0.698   -0.765   -0.907   -0.952   -0.985
 476    12500  2.50   -0.020   -0.560   -0.687   -0.715   -0.770   -0.930   -0.971   -1.012
 477    12500  3.00   -0.060   -0.548   -0.682   -0.717   -0.779   -0.935   -0.979   -1.020
 478    12500  3.50   -0.103   -0.552   -0.683   -0.723   -0.789   -0.942   -0.988   -1.028
 479    12500  4.00   -0.149   -0.566   -0.687   -0.731   -0.800   -0.950   -0.998   -1.036
 480    12500  4.50   -0.196   -0.586   -0.692   -0.739   -0.810   -0.959   -1.007   -1.043
 481    12500  5.00   -0.241   -0.613   -0.697   -0.747   -0.817   -0.966   -1.014   -1.049
 482    12750  2.50   -0.039   -0.602   -0.734   -0.764   -0.822   -0.989   -1.032   -1.075
 483    12750  3.00   -0.078   -0.590   -0.728   -0.766   -0.830   -0.994   -1.040   -1.082
 484    12750  3.50   -0.120   -0.593   -0.729   -0.771   -0.840   -1.000   -1.049   -1.090
 485    12750  4.00   -0.164   -0.606   -0.732   -0.778   -0.850   -1.008   -1.058   -1.098
 486    12750  4.50   -0.210   -0.626   -0.737   -0.786   -0.860   -1.017   -1.067   -1.105
 487    12750  5.00   -0.254   -0.653   -0.743   -0.794   -0.868   -1.025   -1.075   -1.112
 488    13000  2.50   -0.059   -0.644   -0.779   -0.812   -0.873   -1.047   -1.092   -1.137
 489    13000  3.00   -0.097   -0.632   -0.774   -0.814   -0.881   -1.052   -1.100   -1.144
 490    13000  3.50   -0.138   -0.634   -0.774   -0.819   -0.891   -1.058   -1.108   -1.151
 491    13000  4.00   -0.180   -0.646   -0.777   -0.826   -0.900   -1.065   -1.117   -1.159
 492    13000  4.50   -0.224   -0.666   -0.782   -0.833   -0.910   -1.074   -1.126   -1.166
 493    13000  5.00   -0.268   -0.692   -0.788   -0.842   -0.918   -1.082   -1.134   -1.173
 494    14000  2.00   -0.102   -0.856   -0.976   -1.003   -1.063   -1.269   -1.315   -1.363
 495    14000  2.50   -0.143   -0.808   -0.956   -0.997   -1.069   -1.270   -1.322   -1.372
 496    14000  3.00   -0.181   -0.794   -0.951   -1.000   -1.078   -1.275   -1.330   -1.380
 497    14000  3.50   -0.218   -0.795   -0.952   -1.005   -1.087   -1.280   -1.338   -1.387
 498    14000  4.00   -0.254   -0.805   -0.954   -1.010   -1.095   -1.287   -1.346   -1.393
 499    14000  4.50   -0.292   -0.822   -0.958   -1.017   -1.103   -1.293   -1.354   -1.400
 500    14000  5.00   -0.332   -0.847   -0.964   -1.025   -1.111   -1.302   -1.361   -1.407
 501    15000  2.50   -0.228   -0.963   -1.121   -1.172   -1.254   -1.477   -1.536   -1.592
 502    15000  3.00   -0.269   -0.950   -1.119   -1.177   -1.265   -1.484   -1.546   -1.601
 503    15000  3.50   -0.305   -0.949   -1.120   -1.182   -1.274   -1.490   -1.555   -1.609
 504    15000  4.00   -0.338   -0.956   -1.122   -1.187   -1.282   -1.496   -1.562   -1.614
 505    15000  4.50   -0.371   -0.972   -1.125   -1.192   -1.288   -1.502   -1.568   -1.620
 506    15000  5.00   -0.407   -0.997   -1.132   -1.200   -1.295   -1.509   -1.575   -1.626
 507    16000  2.50   -0.310   -1.107   -1.275   -1.333   -1.426   -1.669   -1.735   -1.796
 508    16000  3.00   -0.358   -1.097   -1.277   -1.343   -1.441   -1.679   -1.748   -1.808
 509    16000  3.50   -0.394   -1.097   -1.279   -1.349   -1.451   -1.687   -1.757   -1.817
 510    16000  4.00   -0.425   -1.102   -1.281   -1.354   -1.458   -1.693   -1.765   -1.823
 511    16000  4.50   -0.455   -1.116   -1.284   -1.359   -1.465   -1.698   -1.770   -1.828
 512    16000  5.00   -0.489   -1.140   -1.291   -1.367   -1.471   -1.705   -1.777   -1.833
 513    17000  2.50   -0.387   -1.243   -1.417   -1.482   -1.583   -1.846   -1.919   -1.986
 514    17000  3.00   -0.444   -1.236   -1.426   -1.499   -1.606   -1.862   -1.937   -2.002
 515    17000  3.50   -0.482   -1.237   -1.430   -1.507   -1.617   -1.871   -1.948   -2.012
 516    17000  4.00   -0.511   -1.241   -1.431   -1.512   -1.625   -1.877   -1.955   -2.018
 517    17000  4.50   -0.539   -1.251   -1.433   -1.516   -1.630   -1.883   -1.961   -2.023
 518    17000  5.00   -0.571   -1.275   -1.440   -1.524   -1.637   -1.889   -1.967   -2.028
 519    18000  2.50   -0.457   -1.372   -1.549   -1.618   -1.726   -2.006   -2.087   -2.159
 520    18000  3.00   -0.526   -1.367   -1.564   -1.644   -1.759   -2.032   -2.114   -2.184
 521    18000  3.50   -0.568   -1.370   -1.571   -1.656   -1.774   -2.044   -2.127   -2.195
 522    18000  4.00   -0.596   -1.374   -1.573   -1.660   -1.782   -2.051   -2.134   -2.202
 523    18000  4.50   -0.621   -1.382   -1.574   -1.664   -1.787   -2.056   -2.140   -2.207
 524    18000  5.00   -0.650   -1.403   -1.581   -1.671   -1.793   -2.063   -2.146   -2.212
 525    19000  2.50   -0.522   -1.495   -1.674   -1.744   -1.855   -2.150   -2.236   -2.314
 526    19000  3.00   -0.602   -1.489   -1.692   -1.777   -1.900   -2.190   -2.277   -2.352
 527    19000  3.50   -0.652   -1.497   -1.705   -1.795   -1.921   -2.207   -2.295   -2.368
 528    19000  4.00   -0.680   -1.501   -1.708   -1.801   -1.930   -2.214   -2.303   -2.375
 529    19000  4.50   -0.701   -1.508   -1.708   -1.803   -1.934   -2.219   -2.308   -2.380
 530    19000  5.00   -0.727   -1.525   -1.713   -1.810   -1.940   -2.225   -2.314   -2.385
 531    20000  3.00   -0.672   -1.604   -1.811   -1.900   -2.029   -2.333   -2.427   -2.507
 532    20000  3.50   -0.731   -1.617   -1.831   -1.926   -2.059   -2.358   -2.452   -2.530
 533    20000  4.00   -0.762   -1.624   -1.837   -1.935   -2.070   -2.368   -2.462   -2.539
 534    20000  4.50   -0.781   -1.629   -1.837   -1.937   -2.073   -2.372   -2.467   -2.544
 535    20000  5.00   -0.802   -1.643   -1.840   -1.941   -2.077   -2.377   -2.471   -2.548
 536    21000  3.00   -0.739   -1.712   -1.923   -2.015   -2.148   -2.465   -2.564   -2.649
 537    21000  3.50   -0.806   -1.730   -1.949   -2.048   -2.186   -2.500   -2.598   -2.681
 538    21000  4.00   -0.843   -1.741   -1.960   -2.062   -2.202   -2.513   -2.612   -2.693
 539    21000  4.50   -0.862   -1.747   -1.961   -2.065   -2.206   -2.517   -2.617   -2.698
 540    21000  5.00   -0.878   -1.758   -1.962   -2.066   -2.208   -2.520   -2.620   -2.701
 541    22000  3.00   -0.807   -1.816   -2.031   -2.126   -2.262   -2.590   -2.691   -2.780
 542    22000  3.50   -0.878   -1.836   -2.060   -2.163   -2.306   -2.631   -2.734   -2.821
 543    22000  4.00   -0.921   -1.853   -2.077   -2.183   -2.327   -2.650   -2.753   -2.839
 544    22000  4.50   -0.943   -1.861   -2.081   -2.188   -2.333   -2.656   -2.759   -2.844
 545    22000  5.00   -0.957   -1.871   -2.082   -2.189   -2.334   -2.658   -2.761   -2.846
 546    23000  3.00   -0.876   -1.915   -2.135   -2.234   -2.374   -2.711   -2.815   -2.906
 547    23000  3.50   -0.947   -1.937   -2.166   -2.272   -2.418   -2.754   -2.861   -2.951
 548    23000  4.00   -0.997   -1.959   -2.188   -2.297   -2.446   -2.779   -2.886   -2.975
 549    23000  4.50   -1.023   -1.971   -2.196   -2.306   -2.456   -2.788   -2.895   -2.984
 550    23000  5.00   -1.038   -1.981   -2.198   -2.309   -2.458   -2.791   -2.897   -2.985
 551    24000  3.00   -0.943   -2.008   -2.233   -2.336   -2.480   -2.827   -2.934   -3.027
 552    24000  3.50   -1.016   -2.033   -2.267   -2.377   -2.527   -2.872   -2.982   -3.075
 553    24000  4.00   -1.070   -2.059   -2.293   -2.405   -2.558   -2.901   -3.011   -3.104
 554    24000  4.50   -1.101   -2.076   -2.306   -2.419   -2.573   -2.915   -3.025   -3.117
 555    24000  5.00   -1.119   -2.088   -2.310   -2.424   -2.577   -2.919   -3.028   -3.120
 556    25000  3.00   -1.006   -2.096   -2.325   -2.430   -2.577   -2.934   -3.044   -3.140
 557    25000  3.50   -1.083   -2.123   -2.364   -2.477   -2.632   -2.986   -3.099   -3.195
 558    25000  4.00   -1.140   -2.154   -2.393   -2.509   -2.665   -3.017   -3.130   -3.226
 559    25000  4.50   -1.177   -2.175   -2.410   -2.527   -2.684   -3.034   -3.148   -3.243
 560    25000  5.00   -1.198   -2.190   -2.417   -2.535   -2.692   -3.042   -3.154   -3.249
 561    26000  3.00   -1.071   -2.186   -2.416   -2.519   -2.666   -3.029   -3.141   -3.240
 562    26000  3.50   -1.146   -2.207   -2.453   -2.572   -2.731   -3.094   -3.210   -3.309
 563    26000  4.00   -1.208   -2.243   -2.488   -2.608   -2.768   -3.128   -3.244   -3.342
 564    26000  4.50   -1.249   -2.268   -2.509   -2.629   -2.790   -3.149   -3.265   -3.362
 565    26000  5.00   -1.273   -2.286   -2.520   -2.640   -2.801   -3.159   -3.274   -3.372
 566    27000  3.50   -1.203   -2.284   -2.536   -2.658   -2.823   -3.195   -3.314   -3.416
 567    27000  4.00   -1.272   -2.325   -2.577   -2.701   -2.866   -3.234   -3.354   -3.454
 568    27000  4.50   -1.317   -2.355   -2.602   -2.726   -2.891   -3.257   -3.376   -3.476
 569    27000  5.00   -1.345   -2.377   -2.616   -2.740   -2.905   -3.271   -3.388   -3.488
 570    28000  3.50   -1.258   -2.357   -2.614   -2.739   -2.907   -3.286   -3.409   -3.514
 571    28000  4.00   -1.330   -2.401   -2.659   -2.787   -2.957   -3.334   -3.457   -3.560
 572    28000  4.50   -1.380   -2.436   -2.689   -2.817   -2.986   -3.361   -3.482   -3.585
 573    28000  5.00   -1.412   -2.462   -2.707   -2.835   -3.003   -3.376   -3.497   -3.599
 574    29000  3.50   -1.315   -2.431   -2.692   -2.818   -2.987   -3.372   -3.497   -3.605
 575    29000  4.00   -1.383   -2.471   -2.735   -2.868   -3.042   -3.427   -3.552   -3.658
 576    29000  4.50   -1.438   -2.511   -2.770   -2.902   -3.076   -3.458   -3.582   -3.687
 577    29000  5.00   -1.475   -2.540   -2.792   -2.923   -3.096   -3.476   -3.600   -3.704
 578    30000  3.50   -1.379   -2.509   -2.773   -2.898   -3.067   -3.456   -3.582   -3.691
 579    30000  4.00   -1.436   -2.539   -2.809   -2.944   -3.121   -3.513   -3.641   -3.749
 580    30000  4.50   -1.492   -2.580   -2.845   -2.981   -3.159   -3.548   -3.676   -3.783
 581    30000  5.00   -1.532   -2.613   -2.870   -3.006   -3.182   -3.570   -3.696   -3.803
 582    31000  3.50   -1.452   -2.593   -2.860   -2.983   -3.151   -3.540   -3.667   -3.776
 583    31000  4.00   -1.490   -2.607   -2.882   -3.018   -3.197   -3.594   -3.725   -3.835
 584    31000  4.50   -1.543   -2.646   -2.917   -3.056   -3.237   -3.633   -3.763   -3.872
 585    31000  5.00   -1.585   -2.681   -2.944   -3.083   -3.263   -3.658   -3.786   -3.895
 586    32000  4.00   -1.550   -2.678   -2.957   -3.094   -3.274   -3.674   -3.806   -3.918
 587    32000  4.50   -1.595   -2.711   -2.987   -3.129   -3.312   -3.713   -3.845   -3.956
 588    32000  5.00   -1.637   -2.746   -3.015   -3.157   -3.340   -3.741   -3.871   -3.982
 589    33000  4.00   -1.614   -2.752   -3.035   -3.172   -3.352   -3.754   -3.887   -4.000
 590    33000  4.50   -1.651   -2.778   -3.059   -3.201   -3.386   -3.792   -3.925   -4.038
 591    33000  5.00   -1.688   -2.809   -3.084   -3.228   -3.413   -3.819   -3.951   -4.064
 592    34000  4.00   -1.683   -2.829   -3.115   -3.252   -3.432   -3.834   -3.967   -4.081
 593    34000  4.50   -1.710   -2.846   -3.132   -3.275   -3.461   -3.869   -4.003   -4.118
 594    34000  5.00   -1.743   -2.874   -3.154   -3.299   -3.486   -3.896   -4.030   -4.143
 595    35000  4.00   -1.756   -2.908   -3.198   -3.335   -3.514   -3.916   -4.049   -4.163
 596    35000  4.50   -1.774   -2.917   -3.207   -3.351   -3.536   -3.946   -4.081   -4.196
 597    35000  5.00   -1.800   -2.940   -3.225   -3.372   -3.559   -3.972   -4.106   -4.221
 598    36000  4.00   -1.832   -2.989   -3.282   -3.419   -3.598   -4.000   -4.132   -4.246
 599    36000  4.50   -1.841   -2.991   -3.284   -3.429   -3.613   -4.023   -4.159   -4.275
 600    36000  5.00   -1.861   -3.008   -3.297   -3.445   -3.632   -4.047   -4.182   -4.298
 601    37000  4.00   -1.908   -3.069   -3.366   -3.503   -3.682   -4.085   -4.217   -4.331
 602    37000  4.50   -1.911   -3.066   -3.363   -3.508   -3.693   -4.102   -4.238   -4.353
 603    37000  5.00   -1.925   -3.078   -3.371   -3.520   -3.707   -4.122   -4.258   -4.374
 604    38000  4.00   -1.984   -3.149   -3.448   -3.587   -3.766   -4.169   -4.302   -4.416
 605    38000  4.50   -1.983   -3.142   -3.443   -3.588   -3.773   -4.182   -4.318   -4.434
 606    38000  5.00   -1.993   -3.150   -3.447   -3.596   -3.783   -4.198   -4.334   -4.451
 607    39000  4.00   -2.059   -3.227   -3.529   -3.668   -3.849   -4.253   -4.385   -4.500
 608    39000  4.50   -2.056   -3.217   -3.523   -3.669   -3.854   -4.263   -4.399   -4.515
 609    39000  5.00   -2.062   -3.223   -3.524   -3.673   -3.861   -4.275   -4.411   -4.528
 610    40000  4.50   -2.128   -3.293   -3.601   -3.748   -3.934   -4.344   -4.480   -4.597
 611    40000  5.00   -2.132   -3.296   -3.601   -3.751   -3.939   -4.353   -4.489   -4.607
 612    41000  4.50   -2.199   -3.367   -3.678   -3.826   -4.012   -4.424   -4.560   -4.677
 613    41000  5.00   -2.203   -3.369   -3.678   -3.829   -4.017   -4.431   -4.568   -4.686
 614    42000  4.50   -2.268   -3.439   -3.753   -3.902   -4.089   -4.502   -4.639   -4.757
 615    42000  5.00   -2.272   -3.442   -3.754   -3.905   -4.094   -4.509   -4.646   -4.764
 616    43000  4.50   -2.336   -3.510   -3.826   -3.975   -4.164   -4.578   -4.715   -4.834
 617    43000  5.00   -2.340   -3.512   -3.828   -3.980   -4.169   -4.585   -4.723   -4.842
 618    44000  4.50   -2.402   -3.579   -3.898   -4.047   -4.237   -4.651   -4.790   -4.909
 619    44000  5.00   -2.407   -3.582   -3.900   -4.053   -4.243   -4.660   -4.798   -4.918
 620    45000  4.50   -2.467   -3.647   -3.967   -4.117   -4.307   -4.724   -4.863   -4.982
 621    45000  5.00   -2.473   -3.650   -3.970   -4.124   -4.315   -4.733   -4.872   -4.992
 622    46000  4.50   -2.531   -3.713   -4.036   -4.186   -4.377   -4.794   -4.934   -5.054
 623    46000  5.00   -2.537   -3.716   -4.039   -4.193   -4.385   -4.804   -4.944   -5.064
 624    47000  4.50   -2.594   -3.779   -4.103   -4.253   -4.445   -4.864   -5.004   -5.124
 625    47000  5.00   -2.599   -3.782   -4.106   -4.261   -4.454   -4.874   -5.014   -5.135
 626    48000  4.50   -2.655   -3.843   -4.168   -4.319   -4.511   -4.932   -5.072   -5.193
 627    48000  5.00   -2.661   -3.846   -4.172   -4.327   -4.520   -4.942   -5.082   -5.204
 628    49000  4.50   -2.716   -3.906   -4.232   -4.383   -4.577   -4.999   -5.140   -5.262
 629    49000  5.00   -2.722   -3.909   -4.236   -4.392   -4.586   -5.009   -5.150   -5.272
 630    50000  5.00   -2.781   -3.970   -4.300   -4.456   -4.651   -5.075   -5.216   -5.339
 631    56101  5.00   -2.963   -4.181   -4.490   -4.622   -4.802   -5.216   -5.342   -5.449
 632    62946  5.00   -3.290   -4.518   -4.835   -4.972   -5.157   -5.579   -5.708   -5.817
 633    70627  5.00   -3.623   -4.859   -5.183   -5.325   -5.514   -5.942   -6.074   -6.186
 634    79245  5.00   -3.961   -5.204   -5.534   -5.680   -5.873   -6.307   -6.442   -6.555
 635    88914  5.00   -4.303   -5.552   -5.889   -6.037   -6.235   -6.673   -6.810   -6.926
 636    99763  5.00   -4.649   -5.903   -6.245   -6.397   -6.597   -7.040   -7.179   -7.296
 637   111936  5.00   -4.998   -6.257   -6.604   -6.758   -6.961   -7.408   -7.549   -7.667
 638   125595  5.00   -5.351   -6.614   -6.964   -7.120   -7.326   -7.777   -7.919   -8.039
 639   140920  5.00   -5.706   -6.972   -7.326   -7.484   -7.693   -8.146   -8.290   -8.411
 640   158115  5.00   -6.063   -7.333   -7.690   -7.850   -8.060   -8.516   -8.661   -8.783
 641   177407  5.00   -6.422   -7.695   -8.054   -8.216   -8.428   -8.887   -9.033   -9.155
 642   199055  5.00   -6.783   -8.058   -8.420   -8.583   -8.797   -9.258   -9.405   -9.528
 643   223343  5.00   -7.145   -8.423   -8.787   -8.952   -9.167   -9.629   -9.777   -9.901
 644   250595  5.00   -7.509   -8.789   -9.155   -9.321   -9.537  -10.001  -10.150  -10.274
 645   281172  5.00   -7.874   -9.156   -9.524   -9.690   -9.907  -10.373  -10.523  -10.648
 646   315481  5.00   -8.241   -9.524   -9.893  -10.060  -10.279  -10.746  -10.896  -11.021
 647   353975  5.00   -8.608   -9.892  -10.263  -10.431  -10.650  -11.118  -11.269  -11.395
 648   397167  5.00   -8.976  -10.262  -10.634  -10.802  -11.022  -11.491  -11.643  -11.769
 649   445629  5.00   -9.345  -10.632  -11.005  -11.174  -11.394  -11.865  -12.016  -12.143
 650   500004  5.00   -9.714  -11.002  -11.376  -11.546  -11.767  -12.238  -12.390  -12.517
 651   561014  5.00  -10.084  -11.373  -11.748  -11.918  -12.140  -12.612  -12.764  -12.891
 652   629469  5.00  -10.455  -11.745  -12.120  -12.291  -12.513  -12.985  -13.138  -13.266
 653   706276  5.00  -10.826  -12.116  -12.493  -12.664  -12.886  -13.359  -13.512  -13.640
 654   792455  5.00  -11.198  -12.489  -12.865  -13.037  -13.260  -13.733  -13.887  -14.015
 655   889149  5.00  -11.570  -12.861  -13.238  -13.410  -13.633  -14.108  -14.261  -14.389
 656   997642  5.00  -11.942  -13.234  -13.612  -13.784  -14.007  -14.482  -14.635  -14.764
 657  1119373  5.00  -12.315  -13.607  -13.985  -14.157  -14.381  -14.856  -15.010  -15.138
 658  1255958  5.00  -12.687  -13.980  -14.359  -14.531  -14.755  -15.230  -15.384  -15.513
 659  1409209  5.00  -13.060  -14.353  -14.732  -14.905  -15.129  -15.605  -15.759  -15.888
 660  1581159  5.00  -13.434  -14.727  -15.106  -15.279  -15.503  -15.979  -16.134  -16.262
 661  1774090  5.00  -13.807  -15.101  -15.480  -15.653  -15.878  -16.354  -16.508  -16.637
 662  1990563  5.00  -14.181  -15.475  -15.854  -16.027  -16.252  -16.729  -16.883  -17.012
 663  2233450  5.00  -14.555  -15.849  -16.229  -16.402  -16.627  -17.103  -17.258  -17.387
 664  2505973  5.00  -14.929  -16.223  -16.603  -16.776  -17.001  -17.478  -17.633  -17.762
 665  2811749  5.00  -15.303  -16.597  -16.977  -17.151  -17.376  -17.853  -18.007  -18.136
 666  3154836  5.00  -15.677  -16.971  -17.352  -17.525  -17.750  -18.227  -18.382  -18.511
 667  3539785  5.00  -16.051  -17.346  -17.726  -17.900  -18.125  -18.602  -18.757  -18.886
 668  3971706  5.00  -16.425  -17.720  -18.101  -18.274  -18.500  -18.977  -19.132  -19.261
 669  4456330  5.00  -16.800  -18.095  -18.475  -18.649  -18.874  -19.352  -19.507  -19.636
# BCs for Fluks et al. 1994 M-giant spectra:
#  n     Teff  logg        U        B        V        R        I        J        H        K
   0     3810  0.00   -4.369   -2.834   -1.282   -0.342    0.415    1.633    2.525    2.657
   1     3736  0.00   -4.611   -3.075   -1.505   -0.500    0.388    1.661    2.570    2.711
   2     3666  0.00   -4.867   -3.343   -1.745   -0.681    0.346    1.687    2.614    2.766
   3     3574  0.00   -5.083   -3.741   -2.128   -0.961    0.221    1.725    2.677    2.844
   4     3434  0.00   -5.587   -4.401   -2.825   -1.473   -0.038    1.772    2.757    2.947
   5     3309  0.00   -6.114   -5.373   -3.842   -2.217   -0.437    1.820    2.833    3.047
   6     3126  0.00   -7.073   -6.737   -5.195   -3.221   -1.082    1.873    2.918    3.152
   7     2890  0.00   -7.806   -8.070   -6.411   -3.883   -1.624    1.940    2.966    3.231
   8     2667  0.00   -8.538   -9.000   -7.274   -4.257   -1.890    1.988    2.909    3.266
   9     2500  0.00   -9.278   -9.749   -8.017   -4.612   -2.027    2.018    2.794    3.252
