# BCs for ATLAS9 + DUSTY99 + blackbody spectra:
#  n     Teff  logg        U        B        V        R        I        J        H        K
   0      500  3.50  -999999  -77.837  -59.335  -43.647  -38.637  -19.145   -9.336   -2.422
   1      500  4.00  -999999  -76.555  -58.415  -42.950  -37.962  -18.732   -9.018   -2.268
   2      500  4.50  -999999  -76.196  -57.896  -42.344  -37.347  -18.060   -8.359   -1.889
   3      500  5.00  -999999  -73.695  -55.897  -40.712  -35.755  -17.017   -7.665   -1.584
   4      500  5.50  -999999  -70.464  -53.343  -38.683  -33.785  -15.826   -6.965   -1.313
   5      500  6.00  -999999  -67.210  -50.783  -36.672  -31.841  -14.677   -6.278   -1.085
   6      600  3.50  -999999  -63.454  -48.532  -35.497  -30.796  -14.821   -6.775   -1.009
   7      600  4.00  -999999  -62.710  -47.961  -35.054  -30.370  -14.545   -6.547   -0.871
   8      600  4.50  -999999  -64.586  -49.152  -35.736  -30.989  -14.563   -6.282   -0.669
   9      600  5.00  -999999  -62.654  -47.545  -34.387  -29.675  -13.642   -5.598   -0.322
  10      600  5.50  -999999  -60.239  -45.579  -32.780  -28.119  -12.644   -4.958   -0.048
  11      600  6.00  -79.552  -57.584  -43.481  -31.126  -26.529  -11.680   -4.367    0.149
  12      700  3.50  -71.033  -52.484  -40.133  -29.121  -24.716  -11.375   -4.661    0.184
  13      700  4.00  -70.214  -51.887  -39.676  -28.773  -24.385  -11.168   -4.507    0.265
  14      700  4.50  -72.444  -53.379  -40.660  -29.335  -24.886  -11.168   -4.261    0.466
  15      700  5.00  -71.261  -52.430  -39.831  -28.592  -24.157  -10.590   -3.813    0.677
  16      700  5.50  -68.834  -50.515  -38.199  -27.176  -22.782   -9.650   -3.215    0.919
  17      700  6.00  -65.662  -48.083  -36.215  -25.562  -21.237   -8.724   -2.678    1.104
  18      800  3.50  -57.884  -42.755  -32.487  -23.190  -19.094   -8.066   -2.659    1.212
  19      800  4.00  -58.109  -42.955  -32.672  -23.355  -19.252   -8.160   -2.684    1.255
  20      800  4.50  -59.942  -44.199  -33.517  -23.840  -19.678   -8.234   -2.606    1.331
  21      800  5.00  -58.918  -43.313  -32.693  -23.075  -18.935   -7.712   -2.228    1.518
  22      800  5.50  -57.410  -41.963  -31.471  -22.018  -17.923   -7.085   -1.845    1.647
  23      800  6.00  -54.755  -39.808  -29.713  -20.670  -16.660   -6.400   -1.462    1.758
  24      900  3.50  -46.755  -34.434  -25.974  -18.380  -14.639   -5.755   -1.424    1.787
  25      900  4.00  -46.856  -34.426  -25.910  -18.265  -14.518   -5.619   -1.281    1.918
  26      900  4.50  -48.992  -35.862  -26.916  -18.876  -15.054   -5.799   -1.271    2.001
  27      900  5.00  -46.997  -34.104  -25.390  -17.628  -13.877   -5.075   -0.995    2.095
  28      900  5.50  -47.080  -34.152  -25.420  -17.644  -13.891   -5.079   -0.776    2.221
  29     1000  3.50  -41.164  -30.322  -22.779  -16.086  -12.556   -4.706   -0.824    2.168
  30     1000  4.00  -40.273  -29.604  -22.175  -15.602  -12.105   -4.414   -0.616    2.276
  31     1000  4.50  -40.321  -29.447  -21.947  -15.338  -11.840   -4.189   -0.413    2.407
  32     1000  5.00  -40.387  -29.284  -21.716  -15.079  -11.582   -3.977   -0.218    2.536
  33     1000  5.50  -39.908  -28.817  -21.299  -14.727  -11.249   -3.759   -0.056    2.590
  34     1000  6.00  -38.270  -27.600  -20.342  -14.029  -10.614   -3.397    0.167    2.661
  35     1100  3.50  -35.931  -26.459  -19.731  -13.864  -10.553   -3.645   -0.199    2.523
  36     1100  4.00  -35.535  -26.142  -19.464  -13.648  -10.353   -3.511   -0.095    2.594
  37     1100  4.50  -35.488  -25.982  -19.278  -13.455  -10.163   -3.356    0.052    2.686
  38     1100  5.00  -35.013  -25.456  -18.776  -13.008   -9.738   -3.053    0.289    2.803
  39     1100  5.50  -34.330  -24.799  -18.186  -12.510   -9.272   -2.742    0.517    2.898
  40     1100  6.00  -41.578  -30.736  -23.193  -16.500  -12.970   -5.119   -1.238    1.754
  41     1200  3.50  -31.268  -23.041  -17.003  -11.827   -8.729   -2.623    0.437    2.867
  42     1200  4.00  -31.268  -23.041  -17.003  -11.827   -8.729   -2.623    0.437    2.867
  43     1200  4.50  -31.268  -23.041  -17.003  -11.827   -8.729   -2.623    0.437    2.867
  44     1200  5.00  -31.470  -22.999  -16.874  -11.643   -8.535   -2.440    0.638    3.017
  45     1200  6.00  -29.840  -21.561  -15.629  -10.628   -7.602   -1.838    1.050    3.138
  46     1300  3.50  -27.154  -20.031  -14.588  -10.008   -7.116   -1.709    1.010    3.173
  47     1300  4.00  -27.185  -20.068  -14.623  -10.036   -7.141   -1.722    1.006    3.171
  48     1300  4.50  -27.907  -20.558  -14.993  -10.292   -7.359   -1.832    0.970    3.177
  49     1300  5.00  -27.924  -20.525  -14.939  -10.224   -7.288   -1.771    1.030    3.216
  50     1300  5.50  -27.825  -20.312  -14.714  -10.013   -7.087   -1.628    1.138    3.252
  51     1300  6.00  -31.418  -23.250  -17.241  -12.093   -9.004   -2.927    1.038    3.284
  52     1400  3.50  -23.727  -17.523  -12.580   -8.505   -5.805   -0.965    1.512    3.398
  53     1400  4.00  -23.769  -17.557  -12.608   -8.524   -5.821   -0.981    1.487    3.380
  54     1400  4.50  -24.218  -17.860  -12.828   -8.659   -5.924   -1.028    1.449    3.359
  55     1400  5.00  -24.680  -18.164  -13.056   -8.817   -6.056   -1.089    1.451    3.381
  56     1400  5.50  -24.573  -17.923  -12.813   -8.583   -5.833   -0.937    1.533    3.391
  57     1400  6.00  -24.587  -17.929  -12.816   -8.584   -5.834   -0.937    1.550    3.395
  58     1500  3.50  -21.154  -15.632  -11.045   -7.310   -4.738   -0.192    2.003    3.536
  59     1500  4.00  -21.051  -15.565  -11.008   -7.307   -4.755   -0.267    1.963    3.519
  60     1500  4.50  -21.527  -15.865  -11.223   -7.450   -4.875   -0.374    1.901    3.493
  61     1500  5.00  -21.739  -15.999  -11.322   -7.514   -4.927   -0.426    1.870    3.491
  62     1500  5.50  -21.947  -16.102  -11.392   -7.550   -4.952   -0.457    1.843    3.485
  63     1500  6.00  -21.993  -16.085  -11.374   -7.523   -4.924   -0.453    1.825    3.464
  64     1600  3.50  -19.289  -14.087   -9.720   -6.229   -3.719    0.623    2.351    3.549
  65     1600  4.00  -19.086  -14.036   -9.724   -6.261   -3.772    0.538    2.333    3.546
  66     1600  4.50  -19.175  -14.093   -9.775   -6.322   -3.862    0.403    2.292    3.534
  67     1600  5.00  -19.276  -14.177   -9.852   -6.393   -3.946    0.258    2.238    3.525
  68     1600  5.50  -19.444  -14.266   -9.922   -6.442   -3.997    0.158    2.186    3.516
  69     1600  6.00  -19.585  -14.332   -9.980   -6.480   -4.033    0.079    2.133    3.504
  70     1700  3.50  -17.481  -12.456   -8.506   -5.300   -2.795    1.312    2.579    3.515
  71     1700  4.00  -17.144  -12.072   -8.130   -5.007   -2.565    1.362    2.641    3.543
  72     1700  4.50  -15.931  -11.076   -7.399   -4.452   -2.046    1.732    2.864    3.639
  73     1700  5.00  -17.077  -12.235   -8.269   -5.081   -2.640    1.282    2.689    3.571
  74     1700  5.50  -17.350  -12.632   -8.599   -5.372   -2.967    0.971    2.562    3.532
  75     1700  6.00  -17.526  -12.797   -8.753   -5.542   -3.198    0.710    2.436    3.501
  76     1800  3.50  -15.888  -11.323   -7.784   -4.781   -2.259    1.600    2.624    3.428
  77     1800  4.00  -15.717  -11.107   -7.566   -4.633   -2.157    1.641    2.675    3.437
  78     1800  4.50  -14.792  -10.366   -6.968   -4.190   -1.793    1.829    2.804    3.476
  79     1800  5.00  -14.704  -10.336   -6.951   -4.150   -1.755    1.862    2.873    3.502
  80     1800  5.50  -15.525  -11.046   -7.439   -4.482   -2.094    1.569    2.763    3.453
  81     1800  6.00  -15.630  -11.161   -7.508   -4.513   -2.138    1.506    2.769    3.492
  82     1900  3.50  -13.433   -9.971   -7.013   -4.262   -1.718    1.888    2.688    3.362
  83     1900  4.00  -14.567  -10.283   -7.094   -4.308   -1.783    1.819    2.678    3.344
  84     1900  4.50  -15.605  -10.923   -7.474   -4.561   -2.049    1.623    2.616    3.297
  85     1900  5.00  -14.662  -10.244   -6.953   -4.167   -1.720    1.802    2.752    3.329
  86     1900  5.50  -14.705  -10.477   -7.122   -4.287   -1.883    1.681    2.733    3.291
  87     1900  6.00  -14.657  -10.515   -7.116   -4.290   -1.950    1.573    2.689    3.272
  88     2000  3.50  -11.686   -9.069   -6.597   -4.012   -1.426    2.003    2.684    3.284
  89     2000  4.00  -12.959   -9.328   -6.540   -3.943   -1.391    1.977    2.692    3.275
  90     2000  4.50  -13.759   -9.472   -6.515   -3.889   -1.360    1.972    2.714    3.255
  91     2000  5.00  -14.243   -9.718   -6.647   -3.943   -1.431    1.915    2.726    3.219
  92     2000  5.50  -14.319  -10.137   -6.927   -4.152   -1.702    1.737    2.692    3.171
  93     2000  6.00  -13.858   -9.930   -6.747   -4.043   -1.691    1.686    2.677    3.136
  94     2100  4.00  -11.439   -8.506   -6.076   -3.667   -1.112    2.058    2.681    3.204
  95     2100  5.00  -13.108   -8.773   -6.002   -3.500   -0.981    2.079    2.757    3.178
  96     2100  5.50  -13.873   -9.383   -6.444   -3.768   -1.250    1.908    2.716    3.103
  97     2100  6.00  -13.759   -9.683   -6.647   -3.931   -1.486    1.759    2.658    3.023
  98     2200  3.50   -8.915   -7.345   -5.579   -3.415   -0.890    2.123    2.654    3.143
  99     2200  4.00  -10.005   -7.690   -5.578   -3.373   -0.856    2.110    2.664    3.138
 100     2200  4.50  -11.242   -8.008   -5.630   -3.344   -0.810    2.119    2.691    3.128
 101     2200  5.00  -12.318   -8.239   -5.663   -3.287   -0.763    2.109    2.726    3.115
 102     2200  5.50  -13.104   -8.598   -5.900   -3.380   -0.855    2.040    2.738    3.063
 103     2200  6.00  -13.227   -8.736   -6.015   -3.416   -0.908    1.985    2.727    2.978
 104     2300  3.50   -7.944   -6.653   -5.071   -3.087   -0.654    2.133    2.628    3.082
 105     2300  4.00   -8.895   -6.987   -5.084   -3.058   -0.621    2.122    2.640    3.081
 106     2300  4.50  -10.098   -7.366   -5.193   -3.071   -0.595    2.127    2.663    3.072
 107     2300  5.00  -11.397   -7.702   -5.294   -3.053   -0.567    2.111    2.691    3.059
 108     2300  5.50  -12.347   -7.970   -5.450   -3.077   -0.578    2.089    2.724    3.024
 109     2300  6.00  -12.604   -8.087   -5.533   -3.069   -0.579    2.070    2.747    2.957
 110     2400  3.50   -7.187   -6.065   -4.578   -2.745   -0.433    2.124    2.598    3.025
 111     2400  4.00   -7.975   -6.355   -4.599   -2.729   -0.405    2.114    2.610    3.026
 112     2400  4.50   -9.030   -6.726   -4.726   -2.771   -0.387    2.125    2.634    3.017
 113     2400  5.50  -11.371   -7.361   -4.991   -2.776   -0.334    2.117    2.708    2.988
 114     2400  6.00  -12.075   -7.607   -5.172   -2.818   -0.368    2.083    2.724    2.925
 115     2500  3.50   -6.668   -5.611   -4.142   -2.423   -0.247    2.090    2.558    2.968
 116     2500  4.00   -7.276   -5.823   -4.145   -2.405   -0.213    2.087    2.574    2.973
 117     2500  4.50   -8.174   -6.166   -4.290   -2.476   -0.204    2.103    2.599    2.965
 118     2500  5.00   -9.277   -6.499   -4.401   -2.481   -0.166    2.109    2.635    2.966
 119     2500  5.50  -10.490   -6.843   -4.581   -2.509   -0.154    2.103    2.670    2.950
 120     2500  6.00  -11.349   -7.104   -4.773   -2.548   -0.169    2.088    2.702    2.903
 121     2600  3.50   -6.257   -5.230   -3.763   -2.139   -0.093    2.052    2.518    2.912
 122     2600  4.00   -6.736   -5.380   -3.745   -2.113   -0.054    2.048    2.535    2.919
 123     2600  4.50   -7.483   -5.674   -3.883   -2.191   -0.044    2.069    2.561    2.915
 124     2600  5.00   -8.381   -5.955   -3.968   -2.198   -0.006    2.080    2.598    2.919
 125     2600  5.50   -9.530   -6.299   -4.143   -2.233    0.012    2.082    2.636    2.912
 126     2600  6.00  -10.529   -6.622   -4.372   -2.290   -0.004    2.069    2.667    2.878
 127     2700  3.50   -5.926   -4.917   -3.458   -1.914    0.020    2.012    2.478    2.855
 128     2700  4.00   -6.284   -4.997   -3.396   -1.858    0.075    2.008    2.496    2.866
 129     2700  4.50   -6.891   -5.230   -3.508   -1.928    0.094    2.032    2.525    2.865
 130     2700  5.00   -7.636   -5.470   -3.572   -1.933    0.128    2.041    2.557    2.872
 131     2700  5.50   -8.637   -5.787   -3.724   -1.970    0.151    2.049    2.597    2.873
 132     2700  6.00   -9.673   -6.123   -3.951   -2.028    0.146    2.045    2.632    2.852
 133     2800  5.00   -9.553   -5.202   -2.858   -1.206    0.569    1.987    2.401    2.429
 134     2800  5.50  -10.458   -5.381   -2.995   -1.161    0.647    2.025    2.313    2.250
 135     2900  5.00   -8.677   -4.811   -2.539   -1.045    0.573    1.933    2.402    2.477
 136     2900  5.50   -9.524   -4.990   -2.670   -1.025    0.643    1.972    2.330    2.316
 137     3000  5.00   -7.880   -4.452   -2.259   -0.889    0.578    1.882    2.396    2.509
 138     3000  5.50   -8.664   -4.631   -2.380   -0.889    0.640    1.920    2.338    2.369
 139     3100  5.00   -7.155   -4.128   -2.018   -0.745    0.583    1.836    2.383    2.527
 140     3100  5.50   -7.850   -4.300   -2.122   -0.758    0.636    1.869    2.337    2.411
 141     3200  5.00   -6.521   -3.836   -1.814   -0.616    0.589    1.793    2.363    2.529
 142     3200  5.50   -7.111   -3.992   -1.896   -0.632    0.635    1.823    2.329    2.437
 143     3300  5.00   -5.967   -3.567   -1.639   -0.499    0.599    1.756    2.339    2.521
 144     3300  5.50   -6.433   -3.706   -1.699   -0.516    0.636    1.781    2.316    2.451
 145     3400  5.00   -5.487   -3.322   -1.488   -0.394    0.611    1.721    2.312    2.504
 146     3400  5.50   -5.819   -3.438   -1.531   -0.409    0.639    1.741    2.296    2.451
 147     3500  5.00   -5.069   -3.095   -1.356   -0.302    0.623    1.689    2.280    2.481
 148     3500  5.50   -5.269   -3.189   -1.385   -0.313    0.644    1.705    2.270    2.440
 149     3600  5.00   -4.686   -2.887   -1.241   -0.224    0.633    1.657    2.246    2.453
 150     3600  5.50   -4.798   -2.961   -1.261   -0.231    0.649    1.669    2.239    2.419
 151     3700  5.00   -4.329   -2.692   -1.136   -0.159    0.642    1.625    2.210    2.422
 152     3700  5.50   -4.421   -2.762   -1.158   -0.166    0.653    1.634    2.202    2.390
 153     3800  5.00   -4.009   -2.510   -1.040   -0.107    0.650    1.595    2.175    2.387
 154     3800  5.50   -4.109   -2.567   -1.051   -0.100    0.668    1.607    2.170    2.361
 155     3500  0.00   -5.894   -3.760   -1.746   -0.601    0.362    1.652    2.684    2.841
 156     3500  0.50   -5.364   -3.445   -1.585   -0.515    0.410    1.659    2.657    2.799
 157     3500  1.00   -4.861   -3.172   -1.451   -0.437    0.462    1.673    2.619    2.747
 158     3500  1.50   -4.427   -2.944   -1.337   -0.363    0.518    1.691    2.570    2.687
 159     3500  2.00   -4.098   -2.779   -1.253   -0.299    0.570    1.705    2.514    2.625
 160     3500  2.50   -3.913   -2.706   -1.206   -0.247    0.616    1.708    2.441    2.572
 161     3500  3.00   -3.819   -2.674   -1.172   -0.200    0.650    1.711    2.345    2.523
 162     3500  3.50   -3.803   -2.674   -1.163   -0.178    0.663    1.712    2.295    2.496
 163     3500  4.00   -3.861   -2.709   -1.173   -0.168    0.670    1.716    2.279    2.481
 164     3500  4.50   -3.996   -2.779   -1.199   -0.165    0.674    1.722    2.281    2.472
 165     3500  5.00   -4.208   -2.877   -1.242   -0.169    0.678    1.731    2.289    2.455
 166     3750  0.00   -5.188   -3.228   -1.385   -0.379    0.457    1.614    2.567    2.704
 167     3750  0.50   -4.772   -3.002   -1.292   -0.343    0.459    1.598    2.559    2.694
 168     3750  1.00   -4.372   -2.811   -1.217   -0.308    0.471    1.593    2.545    2.677
 169     3750  1.50   -4.013   -2.647   -1.151   -0.268    0.494    1.597    2.522    2.648
 170     3750  2.00   -3.719   -2.508   -1.088   -0.222    0.529    1.608    2.487    2.607
 171     3750  2.50   -3.523   -2.417   -1.043   -0.181    0.567    1.619    2.447    2.565
 172     3750  3.00   -3.424   -2.384   -1.016   -0.142    0.612    1.625    2.383    2.517
 173     3750  3.50   -3.358   -2.364   -0.993   -0.107    0.648    1.629    2.303    2.471
 174     3750  4.00   -3.340   -2.360   -0.983   -0.085    0.669    1.634    2.252    2.440
 175     3750  4.50   -3.390   -2.384   -0.987   -0.071    0.683    1.640    2.231    2.421
 176     3750  5.00   -3.523   -2.446   -1.005   -0.061    0.694    1.649    2.227    2.404
 177     4000  0.00   -4.374   -2.701   -1.038   -0.159    0.580    1.594    2.420    2.528
 178     4000  0.50   -3.995   -2.504   -0.966   -0.144    0.566    1.570    2.415    2.524
 179     4000  1.00   -3.653   -2.353   -0.922   -0.137    0.554    1.552    2.408    2.520
 180     4000  1.50   -3.374   -2.241   -0.895   -0.130    0.548    1.542    2.398    2.514
 181     4000  2.00   -3.178   -2.168   -0.883   -0.125    0.546    1.536    2.389    2.508
 182     4000  2.50   -3.049   -2.115   -0.868   -0.109    0.556    1.538    2.371    2.493
 183     4000  3.00   -2.978   -2.081   -0.849   -0.081    0.584    1.546    2.338    2.464
 184     4000  3.50   -2.946   -2.071   -0.833   -0.048    0.624    1.553    2.285    2.423
 185     4000  4.00   -2.916   -2.061   -0.816   -0.016    0.662    1.560    2.222    2.379
 186     4000  4.50   -2.912   -2.060   -0.807    0.007    0.687    1.565    2.172    2.347
 187     4000  5.00   -2.958   -2.081   -0.810    0.022    0.703    1.571    2.148    2.328
 188     4250  0.00   -3.606   -2.259   -0.774    0.006    0.670    1.557    2.268    2.356
 189     4250  0.50   -3.277   -2.092   -0.715    0.013    0.650    1.531    2.262    2.351
 190     4250  1.00   -2.984   -1.963   -0.679    0.013    0.632    1.512    2.255    2.347
 191     4250  1.50   -2.749   -1.870   -0.660    0.010    0.618    1.497    2.248    2.343
 192     4250  2.00   -2.581   -1.808   -0.651    0.007    0.609    1.487    2.241    2.341
 193     4250  2.50   -2.477   -1.770   -0.649    0.007    0.605    1.482    2.231    2.337
 194     4250  3.00   -2.429   -1.750   -0.649    0.012    0.608    1.481    2.219    2.331
 195     4250  3.50   -2.428   -1.746   -0.651    0.024    0.621    1.484    2.198    2.318
 196     4250  4.00   -2.459   -1.759   -0.649    0.046    0.649    1.489    2.160    2.291
 197     4250  4.50   -2.486   -1.772   -0.645    0.069    0.680    1.494    2.114    2.259
 198     4250  5.00   -2.509   -1.781   -0.643    0.089    0.704    1.499    2.074    2.232
 199     4500  0.00   -2.895   -1.864   -0.565    0.126    0.723    1.500    2.113    2.191
 200     4500  0.50   -2.641   -1.744   -0.526    0.126    0.701    1.477    2.108    2.186
 201     4500  1.00   -2.414   -1.647   -0.501    0.122    0.682    1.458    2.103    2.181
 202     4500  1.50   -2.231   -1.577   -0.487    0.115    0.667    1.443    2.096    2.177
 203     4500  2.00   -2.099   -1.530   -0.481    0.110    0.655    1.433    2.090    2.174
 204     4500  2.50   -2.017   -1.501   -0.479    0.107    0.649    1.426    2.082    2.171
 205     4500  3.00   -1.978   -1.485   -0.479    0.107    0.647    1.423    2.073    2.168
 206     4500  3.50   -1.975   -1.478   -0.481    0.112    0.651    1.422    2.061    2.163
 207     4500  4.00   -2.001   -1.481   -0.484    0.122    0.661    1.424    2.045    2.154
 208     4500  4.50   -2.051   -1.497   -0.486    0.137    0.682    1.429    2.019    2.136
 209     4500  5.00   -2.101   -1.515   -0.487    0.154    0.705    1.433    1.988    2.115
 210     4750  0.00   -2.243   -1.491   -0.394    0.209    0.740    1.425    1.957    2.031
 211     4750  0.50   -2.056   -1.418   -0.377    0.202    0.720    1.406    1.956    2.028
 212     4750  1.00   -1.889   -1.359   -0.365    0.193    0.702    1.390    1.953    2.023
 213     4750  1.50   -1.755   -1.316   -0.359    0.185    0.687    1.376    1.948    2.019
 214     4750  2.00   -1.658   -1.288   -0.357    0.178    0.676    1.366    1.942    2.015
 215     4750  2.50   -1.598   -1.272   -0.356    0.173    0.668    1.359    1.936    2.012
 216     4750  3.00   -1.573   -1.264   -0.356    0.172    0.666    1.355    1.928    2.009
 217     4750  3.50   -1.575   -1.262   -0.355    0.175    0.668    1.354    1.918    2.005
 218     4750  4.00   -1.598   -1.264   -0.355    0.182    0.674    1.355    1.907    2.000
 219     4750  4.50   -1.639   -1.271   -0.356    0.192    0.685    1.357    1.892    1.992
 220     4750  5.00   -1.697   -1.285   -0.357    0.204    0.700    1.361    1.877    1.983
 221     5000  0.00   -1.722   -1.168   -0.261    0.261    0.731    1.338    1.800    1.868
 222     5000  0.50   -1.575   -1.127   -0.260    0.248    0.713    1.323    1.804    1.869
 223     5000  1.00   -1.447   -1.098   -0.261    0.236    0.697    1.309    1.804    1.867
 224     5000  1.50   -1.346   -1.080   -0.263    0.226    0.683    1.297    1.802    1.864
 225     5000  2.00   -1.272   -1.070   -0.267    0.217    0.672    1.288    1.798    1.861
 226     5000  2.50   -1.226   -1.068   -0.269    0.211    0.665    1.281    1.793    1.859
 227     5000  3.00   -1.209   -1.071   -0.270    0.209    0.662    1.278    1.787    1.856
 228     5000  3.50   -1.215   -1.075   -0.269    0.212    0.663    1.276    1.780    1.853
 229     5000  4.00   -1.239   -1.082   -0.267    0.218    0.669    1.277    1.770    1.849
 230     5000  4.50   -1.276   -1.089   -0.264    0.226    0.678    1.280    1.760    1.844
 231     5000  5.00   -1.323   -1.098   -0.262    0.237    0.691    1.283    1.748    1.838
 232     5250  0.00   -1.336   -0.908   -0.160    0.291    0.708    1.245    1.644    1.706
 233     5250  0.50   -1.223   -0.890   -0.170    0.275    0.691    1.234    1.654    1.711
 234     5250  1.00   -1.123   -0.880   -0.179    0.261    0.676    1.223    1.657    1.713
 235     5250  1.50   -1.040   -0.878   -0.190    0.248    0.663    1.213    1.658    1.712
 236     5250  2.00   -0.977   -0.883   -0.199    0.237    0.652    1.204    1.657    1.710
 237     5250  2.50   -0.936   -0.893   -0.207    0.229    0.644    1.197    1.654    1.709
 238     5250  3.00   -0.915   -0.904   -0.211    0.225    0.641    1.193    1.651    1.707
 239     5250  3.50   -0.916   -0.916   -0.212    0.226    0.642    1.192    1.645    1.705
 240     5250  4.00   -0.935   -0.927   -0.209    0.232    0.648    1.194    1.638    1.703
 241     5250  4.50   -0.967   -0.937   -0.204    0.241    0.657    1.196    1.629    1.699
 242     5250  5.00   -1.007   -0.947   -0.200    0.252    0.669    1.200    1.620    1.696
 243     5500  0.00   -1.046   -0.698   -0.084    0.304    0.673    1.149    1.490    1.546
 244     5500  0.50   -0.966   -0.698   -0.099    0.289    0.659    1.143    1.506    1.557
 245     5500  1.00   -0.889   -0.703   -0.115    0.274    0.646    1.135    1.514    1.562
 246     5500  1.50   -0.823   -0.713   -0.130    0.260    0.634    1.126    1.517    1.564
 247     5500  2.00   -0.769   -0.728   -0.145    0.246    0.623    1.118    1.519    1.564
 248     5500  2.50   -0.728   -0.746   -0.159    0.235    0.614    1.111    1.518    1.563
 249     5500  3.00   -0.700   -0.764   -0.169    0.227    0.609    1.106    1.517    1.562
 250     5500  3.50   -0.689   -0.782   -0.174    0.225    0.608    1.104    1.514    1.562
 251     5500  4.00   -0.695   -0.797   -0.173    0.229    0.612    1.105    1.509    1.561
 252     5500  4.50   -0.715   -0.809   -0.169    0.237    0.621    1.108    1.502    1.559
 253     5500  5.00   -0.746   -0.821   -0.162    0.248    0.633    1.112    1.495    1.557
 254     5750  0.00   -0.821   -0.525   -0.025    0.306    0.632    1.051    1.338    1.390
 255     5750  0.50   -0.771   -0.539   -0.043    0.292    0.622    1.050    1.360    1.407
 256     5750  1.00   -0.717   -0.555   -0.062    0.279    0.611    1.046    1.373    1.416
 257     5750  1.50   -0.667   -0.576   -0.081    0.264    0.601    1.040    1.380    1.421
 258     5750  2.00   -0.622   -0.599   -0.100    0.250    0.590    1.033    1.384    1.423
 259     5750  2.50   -0.584   -0.625   -0.119    0.236    0.580    1.026    1.385    1.423
 260     5750  3.00   -0.554   -0.650   -0.134    0.224    0.573    1.020    1.386    1.423
 261     5750  3.50   -0.532   -0.673   -0.145    0.217    0.568    1.016    1.385    1.423
 262     5750  4.00   -0.522   -0.692   -0.150    0.216    0.569    1.015    1.383    1.423
 263     5750  4.50   -0.527   -0.706   -0.148    0.222    0.576    1.017    1.379    1.423
 264     5750  5.00   -0.544   -0.718   -0.142    0.232    0.588    1.021    1.374    1.422
 265     6000  0.00   -0.638   -0.376    0.019    0.297    0.582    0.949    1.188    1.237
 266     6000  0.50   -0.618   -0.403    0.002    0.288    0.578    0.956    1.217    1.260
 267     6000  1.00   -0.586   -0.429   -0.017    0.277    0.571    0.956    1.234    1.273
 268     6000  1.50   -0.551   -0.457   -0.038    0.264    0.564    0.953    1.245    1.282
 269     6000  2.00   -0.517   -0.489   -0.060    0.249    0.554    0.948    1.252    1.286
 270     6000  2.50   -0.484   -0.521   -0.082    0.234    0.545    0.942    1.255    1.288
 271     6000  3.00   -0.454   -0.554   -0.103    0.220    0.536    0.935    1.258    1.288
 272     6000  3.50   -0.428   -0.583   -0.120    0.208    0.529    0.930    1.259    1.288
 273     6000  4.00   -0.407   -0.607   -0.131    0.202    0.526    0.927    1.259    1.289
 274     6000  4.50   -0.396   -0.625   -0.135    0.202    0.529    0.927    1.258    1.290
 275     6000  5.00   -0.397   -0.639   -0.133    0.210    0.538    0.930    1.255    1.291
 276     6250  0.50   -0.489   -0.281    0.037    0.276    0.529    0.860    1.077    1.116
 277     6250  1.00   -0.480   -0.317    0.019    0.269    0.527    0.866    1.099    1.135
 278     6250  1.50   -0.461   -0.353   -0.002    0.259    0.522    0.866    1.113    1.146
 279     6250  2.00   -0.438   -0.391   -0.025    0.245    0.516    0.864    1.123    1.153
 280     6250  2.50   -0.412   -0.430   -0.050    0.230    0.507    0.859    1.129    1.157
 281     6250  3.00   -0.385   -0.468   -0.075    0.214    0.498    0.852    1.133    1.159
 282     6250  3.50   -0.358   -0.505   -0.097    0.199    0.489    0.846    1.135    1.160
 283     6250  4.00   -0.331   -0.536   -0.114    0.188    0.483    0.841    1.137    1.160
 284     6250  4.50   -0.309   -0.560   -0.125    0.182    0.482    0.839    1.138    1.161
 285     6250  5.00   -0.297   -0.576   -0.128    0.185    0.486    0.841    1.138    1.163
 286     6500  0.50   -0.370   -0.169    0.059    0.254    0.472    0.761    0.940    0.976
 287     6500  1.00   -0.387   -0.215    0.047    0.255    0.477    0.774    0.967    0.999
 288     6500  1.50   -0.386   -0.259    0.028    0.248    0.477    0.779    0.985    1.014
 289     6500  2.00   -0.375   -0.302    0.005    0.237    0.473    0.779    0.997    1.024
 290     6500  2.50   -0.357   -0.346   -0.021    0.223    0.467    0.776    1.005    1.030
 291     6500  3.00   -0.335   -0.391   -0.048    0.206    0.458    0.771    1.011    1.034
 292     6500  3.50   -0.310   -0.434   -0.074    0.189    0.449    0.765    1.015    1.036
 293     6500  4.00   -0.282   -0.472   -0.098    0.174    0.441    0.759    1.018    1.036
 294     6500  4.50   -0.253   -0.503   -0.115    0.164    0.436    0.754    1.020    1.037
 295     6500  5.00   -0.230   -0.526   -0.124    0.160    0.437    0.754    1.022    1.039
 296     6750  0.50   -0.270   -0.083    0.077    0.231    0.417    0.664    0.810    0.843
 297     6750  1.00   -0.298   -0.119    0.064    0.231    0.421    0.679    0.837    0.867
 298     6750  1.50   -0.318   -0.171    0.051    0.232    0.427    0.690    0.859    0.885
 299     6750  2.00   -0.321   -0.221    0.031    0.225    0.428    0.694    0.873    0.898
 300     6750  2.50   -0.313   -0.270    0.005    0.212    0.424    0.694    0.884    0.907
 301     6750  3.00   -0.298   -0.320   -0.024    0.196    0.417    0.690    0.892    0.913
 302     6750  3.50   -0.276   -0.368   -0.053    0.179    0.409    0.684    0.898    0.916
 303     6750  4.00   -0.249   -0.413   -0.081    0.161    0.400    0.678    0.902    0.917
 304     6750  4.50   -0.219   -0.452   -0.104    0.147    0.393    0.673    0.906    0.918
 305     6750  5.00   -0.188   -0.482   -0.120    0.137    0.389    0.670    0.909    0.920
 306     7000  0.50   -0.186   -0.023    0.089    0.208    0.364    0.572    0.689    0.718
 307     7000  1.00   -0.220   -0.047    0.077    0.207    0.367    0.587    0.715    0.741
 308     7000  1.50   -0.250   -0.089    0.064    0.207    0.372    0.598    0.736    0.760
 309     7000  2.00   -0.271   -0.146    0.049    0.207    0.377    0.607    0.753    0.776
 310     7000  2.50   -0.275   -0.201    0.026    0.198    0.378    0.611    0.766    0.787
 311     7000  3.00   -0.268   -0.255   -0.002    0.184    0.373    0.609    0.776    0.795
 312     7000  3.50   -0.252   -0.308   -0.033    0.167    0.366    0.605    0.783    0.799
 313     7000  4.00   -0.228   -0.359   -0.064    0.148    0.358    0.599    0.789    0.802
 314     7000  4.50   -0.198   -0.404   -0.092    0.130    0.350    0.593    0.794    0.803
 315     7000  5.00   -0.164   -0.442   -0.115    0.116    0.343    0.588    0.798    0.804
 316     7250  0.50   -0.119    0.010    0.093    0.186    0.314    0.483    0.577    0.601
 317     7250  1.00   -0.152    0.002    0.083    0.182    0.313    0.498    0.600    0.622
 318     7250  1.50   -0.189   -0.029    0.071    0.181    0.317    0.510    0.619    0.641
 319     7250  2.00   -0.221   -0.076    0.057    0.180    0.322    0.519    0.636    0.657
 320     7250  2.50   -0.240   -0.137    0.040    0.179    0.327    0.526    0.651    0.670
 321     7250  3.00   -0.243   -0.195    0.015    0.168    0.327    0.528    0.662    0.679
 322     7250  3.50   -0.234   -0.252   -0.016    0.153    0.322    0.526    0.671    0.686
 323     7250  4.00   -0.215   -0.308   -0.049    0.134    0.315    0.522    0.678    0.690
 324     7250  4.50   -0.186   -0.359   -0.081    0.114    0.307    0.516    0.685    0.692
 325     7250  5.00   -0.153   -0.404   -0.109    0.097    0.299    0.510    0.690    0.693
 326     7500  0.50   -0.078   -0.003    0.086    0.166    0.273    0.402    0.477    0.496
 327     7500  1.00   -0.092    0.029    0.079    0.154    0.262    0.411    0.492    0.510
 328     7500  1.50   -0.134    0.010    0.071    0.153    0.263    0.423    0.509    0.527
 329     7500  2.00   -0.173   -0.025    0.059    0.152    0.267    0.432    0.524    0.542
 330     7500  2.50   -0.203   -0.077    0.044    0.151    0.272    0.440    0.538    0.556
 331     7500  3.00   -0.219   -0.141    0.025    0.148    0.276    0.446    0.551    0.567
 332     7500  3.50   -0.218   -0.202   -0.003    0.135    0.276    0.447    0.562    0.576
 333     7500  4.00   -0.205   -0.261   -0.036    0.118    0.271    0.444    0.571    0.581
 334     7500  4.50   -0.181   -0.318   -0.069    0.098    0.263    0.439    0.578    0.584
 335     7500  5.00   -0.149   -0.369   -0.102    0.078    0.255    0.433    0.585    0.586
 336     7750  1.00   -0.047    0.029    0.064    0.123    0.211    0.328    0.392    0.406
 337     7750  1.50   -0.085    0.030    0.061    0.121    0.209    0.338    0.406    0.420
 338     7750  2.00   -0.130    0.004    0.053    0.121    0.212    0.348    0.419    0.433
 339     7750  2.50   -0.168   -0.037    0.041    0.120    0.216    0.355    0.431    0.446
 340     7750  3.00   -0.194   -0.091    0.025    0.118    0.221    0.362    0.443    0.458
 341     7750  3.50   -0.204   -0.156    0.004    0.113    0.225    0.367    0.455    0.468
 342     7750  4.00   -0.198   -0.219   -0.026    0.099    0.224    0.367    0.465    0.475
 343     7750  4.50   -0.180   -0.279   -0.060    0.080    0.219    0.363    0.474    0.480
 344     7750  5.00   -0.151   -0.336   -0.095    0.059    0.211    0.357    0.482    0.482
 345     8000  1.00   -0.019   -0.004    0.036    0.089    0.165    0.249    0.301    0.310
 346     8000  1.50   -0.045    0.028    0.039    0.084    0.155    0.256    0.308    0.318
 347     8000  2.00   -0.092    0.015    0.036    0.085    0.156    0.264    0.318    0.330
 348     8000  2.50   -0.136   -0.017    0.028    0.085    0.159    0.272    0.329    0.341
 349     8000  3.00   -0.170   -0.060    0.016    0.083    0.163    0.278    0.339    0.352
 350     8000  3.50   -0.190   -0.118    0.000    0.082    0.169    0.284    0.351    0.363
 351     8000  4.00   -0.192   -0.182   -0.022    0.075    0.173    0.288    0.362    0.372
 352     8000  4.50   -0.180   -0.245   -0.054    0.059    0.172    0.287    0.373    0.378
 353     8000  5.00   -0.156   -0.306   -0.090    0.039    0.166    0.283    0.381    0.381
 354     8250  1.00   -0.004   -0.071   -0.014    0.048    0.118    0.172    0.216    0.221
 355     8250  1.50   -0.015    0.007    0.008    0.043    0.101    0.175    0.216    0.222
 356     8250  2.00   -0.059    0.010    0.009    0.043    0.099    0.182    0.223    0.230
 357     8250  2.50   -0.108   -0.013    0.006    0.045    0.100    0.189    0.231    0.240
 358     8250  3.00   -0.150   -0.049   -0.003    0.045    0.104    0.195    0.240    0.251
 359     8250  3.50   -0.179   -0.096   -0.015    0.043    0.109    0.201    0.250    0.261
 360     8250  4.00   -0.189   -0.154   -0.030    0.042    0.117    0.207    0.261    0.270
 361     8250  4.50   -0.181   -0.217   -0.054    0.034    0.121    0.210    0.273    0.278
 362     8250  5.00   -0.162   -0.279   -0.087    0.017    0.119    0.208    0.283    0.283
 363     8500  1.50    0.002   -0.034   -0.035   -0.002    0.048    0.096    0.130    0.131
 364     8500  2.00   -0.035   -0.013   -0.027   -0.001    0.042    0.101    0.133    0.136
 365     8500  2.50   -0.085   -0.024   -0.026    0.000    0.041    0.107    0.138    0.144
 366     8500  3.00   -0.132   -0.052   -0.030    0.002    0.044    0.113    0.145    0.153
 367     8500  3.50   -0.167   -0.092   -0.039    0.001    0.049    0.119    0.153    0.162
 368     8500  4.00   -0.188   -0.140   -0.051   -0.000    0.055    0.124    0.163    0.171
 369     8500  4.50   -0.185   -0.197   -0.064    0.001    0.065    0.131    0.175    0.180
 370     8500  5.00   -0.170   -0.259   -0.090   -0.009    0.069    0.133    0.187    0.187
 371     8750  1.50    0.014   -0.086   -0.086   -0.052   -0.007    0.017    0.046    0.044
 372     8750  2.00   -0.017   -0.046   -0.070   -0.050   -0.015    0.022    0.047    0.046
 373     8750  2.50   -0.065   -0.047   -0.065   -0.048   -0.017    0.027    0.049    0.051
 374     8750  3.00   -0.114   -0.067   -0.066   -0.045   -0.016    0.033    0.054    0.058
 375     8750  3.50   -0.157   -0.100   -0.070   -0.044   -0.012    0.038    0.060    0.066
 376     8750  4.00   -0.186   -0.142   -0.079   -0.044   -0.006    0.043    0.068    0.075
 377     8750  4.50   -0.195   -0.192   -0.089   -0.044    0.002    0.049    0.079    0.084
 378     8750  5.00   -0.180   -0.247   -0.102   -0.043    0.014    0.056    0.092    0.092
 379     9000  1.50    0.018   -0.142   -0.142   -0.107   -0.066   -0.062   -0.037   -0.042
 380     9000  2.00   -0.007   -0.088   -0.118   -0.102   -0.073   -0.056   -0.037   -0.042
 381     9000  2.50   -0.051   -0.079   -0.110   -0.099   -0.077   -0.052   -0.036   -0.038
 382     9000  3.00   -0.102   -0.092   -0.107   -0.096   -0.077   -0.047   -0.034   -0.033
 383     9000  3.50   -0.149   -0.118   -0.108   -0.093   -0.074   -0.042   -0.029   -0.026
 384     9000  4.00   -0.185   -0.155   -0.113   -0.092   -0.069   -0.038   -0.023   -0.019
 385     9000  4.50   -0.203   -0.200   -0.121   -0.092   -0.061   -0.033   -0.014   -0.010
 386     9000  5.00   -0.195   -0.249   -0.129   -0.089   -0.048   -0.025   -0.001   -0.001
 387     9250  2.00   -0.005   -0.135   -0.170   -0.155   -0.133   -0.134   -0.119   -0.127
 388     9250  2.50   -0.045   -0.118   -0.159   -0.152   -0.137   -0.130   -0.120   -0.125
 389     9250  3.00   -0.094   -0.124   -0.154   -0.149   -0.138   -0.126   -0.118   -0.121
 390     9250  3.50   -0.143   -0.145   -0.152   -0.146   -0.136   -0.122   -0.115   -0.115
 391     9250  4.00   -0.183   -0.176   -0.153   -0.143   -0.131   -0.117   -0.110   -0.109
 392     9250  4.50   -0.208   -0.215   -0.158   -0.142   -0.124   -0.112   -0.103   -0.102
 393     9250  5.00   -0.213   -0.261   -0.165   -0.140   -0.115   -0.107   -0.093   -0.093
 394     9500  2.00   -0.009   -0.185   -0.223   -0.211   -0.193   -0.210   -0.199   -0.210
 395     9500  2.50   -0.044   -0.162   -0.210   -0.207   -0.198   -0.207   -0.201   -0.209
 396     9500  3.00   -0.090   -0.162   -0.204   -0.204   -0.200   -0.203   -0.201   -0.206
 397     9500  3.50   -0.138   -0.177   -0.200   -0.200   -0.198   -0.200   -0.199   -0.202
 398     9500  4.00   -0.181   -0.203   -0.198   -0.197   -0.194   -0.195   -0.195   -0.197
 399     9500  4.50   -0.213   -0.238   -0.200   -0.194   -0.188   -0.191   -0.190   -0.190
 400     9500  5.00   -0.227   -0.281   -0.204   -0.192   -0.179   -0.186   -0.181   -0.183
 401     9750  2.00   -0.016   -0.234   -0.277   -0.266   -0.253   -0.285   -0.278   -0.292
 402     9750  2.50   -0.050   -0.208   -0.263   -0.263   -0.258   -0.282   -0.280   -0.292
 403     9750  3.00   -0.092   -0.205   -0.256   -0.260   -0.261   -0.280   -0.281   -0.290
 404     9750  3.50   -0.138   -0.215   -0.251   -0.256   -0.261   -0.277   -0.281   -0.287
 405     9750  4.00   -0.183   -0.237   -0.247   -0.252   -0.257   -0.273   -0.278   -0.282
 406     9750  4.50   -0.219   -0.267   -0.245   -0.247   -0.251   -0.268   -0.273   -0.276
 407     9750  5.00   -0.239   -0.306   -0.246   -0.244   -0.243   -0.264   -0.266   -0.270
 408    10000  2.00   -0.026   -0.284   -0.331   -0.322   -0.313   -0.359   -0.355   -0.371
 409    10000  2.50   -0.060   -0.256   -0.316   -0.319   -0.319   -0.357   -0.358   -0.373
 410    10000  3.00   -0.100   -0.250   -0.309   -0.316   -0.323   -0.355   -0.360   -0.372
 411    10000  3.50   -0.145   -0.257   -0.303   -0.313   -0.323   -0.352   -0.360   -0.369
 412    10000  4.00   -0.188   -0.275   -0.298   -0.308   -0.321   -0.349   -0.359   -0.365
 413    10000  4.50   -0.226   -0.301   -0.294   -0.303   -0.315   -0.345   -0.355   -0.360
 414    10000  5.00   -0.250   -0.335   -0.292   -0.298   -0.306   -0.340   -0.349   -0.354
 415    10250  2.00   -0.038   -0.333   -0.384   -0.377   -0.373   -0.431   -0.431   -0.449
 416    10250  2.50   -0.072   -0.304   -0.369   -0.374   -0.379   -0.429   -0.434   -0.451
 417    10250  3.00   -0.112   -0.297   -0.362   -0.373   -0.384   -0.429   -0.437   -0.452
 418    10250  3.50   -0.154   -0.302   -0.356   -0.370   -0.385   -0.427   -0.438   -0.450
 419    10250  4.00   -0.196   -0.316   -0.351   -0.365   -0.383   -0.424   -0.437   -0.447
 420    10250  4.50   -0.233   -0.338   -0.346   -0.360   -0.378   -0.420   -0.434   -0.442
 421    10250  5.00   -0.261   -0.368   -0.341   -0.354   -0.369   -0.415   -0.429   -0.437
 422    10500  2.00   -0.051   -0.382   -0.437   -0.432   -0.432   -0.501   -0.505   -0.524
 423    10500  2.50   -0.087   -0.352   -0.422   -0.429   -0.439   -0.501   -0.509   -0.528
 424    10500  3.00   -0.126   -0.344   -0.415   -0.428   -0.444   -0.501   -0.512   -0.530
 425    10500  3.50   -0.167   -0.347   -0.410   -0.426   -0.446   -0.500   -0.514   -0.529
 426    10500  4.00   -0.208   -0.359   -0.404   -0.423   -0.445   -0.498   -0.514   -0.527
 427    10500  4.50   -0.245   -0.379   -0.398   -0.417   -0.441   -0.494   -0.512   -0.523
 428    10500  5.00   -0.274   -0.405   -0.392   -0.410   -0.432   -0.489   -0.507   -0.517
 429    10750  2.00   -0.066   -0.430   -0.489   -0.486   -0.491   -0.571   -0.577   -0.598
 430    10750  2.50   -0.102   -0.400   -0.474   -0.484   -0.498   -0.570   -0.582   -0.603
 431    10750  3.00   -0.141   -0.391   -0.468   -0.484   -0.504   -0.571   -0.586   -0.606
 432    10750  3.50   -0.181   -0.393   -0.463   -0.483   -0.507   -0.571   -0.589   -0.606
 433    10750  4.00   -0.221   -0.404   -0.458   -0.479   -0.507   -0.570   -0.589   -0.605
 434    10750  4.50   -0.258   -0.421   -0.452   -0.474   -0.503   -0.567   -0.588   -0.601
 435    10750  5.00   -0.288   -0.445   -0.445   -0.467   -0.495   -0.562   -0.584   -0.596
 436    11000  2.00   -0.082   -0.477   -0.540   -0.540   -0.549   -0.639   -0.648   -0.671
 437    11000  2.50   -0.119   -0.447   -0.526   -0.538   -0.556   -0.639   -0.653   -0.676
 438    11000  3.00   -0.158   -0.438   -0.520   -0.538   -0.562   -0.640   -0.658   -0.680
 439    11000  3.50   -0.198   -0.440   -0.516   -0.538   -0.566   -0.641   -0.661   -0.681
 440    11000  4.00   -0.237   -0.449   -0.511   -0.536   -0.567   -0.640   -0.663   -0.681
 441    11000  4.50   -0.273   -0.464   -0.505   -0.531   -0.564   -0.638   -0.662   -0.678
 442    11000  5.00   -0.303   -0.486   -0.498   -0.524   -0.557   -0.634   -0.659   -0.674
 443    11250  2.00   -0.100   -0.524   -0.591   -0.593   -0.606   -0.706   -0.718   -0.742
 444    11250  2.50   -0.137   -0.494   -0.577   -0.591   -0.613   -0.706   -0.723   -0.748
 445    11250  3.00   -0.177   -0.485   -0.572   -0.592   -0.620   -0.708   -0.728   -0.752
 446    11250  3.50   -0.216   -0.486   -0.568   -0.593   -0.625   -0.709   -0.732   -0.755
 447    11250  4.00   -0.254   -0.495   -0.564   -0.591   -0.626   -0.709   -0.735   -0.755
 448    11250  4.50   -0.290   -0.509   -0.558   -0.587   -0.624   -0.708   -0.735   -0.753
 449    11250  5.00   -0.320   -0.528   -0.551   -0.581   -0.618   -0.705   -0.732   -0.749
 450    11500  2.00   -0.118   -0.571   -0.642   -0.646   -0.662   -0.771   -0.786   -0.812
 451    11500  2.50   -0.156   -0.540   -0.628   -0.644   -0.670   -0.772   -0.792   -0.819
 452    11500  3.00   -0.196   -0.531   -0.623   -0.646   -0.677   -0.774   -0.797   -0.823
 453    11500  3.50   -0.235   -0.533   -0.619   -0.647   -0.683   -0.776   -0.802   -0.826
 454    11500  4.00   -0.272   -0.541   -0.616   -0.646   -0.685   -0.777   -0.805   -0.827
 455    11500  4.50   -0.307   -0.554   -0.610   -0.642   -0.683   -0.776   -0.806   -0.826
 456    11500  5.00   -0.337   -0.572   -0.603   -0.637   -0.678   -0.773   -0.803   -0.823
 457    11750  2.00   -0.137   -0.617   -0.692   -0.698   -0.718   -0.836   -0.853   -0.881
 458    11750  2.50   -0.176   -0.586   -0.678   -0.696   -0.726   -0.837   -0.859   -0.888
 459    11750  3.00   -0.216   -0.577   -0.673   -0.699   -0.734   -0.840   -0.865   -0.893
 460    11750  3.50   -0.255   -0.579   -0.670   -0.700   -0.740   -0.842   -0.870   -0.896
 461    11750  4.00   -0.292   -0.586   -0.667   -0.700   -0.742   -0.843   -0.874   -0.898
 462    11750  4.50   -0.326   -0.598   -0.662   -0.697   -0.741   -0.843   -0.875   -0.898
 463    11750  5.00   -0.355   -0.615   -0.656   -0.692   -0.737   -0.841   -0.873   -0.895
 464    12000  2.50   -0.197   -0.631   -0.728   -0.748   -0.781   -0.900   -0.925   -0.955
 465    12000  3.00   -0.237   -0.623   -0.723   -0.751   -0.790   -0.904   -0.932   -0.961
 466    12000  3.50   -0.275   -0.624   -0.721   -0.752   -0.796   -0.906   -0.937   -0.965
 467    12000  4.00   -0.312   -0.632   -0.718   -0.753   -0.799   -0.908   -0.941   -0.967
 468    12000  4.50   -0.345   -0.643   -0.713   -0.750   -0.799   -0.908   -0.942   -0.967
 469    12000  5.00   -0.374   -0.659   -0.707   -0.746   -0.795   -0.907   -0.942   -0.966
 470    12250  2.50   -0.218   -0.676   -0.777   -0.799   -0.836   -0.963   -0.990   -1.022
 471    12250  3.00   -0.258   -0.668   -0.773   -0.802   -0.845   -0.966   -0.997   -1.028
 472    12250  3.50   -0.297   -0.670   -0.770   -0.804   -0.851   -0.970   -1.003   -1.032
 473    12250  4.00   -0.333   -0.677   -0.768   -0.805   -0.854   -0.972   -1.007   -1.035
 474    12250  4.50   -0.365   -0.688   -0.764   -0.803   -0.855   -0.972   -1.009   -1.036
 475    12250  5.00   -0.394   -0.703   -0.758   -0.799   -0.851   -0.971   -1.008   -1.035
 476    12500  2.50   -0.240   -0.721   -0.825   -0.850   -0.890   -1.024   -1.054   -1.088
 477    12500  3.00   -0.280   -0.712   -0.821   -0.853   -0.899   -1.028   -1.061   -1.094
 478    12500  3.50   -0.319   -0.714   -0.820   -0.856   -0.905   -1.032   -1.067   -1.098
 479    12500  4.00   -0.354   -0.721   -0.817   -0.857   -0.909   -1.034   -1.071   -1.101
 480    12500  4.50   -0.386   -0.732   -0.814   -0.855   -0.910   -1.035   -1.074   -1.103
 481    12500  5.00   -0.414   -0.746   -0.808   -0.852   -0.907   -1.035   -1.074   -1.102
 482    12750  2.50   -0.263   -0.764   -0.873   -0.900   -0.943   -1.085   -1.117   -1.152
 483    12750  3.00   -0.303   -0.756   -0.869   -0.903   -0.952   -1.089   -1.124   -1.158
 484    12750  3.50   -0.341   -0.759   -0.868   -0.906   -0.959   -1.093   -1.130   -1.163
 485    12750  4.00   -0.376   -0.766   -0.866   -0.907   -0.963   -1.095   -1.135   -1.166
 486    12750  4.50   -0.408   -0.776   -0.863   -0.907   -0.964   -1.097   -1.137   -1.168
 487    12750  5.00   -0.435   -0.790   -0.858   -0.903   -0.962   -1.097   -1.138   -1.168
 488    13000  2.50   -0.286   -0.807   -0.920   -0.949   -0.996   -1.144   -1.178   -1.215
 489    13000  3.00   -0.326   -0.800   -0.917   -0.953   -1.005   -1.149   -1.186   -1.222
 490    13000  3.50   -0.364   -0.802   -0.916   -0.956   -1.012   -1.153   -1.192   -1.227
 491    13000  4.00   -0.399   -0.809   -0.914   -0.958   -1.016   -1.156   -1.197   -1.230
 492    13000  4.50   -0.430   -0.820   -0.911   -0.957   -1.018   -1.157   -1.200   -1.232
 493    13000  5.00   -0.456   -0.833   -0.907   -0.954   -1.016   -1.157   -1.201   -1.232
 494    14000  2.00   -0.329   -1.009   -1.114   -1.137   -1.186   -1.367   -1.404   -1.446
 495    14000  2.50   -0.378   -0.974   -1.101   -1.138   -1.197   -1.372   -1.414   -1.456
 496    14000  3.00   -0.421   -0.968   -1.100   -1.145   -1.208   -1.378   -1.423   -1.465
 497    14000  3.50   -0.459   -0.972   -1.101   -1.149   -1.217   -1.383   -1.430   -1.470
 498    14000  4.00   -0.492   -0.979   -1.101   -1.152   -1.222   -1.386   -1.435   -1.474
 499    14000  4.50   -0.521   -0.989   -1.099   -1.152   -1.224   -1.388   -1.439   -1.477
 500    14000  5.00   -0.545   -1.001   -1.095   -1.150   -1.223   -1.389   -1.440   -1.478
 501    15000  2.50   -0.468   -1.130   -1.270   -1.316   -1.385   -1.583   -1.633   -1.680
 502    15000  3.00   -0.515   -1.126   -1.273   -1.325   -1.399   -1.591   -1.644   -1.691
 503    15000  3.50   -0.555   -1.132   -1.276   -1.332   -1.409   -1.598   -1.652   -1.698
 504    15000  4.00   -0.588   -1.140   -1.277   -1.335   -1.415   -1.602   -1.658   -1.702
 505    15000  4.50   -0.615   -1.150   -1.276   -1.336   -1.418   -1.604   -1.661   -1.705
 506    15000  5.00   -0.637   -1.162   -1.272   -1.335   -1.417   -1.606   -1.663   -1.707
 507    16000  2.50   -0.554   -1.277   -1.429   -1.481   -1.560   -1.778   -1.835   -1.888
 508    16000  3.00   -0.607   -1.275   -1.434   -1.493   -1.578   -1.790   -1.849   -1.901
 509    16000  3.50   -0.649   -1.282   -1.440   -1.503   -1.590   -1.799   -1.859   -1.910
 510    16000  4.00   -0.683   -1.292   -1.443   -1.508   -1.597   -1.804   -1.866   -1.915
 511    16000  4.50   -0.709   -1.303   -1.443   -1.510   -1.600   -1.807   -1.870   -1.919
 512    16000  5.00   -0.730   -1.315   -1.440   -1.509   -1.600   -1.808   -1.872   -1.920
 513    17000  2.50   -0.635   -1.416   -1.578   -1.635   -1.723   -1.960   -2.023   -2.080
 514    17000  3.00   -0.694   -1.415   -1.585   -1.651   -1.744   -1.975   -2.040   -2.097
 515    17000  3.50   -0.740   -1.424   -1.594   -1.663   -1.759   -1.986   -2.053   -2.108
 516    17000  4.00   -0.775   -1.436   -1.599   -1.671   -1.768   -1.993   -2.061   -2.115
 517    17000  4.50   -0.802   -1.448   -1.600   -1.674   -1.773   -1.997   -2.065   -2.119
 518    17000  5.00   -0.822   -1.460   -1.598   -1.674   -1.773   -1.999   -2.068   -2.121
 519    18000  2.50   -0.712   -1.546   -1.717   -1.780   -1.875   -2.129   -2.197   -2.259
 520    18000  3.00   -0.776   -1.546   -1.727   -1.799   -1.900   -2.148   -2.218   -2.279
 521    18000  3.50   -0.826   -1.558   -1.739   -1.814   -1.918   -2.162   -2.233   -2.293
 522    18000  4.00   -0.863   -1.571   -1.746   -1.823   -1.929   -2.170   -2.243   -2.302
 523    18000  4.50   -0.891   -1.584   -1.749   -1.828   -1.935   -2.175   -2.249   -2.307
 524    18000  5.00   -0.912   -1.596   -1.748   -1.829   -1.936   -2.178   -2.252   -2.309
 525    19000  2.50   -0.785   -1.669   -1.848   -1.915   -2.017   -2.286   -2.360   -2.426
 526    19000  3.00   -0.854   -1.669   -1.861   -1.937   -2.046   -2.309   -2.385   -2.450
 527    19000  3.50   -0.907   -1.683   -1.875   -1.955   -2.067   -2.326   -2.402   -2.466
 528    19000  4.00   -0.948   -1.699   -1.884   -1.967   -2.080   -2.336   -2.414   -2.477
 529    19000  4.50   -0.977   -1.713   -1.889   -1.973   -2.087   -2.343   -2.421   -2.483
 530    19000  5.00   -0.998   -1.726   -1.889   -1.975   -2.089   -2.346   -2.425   -2.487
 531    20000  3.00   -0.929   -1.785   -1.986   -2.067   -2.183   -2.460   -2.541   -2.610
 532    20000  3.50   -0.986   -1.802   -2.003   -2.089   -2.206   -2.480   -2.561   -2.629
 533    20000  4.00   -1.028   -1.819   -2.015   -2.102   -2.222   -2.492   -2.574   -2.641
 534    20000  4.50   -1.059   -1.834   -2.021   -2.110   -2.230   -2.500   -2.583   -2.649
 535    20000  5.00   -1.081   -1.848   -2.022   -2.113   -2.234   -2.505   -2.587   -2.654
 536    21000  3.00   -1.000   -1.894   -2.103   -2.189   -2.311   -2.602   -2.688   -2.761
 537    21000  3.50   -1.061   -1.914   -2.124   -2.214   -2.339   -2.625   -2.710   -2.782
 538    21000  4.00   -1.105   -1.933   -2.138   -2.230   -2.356   -2.639   -2.726   -2.796
 539    21000  4.50   -1.137   -1.949   -2.146   -2.240   -2.366   -2.649   -2.735   -2.805
 540    21000  5.00   -1.160   -1.963   -2.148   -2.244   -2.370   -2.654   -2.741   -2.811
 541    22000  3.00   -1.067   -1.996   -2.213   -2.304   -2.431   -2.735   -2.825   -2.902
 542    22000  3.50   -1.133   -2.019   -2.238   -2.333   -2.463   -2.761   -2.852   -2.927
 543    22000  4.00   -1.179   -2.040   -2.254   -2.351   -2.483   -2.778   -2.869   -2.943
 544    22000  4.50   -1.212   -2.058   -2.264   -2.362   -2.494   -2.789   -2.879   -2.953
 545    22000  5.00   -1.235   -2.073   -2.268   -2.368   -2.499   -2.795   -2.886   -2.960
 546    23000  3.00   -1.129   -2.091   -2.316   -2.410   -2.543   -2.858   -2.952   -3.033
 547    23000  3.50   -1.201   -2.118   -2.345   -2.444   -2.580   -2.890   -2.985   -3.064
 548    23000  4.00   -1.251   -2.142   -2.365   -2.466   -2.603   -2.910   -3.004   -3.082
 549    23000  4.50   -1.285   -2.161   -2.376   -2.479   -2.616   -2.922   -3.016   -3.094
 550    23000  5.00   -1.308   -2.177   -2.381   -2.485   -2.622   -2.929   -3.024   -3.101
 551    24000  3.00   -1.184   -2.178   -2.409   -2.508   -2.646   -2.972   -3.071   -3.155
 552    24000  3.50   -1.265   -2.211   -2.446   -2.549   -2.690   -3.011   -3.110   -3.193
 553    24000  4.00   -1.318   -2.237   -2.468   -2.574   -2.716   -3.034   -3.133   -3.214
 554    24000  4.50   -1.354   -2.258   -2.482   -2.589   -2.731   -3.048   -3.146   -3.228
 555    24000  5.00   -1.378   -2.275   -2.488   -2.596   -2.739   -3.056   -3.154   -3.235
 556    25000  3.00   -1.228   -2.254   -2.492   -2.593   -2.737   -3.075   -3.178   -3.267
 557    25000  3.50   -1.325   -2.297   -2.540   -2.647   -2.794   -3.125   -3.228   -3.315
 558    25000  4.00   -1.382   -2.327   -2.566   -2.676   -2.823   -3.151   -3.254   -3.339
 559    25000  4.50   -1.420   -2.350   -2.582   -2.693   -2.840   -3.167   -3.270   -3.354
 560    25000  5.00   -1.445   -2.368   -2.590   -2.702   -2.849   -3.177   -3.279   -3.363
 561    26000  3.00   -1.259   -2.319   -2.560   -2.664   -2.810   -3.160   -3.267   -3.360
 562    26000  3.50   -1.378   -2.376   -2.627   -2.738   -2.889   -3.231   -3.338   -3.428
 563    26000  4.00   -1.442   -2.412   -2.658   -2.771   -2.924   -3.262   -3.369   -3.457
 564    26000  4.50   -1.482   -2.437   -2.676   -2.791   -2.943   -3.280   -3.386   -3.475
 565    26000  5.00   -1.509   -2.456   -2.686   -2.801   -2.954   -3.291   -3.397   -3.485
 566    27000  3.50   -1.423   -2.447   -2.704   -2.819   -2.976   -3.328   -3.439   -3.533
 567    27000  4.00   -1.496   -2.490   -2.744   -2.861   -3.018   -3.366   -3.476   -3.568
 568    27000  4.50   -1.540   -2.518   -2.765   -2.883   -3.040   -3.386   -3.496   -3.588
 569    27000  5.00   -1.568   -2.538   -2.776   -2.895   -3.052   -3.399   -3.508   -3.600
 570    28000  3.50   -1.460   -2.509   -2.773   -2.890   -3.051   -3.413   -3.529   -3.626
 571    28000  4.00   -1.545   -2.561   -2.822   -2.943   -3.105   -3.462   -3.576   -3.672
 572    28000  4.50   -1.593   -2.593   -2.847   -2.969   -3.131   -3.486   -3.600   -3.695
 573    28000  5.00   -1.623   -2.614   -2.860   -2.983   -3.145   -3.500   -3.613   -3.708
 574    29000  3.50   -1.491   -2.566   -2.834   -2.953   -3.117   -3.487   -3.605   -3.704
 575    29000  4.00   -1.586   -2.625   -2.893   -3.017   -3.183   -3.550   -3.667   -3.766
 576    29000  4.50   -1.641   -2.661   -2.924   -3.048   -3.215   -3.579   -3.696   -3.794
 577    29000  5.00   -1.673   -2.686   -2.939   -3.065   -3.231   -3.595   -3.711   -3.809
 578    30000  3.50   -1.527   -2.624   -2.895   -3.015   -3.179   -3.555   -3.674   -3.775
 579    30000  4.00   -1.622   -2.682   -2.957   -3.083   -3.253   -3.628   -3.749   -3.850
 580    30000  4.50   -1.683   -2.724   -2.993   -3.121   -3.291   -3.664   -3.784   -3.885
 581    30000  5.00   -1.718   -2.751   -3.012   -3.141   -3.311   -3.683   -3.803   -3.903
 582    31000  3.50   -1.571   -2.687   -2.959   -3.079   -3.242   -3.623   -3.742   -3.844
 583    31000  4.00   -1.656   -2.737   -3.017   -3.145   -3.317   -3.699   -3.822   -3.925
 584    31000  4.50   -1.720   -2.781   -3.057   -3.188   -3.361   -3.742   -3.865   -3.967
 585    31000  5.00   -1.758   -2.811   -3.079   -3.210   -3.384   -3.764   -3.886   -3.989
 586    32000  4.00   -1.692   -2.791   -3.075   -3.205   -3.379   -3.766   -3.890   -3.995
 587    32000  4.50   -1.755   -2.836   -3.117   -3.250   -3.426   -3.814   -3.938   -4.043
 588    32000  5.00   -1.796   -2.867   -3.141   -3.275   -3.452   -3.839   -3.964   -4.068
 589    33000  4.00   -1.736   -2.851   -3.137   -3.268   -3.442   -3.834   -3.958   -4.064
 590    33000  4.50   -1.791   -2.888   -3.175   -3.310   -3.488   -3.881   -4.007   -4.112
 591    33000  5.00   -1.831   -2.920   -3.200   -3.337   -3.516   -3.909   -4.035   -4.141
 592    34000  4.00   -1.788   -2.915   -3.204   -3.335   -3.508   -3.902   -4.027   -4.133
 593    34000  4.50   -1.832   -2.944   -3.234   -3.371   -3.550   -3.947   -4.074   -4.181
 594    34000  5.00   -1.869   -2.973   -3.258   -3.397   -3.578   -3.976   -4.103   -4.210
 595    35000  4.00   -1.847   -2.985   -3.275   -3.405   -3.578   -3.972   -4.097   -4.203
 596    35000  4.50   -1.880   -3.004   -3.297   -3.434   -3.614   -4.014   -4.141   -4.248
 597    35000  5.00   -1.911   -3.028   -3.318   -3.458   -3.640   -4.042   -4.170   -4.278
 598    36000  4.00   -1.914   -3.060   -3.351   -3.480   -3.652   -4.045   -4.169   -4.275
 599    36000  4.50   -1.933   -3.067   -3.363   -3.501   -3.680   -4.081   -4.209   -4.316
 600    36000  5.00   -1.958   -3.086   -3.380   -3.521   -3.703   -4.108   -4.237   -4.345
 601    37000  4.00   -1.986   -3.138   -3.430   -3.559   -3.730   -4.123   -4.246   -4.352
 602    37000  4.50   -1.994   -3.136   -3.434   -3.570   -3.749   -4.150   -4.277   -4.385
 603    37000  5.00   -2.011   -3.148   -3.445   -3.586   -3.768   -4.174   -4.303   -4.412
 604    38000  4.00   -2.061   -3.218   -3.512   -3.641   -3.811   -4.204   -4.327   -4.432
 605    38000  4.50   -2.059   -3.208   -3.508   -3.644   -3.821   -4.222   -4.349   -4.457
 606    38000  5.00   -2.070   -3.214   -3.513   -3.654   -3.836   -4.242   -4.371   -4.480
 607    39000  4.00   -2.137   -3.298   -3.593   -3.723   -3.893   -4.287   -4.410   -4.516
 608    39000  4.50   -2.129   -3.283   -3.585   -3.721   -3.897   -4.297   -4.424   -4.532
 609    39000  5.00   -2.133   -3.283   -3.585   -3.726   -3.906   -4.312   -4.440   -4.549
 610    40000  4.50   -2.202   -3.360   -3.663   -3.799   -3.976   -4.376   -4.502   -4.610
 611    40000  5.00   -2.200   -3.355   -3.659   -3.800   -3.980   -4.385   -4.513   -4.622
 612    41000  4.50   -2.275   -3.437   -3.741   -3.878   -4.055   -4.455   -4.582   -4.690
 613    41000  5.00   -2.270   -3.429   -3.735   -3.876   -4.055   -4.460   -4.588   -4.698
 614    42000  4.50   -2.348   -3.513   -3.819   -3.957   -4.134   -4.535   -4.662   -4.771
 615    42000  5.00   -2.341   -3.504   -3.811   -3.953   -4.132   -4.537   -4.665   -4.775
 616    43000  4.50   -2.420   -3.588   -3.896   -4.034   -4.212   -4.614   -4.741   -4.850
 617    43000  5.00   -2.413   -3.579   -3.888   -4.030   -4.209   -4.614   -4.743   -4.853
 618    44000  4.50   -2.490   -3.662   -3.971   -4.110   -4.288   -4.691   -4.819   -4.929
 619    44000  5.00   -2.484   -3.652   -3.963   -4.106   -4.286   -4.691   -4.820   -4.931
 620    45000  4.50   -2.560   -3.734   -4.045   -4.184   -4.363   -4.767   -4.895   -5.006
 621    45000  5.00   -2.554   -3.725   -4.038   -4.181   -4.361   -4.768   -4.897   -5.008
 622    46000  4.50   -2.627   -3.804   -4.117   -4.256   -4.437   -4.842   -4.970   -5.082
 623    46000  5.00   -2.623   -3.797   -4.111   -4.254   -4.436   -4.843   -4.972   -5.084
 624    47000  4.50   -2.694   -3.873   -4.187   -4.327   -4.508   -4.915   -5.044   -5.155
 625    47000  5.00   -2.690   -3.867   -4.182   -4.326   -4.508   -4.917   -5.046   -5.159
 626    48000  4.50   -2.759   -3.941   -4.255   -4.396   -4.578   -4.986   -5.115   -5.227
 627    48000  5.00   -2.757   -3.935   -4.252   -4.397   -4.580   -4.989   -5.119   -5.232
 628    49000  4.50   -2.822   -4.007   -4.323   -4.464   -4.646   -5.055   -5.185   -5.298
 629    49000  5.00   -2.821   -4.002   -4.320   -4.466   -4.649   -5.060   -5.190   -5.303
 630    50000  5.00   -2.885   -4.068   -4.387   -4.533   -4.717   -5.129   -5.260   -5.373
 631    56101  5.00   -2.963   -4.181   -4.490   -4.622   -4.802   -5.216   -5.342   -5.449
 632    62946  5.00   -3.290   -4.518   -4.835   -4.972   -5.157   -5.579   -5.708   -5.817
 633    70627  5.00   -3.623   -4.859   -5.183   -5.325   -5.514   -5.942   -6.074   -6.186
 634    79245  5.00   -3.961   -5.204   -5.534   -5.680   -5.873   -6.307   -6.442   -6.555
 635    88914  5.00   -4.303   -5.552   -5.889   -6.037   -6.235   -6.673   -6.810   -6.926
 636    99763  5.00   -4.649   -5.903   -6.245   -6.397   -6.597   -7.040   -7.179   -7.296
 637   111936  5.00   -4.998   -6.257   -6.604   -6.758   -6.961   -7.408   -7.549   -7.667
 638   125595  5.00   -5.351   -6.614   -6.964   -7.120   -7.326   -7.777   -7.919   -8.039
 639   140920  5.00   -5.706   -6.972   -7.326   -7.484   -7.693   -8.146   -8.290   -8.411
 640   158115  5.00   -6.063   -7.333   -7.690   -7.850   -8.060   -8.516   -8.661   -8.783
 641   177407  5.00   -6.422   -7.695   -8.054   -8.216   -8.428   -8.887   -9.033   -9.155
 642   199055  5.00   -6.783   -8.058   -8.420   -8.583   -8.797   -9.258   -9.405   -9.528
 643   223343  5.00   -7.145   -8.423   -8.787   -8.952   -9.167   -9.629   -9.777   -9.901
 644   250595  5.00   -7.509   -8.789   -9.155   -9.321   -9.537  -10.001  -10.150  -10.274
 645   281172  5.00   -7.874   -9.156   -9.524   -9.690   -9.907  -10.373  -10.523  -10.648
 646   315481  5.00   -8.241   -9.524   -9.893  -10.060  -10.279  -10.746  -10.896  -11.021
 647   353975  5.00   -8.608   -9.892  -10.263  -10.431  -10.650  -11.118  -11.269  -11.395
 648   397167  5.00   -8.976  -10.262  -10.634  -10.802  -11.022  -11.491  -11.643  -11.769
 649   445629  5.00   -9.345  -10.632  -11.005  -11.174  -11.394  -11.865  -12.016  -12.143
 650   500004  5.00   -9.714  -11.002  -11.376  -11.546  -11.767  -12.238  -12.390  -12.517
 651   561014  5.00  -10.084  -11.373  -11.748  -11.918  -12.140  -12.612  -12.764  -12.891
 652   629469  5.00  -10.455  -11.745  -12.120  -12.291  -12.513  -12.985  -13.138  -13.266
 653   706276  5.00  -10.826  -12.116  -12.493  -12.664  -12.886  -13.359  -13.512  -13.640
 654   792455  5.00  -11.198  -12.489  -12.865  -13.037  -13.260  -13.733  -13.887  -14.015
 655   889149  5.00  -11.570  -12.861  -13.238  -13.410  -13.633  -14.108  -14.261  -14.389
 656   997642  5.00  -11.942  -13.234  -13.612  -13.784  -14.007  -14.482  -14.635  -14.764
 657  1119373  5.00  -12.315  -13.607  -13.985  -14.157  -14.381  -14.856  -15.010  -15.138
 658  1255958  5.00  -12.687  -13.980  -14.359  -14.531  -14.755  -15.230  -15.384  -15.513
 659  1409209  5.00  -13.060  -14.353  -14.732  -14.905  -15.129  -15.605  -15.759  -15.888
 660  1581159  5.00  -13.434  -14.727  -15.106  -15.279  -15.503  -15.979  -16.134  -16.262
 661  1774090  5.00  -13.807  -15.101  -15.480  -15.653  -15.878  -16.354  -16.508  -16.637
 662  1990563  5.00  -14.181  -15.475  -15.854  -16.027  -16.252  -16.729  -16.883  -17.012
 663  2233450  5.00  -14.555  -15.849  -16.229  -16.402  -16.627  -17.103  -17.258  -17.387
 664  2505973  5.00  -14.929  -16.223  -16.603  -16.776  -17.001  -17.478  -17.633  -17.762
 665  2811749  5.00  -15.303  -16.597  -16.977  -17.151  -17.376  -17.853  -18.007  -18.136
 666  3154836  5.00  -15.677  -16.971  -17.352  -17.525  -17.750  -18.227  -18.382  -18.511
 667  3539785  5.00  -16.051  -17.346  -17.726  -17.900  -18.125  -18.602  -18.757  -18.886
 668  3971706  5.00  -16.425  -17.720  -18.101  -18.274  -18.500  -18.977  -19.132  -19.261
 669  4456330  5.00  -16.800  -18.095  -18.475  -18.649  -18.874  -19.352  -19.507  -19.636
# BCs for Fluks et al. 1994 M-giant spectra:
#  n     Teff  logg        U        B        V        R        I        J        H        K
   0     3810  0.00   -4.369   -2.834   -1.282   -0.342    0.415    1.633    2.525    2.657
   1     3736  0.00   -4.611   -3.075   -1.505   -0.500    0.388    1.661    2.570    2.711
   2     3666  0.00   -4.867   -3.343   -1.745   -0.681    0.346    1.687    2.614    2.766
   3     3574  0.00   -5.083   -3.741   -2.128   -0.961    0.221    1.725    2.677    2.844
   4     3434  0.00   -5.587   -4.401   -2.825   -1.473   -0.038    1.772    2.757    2.947
   5     3309  0.00   -6.114   -5.373   -3.842   -2.217   -0.437    1.820    2.833    3.047
   6     3126  0.00   -7.073   -6.737   -5.195   -3.221   -1.082    1.873    2.918    3.152
   7     2890  0.00   -7.806   -8.070   -6.411   -3.883   -1.624    1.940    2.966    3.231
   8     2667  0.00   -8.538   -9.000   -7.274   -4.257   -1.890    1.988    2.909    3.266
   9     2500  0.00   -9.278   -9.749   -8.017   -4.612   -2.027    2.018    2.794    3.252
