# BCs for ATLAS9 + DUSTY99 + blackbody spectra:
#  n     Teff  logg        U        B        V        R        I        J        H        K
   0      500  3.50  -999999  -77.837  -59.335  -43.647  -38.637  -19.145   -9.336   -2.422
   1      500  4.00  -999999  -76.555  -58.415  -42.950  -37.962  -18.732   -9.018   -2.268
   2      500  4.50  -999999  -76.196  -57.896  -42.344  -37.347  -18.060   -8.359   -1.889
   3      500  5.00  -999999  -73.695  -55.897  -40.712  -35.755  -17.017   -7.665   -1.584
   4      500  5.50  -999999  -70.464  -53.343  -38.683  -33.785  -15.826   -6.965   -1.313
   5      500  6.00  -999999  -67.210  -50.783  -36.672  -31.841  -14.677   -6.278   -1.085
   6      600  3.50  -999999  -63.454  -48.532  -35.497  -30.796  -14.821   -6.775   -1.009
   7      600  4.00  -999999  -62.710  -47.961  -35.054  -30.370  -14.545   -6.547   -0.871
   8      600  4.50  -999999  -64.586  -49.152  -35.736  -30.989  -14.563   -6.282   -0.669
   9      600  5.00  -999999  -62.654  -47.545  -34.387  -29.675  -13.642   -5.598   -0.322
  10      600  5.50  -999999  -60.239  -45.579  -32.780  -28.119  -12.644   -4.958   -0.048
  11      600  6.00  -79.552  -57.584  -43.481  -31.126  -26.529  -11.680   -4.367    0.149
  12      700  3.50  -71.033  -52.484  -40.133  -29.121  -24.716  -11.375   -4.661    0.184
  13      700  4.00  -70.214  -51.887  -39.676  -28.773  -24.385  -11.168   -4.507    0.265
  14      700  4.50  -72.444  -53.379  -40.660  -29.335  -24.886  -11.168   -4.261    0.466
  15      700  5.00  -71.261  -52.430  -39.831  -28.592  -24.157  -10.590   -3.813    0.677
  16      700  5.50  -68.834  -50.515  -38.199  -27.176  -22.782   -9.650   -3.215    0.919
  17      700  6.00  -65.662  -48.083  -36.215  -25.562  -21.237   -8.724   -2.678    1.104
  18      800  3.50  -57.884  -42.755  -32.487  -23.190  -19.094   -8.066   -2.659    1.212
  19      800  4.00  -58.109  -42.955  -32.672  -23.355  -19.252   -8.160   -2.684    1.255
  20      800  4.50  -59.942  -44.199  -33.517  -23.840  -19.678   -8.234   -2.606    1.331
  21      800  5.00  -58.918  -43.313  -32.693  -23.075  -18.935   -7.712   -2.228    1.518
  22      800  5.50  -57.410  -41.963  -31.471  -22.018  -17.923   -7.085   -1.845    1.647
  23      800  6.00  -54.755  -39.808  -29.713  -20.670  -16.660   -6.400   -1.462    1.758
  24      900  3.50  -46.755  -34.434  -25.974  -18.380  -14.639   -5.755   -1.424    1.787
  25      900  4.00  -46.856  -34.426  -25.910  -18.265  -14.518   -5.619   -1.281    1.918
  26      900  4.50  -48.992  -35.862  -26.916  -18.876  -15.054   -5.799   -1.271    2.001
  27      900  5.00  -46.997  -34.104  -25.390  -17.628  -13.877   -5.075   -0.995    2.095
  28      900  5.50  -47.080  -34.152  -25.420  -17.644  -13.891   -5.079   -0.776    2.221
  29     1000  3.50  -41.164  -30.322  -22.779  -16.086  -12.556   -4.706   -0.824    2.168
  30     1000  4.00  -40.273  -29.604  -22.175  -15.602  -12.105   -4.414   -0.616    2.276
  31     1000  4.50  -40.321  -29.447  -21.947  -15.338  -11.840   -4.189   -0.413    2.407
  32     1000  5.00  -40.387  -29.284  -21.716  -15.079  -11.582   -3.977   -0.218    2.536
  33     1000  5.50  -39.908  -28.817  -21.299  -14.727  -11.249   -3.759   -0.056    2.590
  34     1000  6.00  -38.270  -27.600  -20.342  -14.029  -10.614   -3.397    0.167    2.661
  35     1100  3.50  -35.931  -26.459  -19.731  -13.864  -10.553   -3.645   -0.199    2.523
  36     1100  4.00  -35.535  -26.142  -19.464  -13.648  -10.353   -3.511   -0.095    2.594
  37     1100  4.50  -35.488  -25.982  -19.278  -13.455  -10.163   -3.356    0.052    2.686
  38     1100  5.00  -35.013  -25.456  -18.776  -13.008   -9.738   -3.053    0.289    2.803
  39     1100  5.50  -34.330  -24.799  -18.186  -12.510   -9.272   -2.742    0.517    2.898
  40     1100  6.00  -41.578  -30.736  -23.193  -16.500  -12.970   -5.119   -1.238    1.754
  41     1200  3.50  -31.268  -23.041  -17.003  -11.827   -8.729   -2.623    0.437    2.867
  42     1200  4.00  -31.268  -23.041  -17.003  -11.827   -8.729   -2.623    0.437    2.867
  43     1200  4.50  -31.268  -23.041  -17.003  -11.827   -8.729   -2.623    0.437    2.867
  44     1200  5.00  -31.470  -22.999  -16.874  -11.643   -8.535   -2.440    0.638    3.017
  45     1200  6.00  -29.840  -21.561  -15.629  -10.628   -7.602   -1.838    1.050    3.138
  46     1300  3.50  -27.154  -20.031  -14.588  -10.008   -7.116   -1.709    1.010    3.173
  47     1300  4.00  -27.185  -20.068  -14.623  -10.036   -7.141   -1.722    1.006    3.171
  48     1300  4.50  -27.907  -20.558  -14.993  -10.292   -7.359   -1.832    0.970    3.177
  49     1300  5.00  -27.924  -20.525  -14.939  -10.224   -7.288   -1.771    1.030    3.216
  50     1300  5.50  -27.825  -20.312  -14.714  -10.013   -7.087   -1.628    1.138    3.252
  51     1300  6.00  -31.418  -23.250  -17.241  -12.093   -9.004   -2.927    1.038    3.284
  52     1400  3.50  -23.727  -17.523  -12.580   -8.505   -5.805   -0.965    1.512    3.398
  53     1400  4.00  -23.769  -17.557  -12.608   -8.524   -5.821   -0.981    1.487    3.380
  54     1400  4.50  -24.218  -17.860  -12.828   -8.659   -5.924   -1.028    1.449    3.359
  55     1400  5.00  -24.680  -18.164  -13.056   -8.817   -6.056   -1.089    1.451    3.381
  56     1400  5.50  -24.573  -17.923  -12.813   -8.583   -5.833   -0.937    1.533    3.391
  57     1400  6.00  -24.587  -17.929  -12.816   -8.584   -5.834   -0.937    1.550    3.395
  58     1500  3.50  -21.154  -15.632  -11.045   -7.310   -4.738   -0.192    2.003    3.536
  59     1500  4.00  -21.051  -15.565  -11.008   -7.307   -4.755   -0.267    1.963    3.519
  60     1500  4.50  -21.527  -15.865  -11.223   -7.450   -4.875   -0.374    1.901    3.493
  61     1500  5.00  -21.739  -15.999  -11.322   -7.514   -4.927   -0.426    1.870    3.491
  62     1500  5.50  -21.947  -16.102  -11.392   -7.550   -4.952   -0.457    1.843    3.485
  63     1500  6.00  -21.993  -16.085  -11.374   -7.523   -4.924   -0.453    1.825    3.464
  64     1600  3.50  -19.289  -14.087   -9.720   -6.229   -3.719    0.623    2.351    3.549
  65     1600  4.00  -19.086  -14.036   -9.724   -6.261   -3.772    0.538    2.333    3.546
  66     1600  4.50  -19.175  -14.093   -9.775   -6.322   -3.862    0.403    2.292    3.534
  67     1600  5.00  -19.276  -14.177   -9.852   -6.393   -3.946    0.258    2.238    3.525
  68     1600  5.50  -19.444  -14.266   -9.922   -6.442   -3.997    0.158    2.186    3.516
  69     1600  6.00  -19.585  -14.332   -9.980   -6.480   -4.033    0.079    2.133    3.504
  70     1700  3.50  -17.481  -12.456   -8.506   -5.300   -2.795    1.312    2.579    3.515
  71     1700  4.00  -17.144  -12.072   -8.130   -5.007   -2.565    1.362    2.641    3.543
  72     1700  4.50  -15.931  -11.076   -7.399   -4.452   -2.046    1.732    2.864    3.639
  73     1700  5.00  -17.077  -12.235   -8.269   -5.081   -2.640    1.282    2.689    3.571
  74     1700  5.50  -17.350  -12.632   -8.599   -5.372   -2.967    0.971    2.562    3.532
  75     1700  6.00  -17.526  -12.797   -8.753   -5.542   -3.198    0.710    2.436    3.501
  76     1800  3.50  -15.888  -11.323   -7.784   -4.781   -2.259    1.600    2.624    3.428
  77     1800  4.00  -15.717  -11.107   -7.566   -4.633   -2.157    1.641    2.675    3.437
  78     1800  4.50  -14.792  -10.366   -6.968   -4.190   -1.793    1.829    2.804    3.476
  79     1800  5.00  -14.704  -10.336   -6.951   -4.150   -1.755    1.862    2.873    3.502
  80     1800  5.50  -15.525  -11.046   -7.439   -4.482   -2.094    1.569    2.763    3.453
  81     1800  6.00  -15.630  -11.161   -7.508   -4.513   -2.138    1.506    2.769    3.492
  82     1900  3.50  -13.433   -9.971   -7.013   -4.262   -1.718    1.888    2.688    3.362
  83     1900  4.00  -14.567  -10.283   -7.094   -4.308   -1.783    1.819    2.678    3.344
  84     1900  4.50  -15.605  -10.923   -7.474   -4.561   -2.049    1.623    2.616    3.297
  85     1900  5.00  -14.662  -10.244   -6.953   -4.167   -1.720    1.802    2.752    3.329
  86     1900  5.50  -14.705  -10.477   -7.122   -4.287   -1.883    1.681    2.733    3.291
  87     1900  6.00  -14.657  -10.515   -7.116   -4.290   -1.950    1.573    2.689    3.272
  88     2000  3.50  -11.686   -9.069   -6.597   -4.012   -1.426    2.003    2.684    3.284
  89     2000  4.00  -12.959   -9.328   -6.540   -3.943   -1.391    1.977    2.692    3.275
  90     2000  4.50  -13.759   -9.472   -6.515   -3.889   -1.360    1.972    2.714    3.255
  91     2000  5.00  -14.243   -9.718   -6.647   -3.943   -1.431    1.915    2.726    3.219
  92     2000  5.50  -14.319  -10.137   -6.927   -4.152   -1.702    1.737    2.692    3.171
  93     2000  6.00  -13.858   -9.930   -6.747   -4.043   -1.691    1.686    2.677    3.136
  94     2100  4.00  -11.439   -8.506   -6.076   -3.667   -1.112    2.058    2.681    3.204
  95     2100  5.00  -13.108   -8.773   -6.002   -3.500   -0.981    2.079    2.757    3.178
  96     2100  5.50  -13.873   -9.383   -6.444   -3.768   -1.250    1.908    2.716    3.103
  97     2100  6.00  -13.759   -9.683   -6.647   -3.931   -1.486    1.759    2.658    3.023
  98     2200  3.50   -8.915   -7.345   -5.579   -3.415   -0.890    2.123    2.654    3.143
  99     2200  4.00  -10.005   -7.690   -5.578   -3.373   -0.856    2.110    2.664    3.138
 100     2200  4.50  -11.242   -8.008   -5.630   -3.344   -0.810    2.119    2.691    3.128
 101     2200  5.00  -12.318   -8.239   -5.663   -3.287   -0.763    2.109    2.726    3.115
 102     2200  5.50  -13.104   -8.598   -5.900   -3.380   -0.855    2.040    2.738    3.063
 103     2200  6.00  -13.227   -8.736   -6.015   -3.416   -0.908    1.985    2.727    2.978
 104     2300  3.50   -7.944   -6.653   -5.071   -3.087   -0.654    2.133    2.628    3.082
 105     2300  4.00   -8.895   -6.987   -5.084   -3.058   -0.621    2.122    2.640    3.081
 106     2300  4.50  -10.098   -7.366   -5.193   -3.071   -0.595    2.127    2.663    3.072
 107     2300  5.00  -11.397   -7.702   -5.294   -3.053   -0.567    2.111    2.691    3.059
 108     2300  5.50  -12.347   -7.970   -5.450   -3.077   -0.578    2.089    2.724    3.024
 109     2300  6.00  -12.604   -8.087   -5.533   -3.069   -0.579    2.070    2.747    2.957
 110     2400  3.50   -7.187   -6.065   -4.578   -2.745   -0.433    2.124    2.598    3.025
 111     2400  4.00   -7.975   -6.355   -4.599   -2.729   -0.405    2.114    2.610    3.026
 112     2400  4.50   -9.030   -6.726   -4.726   -2.771   -0.387    2.125    2.634    3.017
 113     2400  5.50  -11.371   -7.361   -4.991   -2.776   -0.334    2.117    2.708    2.988
 114     2400  6.00  -12.075   -7.607   -5.172   -2.818   -0.368    2.083    2.724    2.925
 115     2500  3.50   -6.668   -5.611   -4.142   -2.423   -0.247    2.090    2.558    2.968
 116     2500  4.00   -7.276   -5.823   -4.145   -2.405   -0.213    2.087    2.574    2.973
 117     2500  4.50   -8.174   -6.166   -4.290   -2.476   -0.204    2.103    2.599    2.965
 118     2500  5.00   -9.277   -6.499   -4.401   -2.481   -0.166    2.109    2.635    2.966
 119     2500  5.50  -10.490   -6.843   -4.581   -2.509   -0.154    2.103    2.670    2.950
 120     2500  6.00  -11.349   -7.104   -4.773   -2.548   -0.169    2.088    2.702    2.903
 121     2600  3.50   -6.257   -5.230   -3.763   -2.139   -0.093    2.052    2.518    2.912
 122     2600  4.00   -6.736   -5.380   -3.745   -2.113   -0.054    2.048    2.535    2.919
 123     2600  4.50   -7.483   -5.674   -3.883   -2.191   -0.044    2.069    2.561    2.915
 124     2600  5.00   -8.381   -5.955   -3.968   -2.198   -0.006    2.080    2.598    2.919
 125     2600  5.50   -9.530   -6.299   -4.143   -2.233    0.012    2.082    2.636    2.912
 126     2600  6.00  -10.529   -6.622   -4.372   -2.290   -0.004    2.069    2.667    2.878
 127     2700  3.50   -5.926   -4.917   -3.458   -1.914    0.020    2.012    2.478    2.855
 128     2700  4.00   -6.284   -4.997   -3.396   -1.858    0.075    2.008    2.496    2.866
 129     2700  4.50   -6.891   -5.230   -3.508   -1.928    0.094    2.032    2.525    2.865
 130     2700  5.00   -7.636   -5.470   -3.572   -1.933    0.128    2.041    2.557    2.872
 131     2700  5.50   -8.637   -5.787   -3.724   -1.970    0.151    2.049    2.597    2.873
 132     2700  6.00   -9.673   -6.123   -3.951   -2.028    0.146    2.045    2.632    2.852
 133     2800  5.00   -9.553   -5.202   -2.858   -1.206    0.569    1.987    2.401    2.429
 134     2800  5.50  -10.458   -5.381   -2.995   -1.161    0.647    2.025    2.313    2.250
 135     2900  5.00   -8.677   -4.811   -2.539   -1.045    0.573    1.933    2.402    2.477
 136     2900  5.50   -9.524   -4.990   -2.670   -1.025    0.643    1.972    2.330    2.316
 137     3000  5.00   -7.880   -4.452   -2.259   -0.889    0.578    1.882    2.396    2.509
 138     3000  5.50   -8.664   -4.631   -2.380   -0.889    0.640    1.920    2.338    2.369
 139     3100  5.00   -7.155   -4.128   -2.018   -0.745    0.583    1.836    2.383    2.527
 140     3100  5.50   -7.850   -4.300   -2.122   -0.758    0.636    1.869    2.337    2.411
 141     3200  5.00   -6.521   -3.836   -1.814   -0.616    0.589    1.793    2.363    2.529
 142     3200  5.50   -7.111   -3.992   -1.896   -0.632    0.635    1.823    2.329    2.437
 143     3300  5.00   -5.967   -3.567   -1.639   -0.499    0.599    1.756    2.339    2.521
 144     3300  5.50   -6.433   -3.706   -1.699   -0.516    0.636    1.781    2.316    2.451
 145     3400  5.00   -5.487   -3.322   -1.488   -0.394    0.611    1.721    2.312    2.504
 146     3400  5.50   -5.819   -3.438   -1.531   -0.409    0.639    1.741    2.296    2.451
 147     3500  5.00   -5.069   -3.095   -1.356   -0.302    0.623    1.689    2.280    2.481
 148     3500  5.50   -5.269   -3.189   -1.385   -0.313    0.644    1.705    2.270    2.440
 149     3600  5.00   -4.686   -2.887   -1.241   -0.224    0.633    1.657    2.246    2.453
 150     3600  5.50   -4.798   -2.961   -1.261   -0.231    0.649    1.669    2.239    2.419
 151     3700  5.00   -4.329   -2.692   -1.136   -0.159    0.642    1.625    2.210    2.422
 152     3700  5.50   -4.421   -2.762   -1.158   -0.166    0.653    1.634    2.202    2.390
 153     3800  5.00   -4.009   -2.510   -1.040   -0.107    0.650    1.595    2.175    2.387
 154     3800  5.50   -4.109   -2.567   -1.051   -0.100    0.668    1.607    2.170    2.361
 155     3500  0.00   -6.154   -4.152   -1.985   -0.693    0.349    1.686    2.685    2.854
 156     3500  0.50   -5.621   -3.736   -1.716   -0.539    0.424    1.690    2.642    2.798
 157     3500  1.00   -5.072   -3.354   -1.491   -0.409    0.493    1.698    2.586    2.731
 158     3500  1.50   -4.568   -3.063   -1.337   -0.314    0.550    1.699    2.514    2.663
 159     3500  2.00   -4.205   -2.896   -1.261   -0.263    0.586    1.692    2.425    2.605
 160     3500  2.50   -3.986   -2.794   -1.215   -0.229    0.610    1.691    2.354    2.557
 161     3500  3.00   -3.890   -2.746   -1.189   -0.205    0.626    1.695    2.314    2.512
 162     3500  3.50   -3.892   -2.739   -1.176   -0.183    0.642    1.704    2.284    2.459
 163     3500  4.00   -3.973   -2.762   -1.169   -0.158    0.663    1.717    2.248    2.394
 164     3500  4.50   -4.112   -2.794   -1.158   -0.124    0.692    1.733    2.196    2.314
 165     3500  5.00   -4.298   -2.817   -1.142   -0.082    0.733    1.750    2.125    2.211
 166     3750  0.00   -5.420   -3.604   -1.619   -0.476    0.460    1.655    2.568    2.719
 167     3750  0.50   -5.012   -3.299   -1.447   -0.399    0.473    1.632    2.548    2.700
 168     3750  1.00   -4.566   -3.009   -1.298   -0.329    0.493    1.621    2.519    2.673
 169     3750  1.50   -4.116   -2.749   -1.168   -0.257    0.527    1.620    2.477    2.629
 170     3750  2.00   -3.743   -2.563   -1.077   -0.196    0.569    1.620    2.415    2.574
 171     3750  2.50   -3.496   -2.455   -1.026   -0.154    0.605    1.618    2.342    2.522
 172     3750  3.00   -3.349   -2.391   -0.997   -0.127    0.629    1.618    2.284    2.479
 173     3750  3.50   -3.290   -2.360   -0.980   -0.106    0.647    1.622    2.248    2.441
 174     3750  4.00   -3.305   -2.356   -0.969   -0.084    0.665    1.630    2.222    2.393
 175     3750  4.50   -3.383   -2.373   -0.960   -0.058    0.687    1.643    2.188    2.326
 176     3750  5.00   -3.511   -2.398   -0.946   -0.022    0.718    1.660    2.136    2.242
 177     4000  0.00   -4.510   -2.971   -1.216   -0.228    0.598    1.633    2.421    2.543
 178     4000  0.50   -4.148   -2.732   -1.094   -0.184    0.592    1.604    2.404    2.532
 179     4000  1.00   -3.775   -2.516   -0.998   -0.154    0.582    1.580    2.385    2.519
 180     4000  1.50   -3.433   -2.337   -0.927   -0.132    0.576    1.563    2.362    2.504
 181     4000  2.00   -3.162   -2.204   -0.876   -0.109    0.579    1.553    2.332    2.481
 182     4000  2.50   -2.974   -2.120   -0.840   -0.080    0.603    1.550    2.284    2.444
 183     4000  3.00   -2.856   -2.068   -0.812   -0.049    0.634    1.551    2.225    2.400
 184     4000  3.50   -2.785   -2.033   -0.790   -0.022    0.660    1.553    2.178    2.363
 185     4000  4.00   -2.771   -2.021   -0.781   -0.004    0.678    1.557    2.147    2.333
 186     4000  4.50   -2.806   -2.025   -0.776    0.012    0.693    1.562    2.128    2.299
 187     4000  5.00   -2.887   -2.040   -0.771    0.035    0.712    1.573    2.103    2.244
 188     4250  0.00   -3.536   -2.371   -0.875   -0.034    0.685    1.581    2.268    2.373
 189     4250  0.50   -3.253   -2.206   -0.800   -0.014    0.672    1.556    2.255    2.362
 190     4250  1.00   -2.970   -2.054   -0.738   -0.001    0.657    1.533    2.238    2.351
 191     4250  1.50   -2.715   -1.928   -0.692    0.008    0.644    1.514    2.218    2.338
 192     4250  2.00   -2.513   -1.834   -0.659    0.014    0.636    1.500    2.196    2.324
 193     4250  2.50   -2.371   -1.771   -0.638    0.023    0.636    1.491    2.169    2.306
 194     4250  3.00   -2.293   -1.739   -0.625    0.038    0.651    1.487    2.132    2.280
 195     4250  3.50   -2.265   -1.725   -0.615    0.057    0.673    1.487    2.089    2.248
 196     4250  4.00   -2.265   -1.720   -0.607    0.073    0.691    1.488    2.053    2.222
 197     4250  4.50   -2.290   -1.722   -0.603    0.085    0.704    1.490    2.030    2.203
 198     4250  5.00   -2.346   -1.731   -0.603    0.097    0.715    1.495    2.017    2.183
 199     4500  0.00   -2.666   -1.842   -0.605    0.103    0.725    1.505    2.112    2.202
 200     4500  0.50   -2.444   -1.736   -0.568    0.105    0.708    1.484    2.104    2.195
 201     4500  1.00   -2.241   -1.646   -0.537    0.105    0.691    1.465    2.092    2.186
 202     4500  1.50   -2.071   -1.573   -0.514    0.105    0.678    1.449    2.076    2.176
 203     4500  2.00   -1.942   -1.519   -0.496    0.105    0.668    1.436    2.057    2.165
 204     4500  2.50   -1.858   -1.484   -0.483    0.108    0.665    1.427    2.036    2.152
 205     4500  3.00   -1.814   -1.466   -0.474    0.115    0.670    1.422    2.011    2.135
 206     4500  3.50   -1.799   -1.459   -0.470    0.125    0.682    1.420    1.983    2.114
 207     4500  4.00   -1.809   -1.461   -0.466    0.139    0.699    1.420    1.951    2.092
 208     4500  4.50   -1.835   -1.466   -0.461    0.151    0.714    1.421    1.924    2.074
 209     4500  5.00   -1.877   -1.473   -0.458    0.161    0.725    1.423    1.905    2.060
 210     4750  0.00   -2.011   -1.423   -0.410    0.190    0.732    1.419    1.954    2.031
 211     4750  0.50   -1.828   -1.355   -0.397    0.181    0.712    1.400    1.951    2.027
 212     4750  1.00   -1.666   -1.302   -0.388    0.171    0.694    1.383    1.945    2.022
 213     4750  1.50   -1.533   -1.265   -0.383    0.163    0.679    1.368    1.936    2.016
 214     4750  2.00   -1.440   -1.241   -0.378    0.158    0.669    1.357    1.922    2.008
 215     4750  2.50   -1.388   -1.230   -0.373    0.157    0.665    1.350    1.905    1.999
 216     4750  3.00   -1.371   -1.227   -0.368    0.162    0.667    1.346    1.885    1.987
 217     4750  3.50   -1.378   -1.232   -0.363    0.170    0.676    1.345    1.863    1.973
 218     4750  4.00   -1.396   -1.239   -0.360    0.180    0.690    1.345    1.840    1.957
 219     4750  4.50   -1.424   -1.248   -0.357    0.191    0.704    1.346    1.817    1.942
 220     4750  5.00   -1.459   -1.256   -0.353    0.202    0.717    1.347    1.797    1.929
 221     5000  0.00   -1.538   -1.107   -0.272    0.242    0.719    1.327    1.796    1.864
 222     5000  0.50   -1.393   -1.068   -0.275    0.226    0.698    1.311    1.799    1.864
 223     5000  1.00   -1.265   -1.040   -0.279    0.212    0.680    1.296    1.797    1.861
 224     5000  1.50   -1.159   -1.025   -0.286    0.198    0.663    1.283    1.793    1.858
 225     5000  2.00   -1.079   -1.019   -0.293    0.187    0.651    1.272    1.785    1.853
 226     5000  2.50   -1.029   -1.020   -0.296    0.181    0.644    1.264    1.775    1.848
 227     5000  3.00   -1.012   -1.027   -0.296    0.181    0.644    1.260    1.761    1.841
 228     5000  3.50   -1.023   -1.038   -0.292    0.188    0.651    1.260    1.743    1.832
 229     5000  4.00   -1.047   -1.051   -0.288    0.198    0.664    1.261    1.725    1.820
 230     5000  4.50   -1.077   -1.063   -0.284    0.210    0.678    1.263    1.706    1.808
 231     5000  5.00   -1.110   -1.074   -0.279    0.221    0.692    1.266    1.689    1.798
 232     5250  0.00   -1.193   -0.862   -0.172    0.270    0.693    1.234    1.640    1.701
 233     5250  0.50   -1.084   -0.847   -0.184    0.253    0.674    1.221    1.649    1.706
 234     5250  1.00   -0.986   -0.840   -0.197    0.236    0.656    1.208    1.651    1.706
 235     5250  1.50   -0.903   -0.840   -0.212    0.219    0.640    1.196    1.650    1.704
 236     5250  2.00   -0.837   -0.848   -0.226    0.205    0.626    1.186    1.647    1.701
 237     5250  2.50   -0.789   -0.859   -0.238    0.193    0.616    1.177    1.642    1.699
 238     5250  3.00   -0.762   -0.872   -0.244    0.188    0.612    1.172    1.634    1.695
 239     5250  3.50   -0.759   -0.885   -0.245    0.190    0.615    1.170    1.622    1.690
 240     5250  4.00   -0.776   -0.899   -0.241    0.199    0.625    1.172    1.608    1.683
 241     5250  4.50   -0.802   -0.913   -0.235    0.211    0.639    1.175    1.593    1.675
 242     5250  5.00   -0.832   -0.925   -0.230    0.223    0.654    1.179    1.578    1.667
 243     5500  0.00   -0.934   -0.664   -0.097    0.284    0.658    1.138    1.486    1.541
 244     5500  0.50   -0.859   -0.668   -0.114    0.267    0.642    1.130    1.501    1.551
 245     5500  1.00   -0.787   -0.677   -0.132    0.249    0.627    1.121    1.508    1.556
 246     5500  1.50   -0.723   -0.692   -0.152    0.232    0.612    1.111    1.510    1.556
 247     5500  2.00   -0.670   -0.710   -0.171    0.215    0.598    1.100    1.510    1.555
 248     5500  2.50   -0.627   -0.731   -0.189    0.200    0.586    1.091    1.508    1.553
 249     5500  3.00   -0.596   -0.752   -0.203    0.189    0.578    1.084    1.504    1.551
 250     5500  3.50   -0.579   -0.769   -0.210    0.186    0.576    1.081    1.498    1.549
 251     5500  4.00   -0.579   -0.783   -0.210    0.190    0.581    1.081    1.489    1.546
 252     5500  4.50   -0.594   -0.796   -0.205    0.200    0.594    1.085    1.477    1.542
 253     5500  5.00   -0.616   -0.808   -0.199    0.212    0.608    1.089    1.466    1.536
 254     5750  0.00   -0.735   -0.499   -0.039    0.286    0.617    1.040    1.334    1.385
 255     5750  0.50   -0.688   -0.518   -0.058    0.271    0.605    1.039    1.355    1.401
 256     5750  1.00   -0.639   -0.539   -0.079    0.255    0.593    1.033    1.367    1.410
 257     5750  1.50   -0.593   -0.564   -0.102    0.238    0.580    1.025    1.373    1.414
 258     5750  2.00   -0.551   -0.593   -0.125    0.221    0.567    1.016    1.376    1.415
 259     5750  2.50   -0.514   -0.623   -0.147    0.203    0.554    1.007    1.376    1.414
 260     5750  3.00   -0.483   -0.651   -0.167    0.189    0.543    0.999    1.375    1.412
 261     5750  3.50   -0.458   -0.675   -0.181    0.179    0.537    0.994    1.373    1.411
 262     5750  4.00   -0.444   -0.694   -0.187    0.177    0.537    0.992    1.368    1.410
 263     5750  4.50   -0.444   -0.707   -0.186    0.183    0.545    0.994    1.361    1.409
 264     5750  5.00   -0.455   -0.718   -0.180    0.194    0.558    0.998    1.352    1.406
 265     6000  0.00   -0.572   -0.357    0.006    0.279    0.569    0.940    1.184    1.232
 266     6000  0.50   -0.554   -0.387   -0.013    0.268    0.563    0.946    1.212    1.255
 267     6000  1.00   -0.526   -0.418   -0.034    0.255    0.555    0.945    1.229    1.268
 268     6000  1.50   -0.495   -0.452   -0.058    0.240    0.545    0.940    1.239    1.275
 269     6000  2.00   -0.464   -0.489   -0.084    0.222    0.533    0.933    1.245    1.278
 270     6000  2.50   -0.434   -0.526   -0.109    0.204    0.521    0.925    1.247    1.279
 271     6000  3.00   -0.405   -0.563   -0.134    0.187    0.509    0.917    1.248    1.279
 272     6000  3.50   -0.378   -0.594   -0.154    0.172    0.499    0.909    1.248    1.278
 273     6000  4.00   -0.355   -0.620   -0.168    0.164    0.495    0.905    1.247    1.278
 274     6000  4.50   -0.341   -0.637   -0.172    0.164    0.497    0.905    1.244    1.278
 275     6000  5.00   -0.338   -0.649   -0.170    0.172    0.507    0.908    1.238    1.278
 276     6250  0.50   -0.441   -0.271    0.023    0.258    0.515    0.851    1.072    1.111
 277     6250  1.00   -0.434   -0.310    0.003    0.249    0.512    0.856    1.094    1.129
 278     6250  1.50   -0.419   -0.351   -0.020    0.237    0.505    0.855    1.108    1.140
 279     6250  2.00   -0.398   -0.394   -0.047    0.221    0.496    0.850    1.116    1.146
 280     6250  2.50   -0.375   -0.438   -0.075    0.202    0.485    0.844    1.122    1.149
 281     6250  3.00   -0.350   -0.481   -0.103    0.183    0.473    0.836    1.124    1.150
 282     6250  3.50   -0.324   -0.521   -0.128    0.166    0.462    0.828    1.126    1.150
 283     6250  4.00   -0.296   -0.554   -0.148    0.153    0.454    0.822    1.126    1.150
 284     6250  4.50   -0.273   -0.578   -0.160    0.146    0.452    0.819    1.126    1.151
 285     6250  5.00   -0.258   -0.594   -0.163    0.148    0.457    0.820    1.124    1.152
 286     6500  0.50   -0.334   -0.162    0.047    0.238    0.460    0.753    0.935    0.971
 287     6500  1.00   -0.354   -0.212    0.033    0.237    0.464    0.765    0.962    0.994
 288     6500  1.50   -0.355   -0.259    0.012    0.229    0.462    0.769    0.979    1.009
 289     6500  2.00   -0.346   -0.307   -0.015    0.215    0.456    0.768    0.991    1.018
 290     6500  2.50   -0.331   -0.356   -0.044    0.198    0.447    0.763    0.998    1.023
 291     6500  3.00   -0.310   -0.405   -0.074    0.178    0.436    0.756    1.003    1.026
 292     6500  3.50   -0.286   -0.452   -0.104    0.159    0.425    0.748    1.006    1.027
 293     6500  4.00   -0.258   -0.493   -0.129    0.142    0.415    0.741    1.009    1.026
 294     6500  4.50   -0.229   -0.525   -0.148    0.130    0.408    0.735    1.010    1.027
 295     6500  5.00   -0.204   -0.548   -0.158    0.126    0.408    0.734    1.011    1.029
 296     6750  0.50   -0.243   -0.078    0.065    0.216    0.405    0.657    0.805    0.838
 297     6750  1.00   -0.274   -0.117    0.051    0.215    0.410    0.671    0.833    0.862
 298     6750  1.50   -0.296   -0.173    0.036    0.215    0.414    0.681    0.854    0.880
 299     6750  2.00   -0.301   -0.227    0.013    0.205    0.413    0.684    0.868    0.893
 300     6750  2.50   -0.295   -0.281   -0.016    0.190    0.407    0.682    0.878    0.901
 301     6750  3.00   -0.281   -0.335   -0.048    0.172    0.397    0.677    0.885    0.905
 302     6750  3.50   -0.260   -0.387   -0.080    0.151    0.387    0.670    0.890    0.907
 303     6750  4.00   -0.233   -0.435   -0.110    0.131    0.376    0.662    0.893    0.908
 304     6750  4.50   -0.203   -0.475   -0.135    0.115    0.367    0.655    0.896    0.908
 305     6750  5.00   -0.172   -0.505   -0.152    0.105    0.363    0.652    0.899    0.909
 306     7000  0.50   -0.168   -0.020    0.078    0.195    0.353    0.564    0.684    0.712
 307     7000  1.00   -0.202   -0.046    0.065    0.192    0.356    0.579    0.710    0.736
 308     7000  1.50   -0.235   -0.092    0.050    0.192    0.360    0.591    0.731    0.755
 309     7000  2.00   -0.258   -0.153    0.033    0.190    0.364    0.599    0.748    0.771
 310     7000  2.50   -0.263   -0.211    0.007    0.179    0.363    0.601    0.761    0.781
 311     7000  3.00   -0.257   -0.269   -0.024    0.162    0.356    0.598    0.770    0.788
 312     7000  3.50   -0.242   -0.325   -0.058    0.142    0.347    0.592    0.776    0.792
 313     7000  4.00   -0.218   -0.379   -0.091    0.121    0.336    0.585    0.781    0.793
 314     7000  4.50   -0.188   -0.427   -0.121    0.102    0.326    0.578    0.785    0.794
 315     7000  5.00   -0.154   -0.466   -0.145    0.087    0.319    0.572    0.789    0.795
 316     7250  0.50   -0.108    0.010    0.082    0.173    0.304    0.476    0.571    0.595
 317     7250  1.00   -0.141    0.001    0.071    0.169    0.303    0.491    0.595    0.617
 318     7250  1.50   -0.179   -0.031    0.059    0.167    0.306    0.502    0.614    0.636
 319     7250  2.00   -0.213   -0.082    0.043    0.166    0.311    0.512    0.631    0.652
 320     7250  2.50   -0.233   -0.147    0.024    0.162    0.314    0.518    0.646    0.665
 321     7250  3.00   -0.237   -0.208   -0.005    0.149    0.312    0.519    0.657    0.674
 322     7250  3.50   -0.228   -0.269   -0.038    0.131    0.305    0.515    0.665    0.679
 323     7250  4.00   -0.209   -0.327   -0.073    0.110    0.296    0.509    0.672    0.682
 324     7250  4.50   -0.181   -0.381   -0.107    0.088    0.286    0.502    0.677    0.684
 325     7250  5.00   -0.147   -0.428   -0.137    0.069    0.277    0.495    0.682    0.685
 326     7500  0.50   -0.073   -0.003    0.075    0.154    0.263    0.395    0.471    0.490
 327     7500  1.00   -0.088    0.026    0.068    0.142    0.252    0.405    0.487    0.505
 328     7500  1.50   -0.130    0.006    0.059    0.140    0.253    0.416    0.504    0.522
 329     7500  2.00   -0.169   -0.032    0.046    0.138    0.256    0.425    0.519    0.537
 330     7500  2.50   -0.200   -0.087    0.029    0.136    0.261    0.433    0.533    0.551
 331     7500  3.00   -0.216   -0.153    0.008    0.131    0.264    0.438    0.546    0.562
 332     7500  3.50   -0.216   -0.216   -0.022    0.117    0.261    0.438    0.556    0.570
 333     7500  4.00   -0.203   -0.279   -0.058    0.097    0.254    0.433    0.564    0.574
 334     7500  4.50   -0.179   -0.338   -0.094    0.075    0.245    0.427    0.571    0.577
 335     7500  5.00   -0.147   -0.391   -0.128    0.053    0.235    0.419    0.577    0.578
 336     7750  1.00   -0.048    0.024    0.053    0.112    0.203    0.322    0.387    0.401
 337     7750  1.50   -0.086    0.023    0.049    0.109    0.200    0.332    0.401    0.415
 338     7750  2.00   -0.131   -0.005    0.040    0.109    0.202    0.341    0.414    0.429
 339     7750  2.50   -0.170   -0.047    0.027    0.106    0.205    0.348    0.426    0.441
 340     7750  3.00   -0.196   -0.104    0.010    0.104    0.210    0.355    0.438    0.453
 341     7750  3.50   -0.205   -0.170   -0.013    0.097    0.213    0.359    0.450    0.463
 342     7750  4.00   -0.199   -0.235   -0.045    0.081    0.210    0.358    0.460    0.469
 343     7750  4.50   -0.181   -0.298   -0.082    0.060    0.203    0.353    0.468    0.473
 344     7750  5.00   -0.151   -0.356   -0.118    0.037    0.193    0.346    0.475    0.475
 345     8000  1.00   -0.023   -0.011    0.024    0.078    0.156    0.243    0.296    0.305
 346     8000  1.50   -0.051    0.020    0.028    0.073    0.146    0.250    0.303    0.313
 347     8000  2.00   -0.098    0.005    0.024    0.073    0.147    0.258    0.314    0.325
 348     8000  2.50   -0.141   -0.028    0.015    0.073    0.149    0.265    0.324    0.337
 349     8000  3.00   -0.176   -0.073    0.001    0.070    0.153    0.271    0.334    0.347
 350     8000  3.50   -0.195   -0.132   -0.015    0.068    0.158    0.277    0.346    0.358
 351     8000  4.00   -0.196   -0.197   -0.039    0.060    0.161    0.280    0.357    0.366
 352     8000  4.50   -0.183   -0.262   -0.073    0.042    0.158    0.278    0.367    0.372
 353     8000  5.00   -0.158   -0.324   -0.111    0.020    0.151    0.273    0.375    0.375
 354     8250  1.00   -0.012   -0.081   -0.026    0.036    0.108    0.164    0.210    0.215
 355     8250  1.50   -0.023   -0.003   -0.004    0.032    0.093    0.169    0.211    0.217
 356     8250  2.00   -0.067   -0.001   -0.003    0.033    0.090    0.176    0.218    0.226
 357     8250  2.50   -0.116   -0.025   -0.007    0.033    0.092    0.183    0.227    0.236
 358     8250  3.00   -0.158   -0.062   -0.016    0.033    0.095    0.189    0.235    0.246
 359     8250  3.50   -0.186   -0.110   -0.030    0.030    0.099    0.194    0.245    0.256
 360     8250  4.00   -0.195   -0.168   -0.045    0.029    0.106    0.200    0.256    0.265
 361     8250  4.50   -0.187   -0.232   -0.070    0.019    0.110    0.203    0.268    0.273
 362     8250  5.00   -0.166   -0.296   -0.105    0.000    0.106    0.200    0.278    0.277
 363     8500  1.50   -0.008   -0.046   -0.047   -0.013    0.039    0.089    0.124    0.126
 364     8500  2.00   -0.044   -0.024   -0.039   -0.012    0.033    0.095    0.128    0.132
 365     8500  2.50   -0.095   -0.036   -0.038   -0.010    0.033    0.102    0.133    0.140
 366     8500  3.00   -0.142   -0.065   -0.043   -0.010    0.036    0.107    0.140    0.148
 367     8500  3.50   -0.177   -0.105   -0.052   -0.011    0.040    0.113    0.148    0.157
 368     8500  4.00   -0.196   -0.154   -0.065   -0.013    0.046    0.118    0.158    0.166
 369     8500  4.50   -0.192   -0.212   -0.079   -0.012    0.055    0.124    0.170    0.175
 370     8500  5.00   -0.176   -0.274   -0.106   -0.024    0.058    0.126    0.182    0.182
 371     8750  1.50    0.000   -0.099   -0.100   -0.065   -0.018    0.009    0.039    0.038
 372     8750  2.00   -0.030   -0.059   -0.083   -0.062   -0.025    0.015    0.041    0.040
 373     8750  2.50   -0.077   -0.060   -0.078   -0.059   -0.027    0.021    0.044    0.046
 374     8750  3.00   -0.126   -0.080   -0.078   -0.057   -0.025    0.026    0.049    0.054
 375     8750  3.50   -0.169   -0.113   -0.083   -0.056   -0.021    0.031    0.055    0.062
 376     8750  4.00   -0.196   -0.156   -0.092   -0.056   -0.016    0.036    0.063    0.070
 377     8750  4.50   -0.203   -0.206   -0.102   -0.056   -0.007    0.043    0.074    0.079
 378     8750  5.00   -0.188   -0.261   -0.116   -0.056    0.004    0.049    0.088    0.088
 379     9000  1.50    0.001   -0.156   -0.157   -0.121   -0.078   -0.070   -0.045   -0.049
 380     9000  2.00   -0.025   -0.103   -0.132   -0.115   -0.085   -0.064   -0.044   -0.048
 381     9000  2.50   -0.067   -0.094   -0.124   -0.112   -0.087   -0.060   -0.043   -0.044
 382     9000  3.00   -0.117   -0.106   -0.121   -0.108   -0.087   -0.054   -0.040   -0.038
 383     9000  3.50   -0.163   -0.132   -0.121   -0.105   -0.083   -0.049   -0.035   -0.031
 384     9000  4.00   -0.197   -0.169   -0.125   -0.104   -0.078   -0.044   -0.028   -0.023
 385     9000  4.50   -0.214   -0.213   -0.134   -0.104   -0.070   -0.039   -0.019   -0.015
 386     9000  5.00   -0.204   -0.261   -0.141   -0.099   -0.057   -0.031   -0.006   -0.006
 387     9250  2.00   -0.026   -0.151   -0.185   -0.170   -0.145   -0.143   -0.127   -0.134
 388     9250  2.50   -0.065   -0.134   -0.174   -0.166   -0.149   -0.138   -0.127   -0.132
 389     9250  3.00   -0.113   -0.140   -0.168   -0.162   -0.149   -0.134   -0.125   -0.127
 390     9250  3.50   -0.160   -0.160   -0.165   -0.158   -0.146   -0.129   -0.122   -0.121
 391     9250  4.00   -0.197   -0.190   -0.166   -0.155   -0.141   -0.124   -0.116   -0.114
 392     9250  4.50   -0.220   -0.229   -0.170   -0.153   -0.133   -0.119   -0.108   -0.106
 393     9250  5.00   -0.223   -0.274   -0.177   -0.151   -0.123   -0.113   -0.098   -0.098
 394     9500  2.00   -0.032   -0.202   -0.240   -0.226   -0.206   -0.220   -0.208   -0.218
 395     9500  2.50   -0.068   -0.179   -0.226   -0.222   -0.211   -0.216   -0.209   -0.217
 396     9500  3.00   -0.113   -0.179   -0.219   -0.218   -0.212   -0.212   -0.209   -0.214
 397     9500  3.50   -0.159   -0.194   -0.214   -0.213   -0.210   -0.208   -0.206   -0.209
 398     9500  4.00   -0.199   -0.218   -0.211   -0.209   -0.204   -0.203   -0.202   -0.202
 399     9500  4.50   -0.228   -0.252   -0.212   -0.205   -0.197   -0.197   -0.195   -0.195
 400     9500  5.00   -0.239   -0.294   -0.215   -0.202   -0.187   -0.192   -0.186   -0.187
 401     9750  2.00   -0.042   -0.252   -0.294   -0.283   -0.268   -0.296   -0.288   -0.300
 402     9750  2.50   -0.076   -0.226   -0.280   -0.279   -0.272   -0.293   -0.289   -0.300
 403     9750  3.00   -0.118   -0.222   -0.271   -0.275   -0.274   -0.289   -0.290   -0.298
 404     9750  3.50   -0.163   -0.232   -0.265   -0.270   -0.273   -0.286   -0.289   -0.294
 405     9750  4.00   -0.205   -0.253   -0.261   -0.264   -0.269   -0.281   -0.285   -0.288
 406     9750  4.50   -0.237   -0.281   -0.257   -0.259   -0.261   -0.275   -0.279   -0.282
 407     9750  5.00   -0.253   -0.319   -0.258   -0.254   -0.251   -0.270   -0.271   -0.274
 408    10000  2.00   -0.053   -0.302   -0.349   -0.339   -0.329   -0.370   -0.366   -0.380
 409    10000  2.50   -0.087   -0.275   -0.334   -0.335   -0.334   -0.367   -0.368   -0.381
 410    10000  3.00   -0.127   -0.268   -0.325   -0.332   -0.336   -0.365   -0.369   -0.380
 411    10000  3.50   -0.171   -0.275   -0.318   -0.327   -0.336   -0.362   -0.369   -0.377
 412    10000  4.00   -0.213   -0.291   -0.312   -0.321   -0.332   -0.357   -0.367   -0.373
 413    10000  4.50   -0.246   -0.316   -0.307   -0.315   -0.325   -0.352   -0.361   -0.366
 414    10000  5.00   -0.266   -0.348   -0.304   -0.309   -0.315   -0.347   -0.354   -0.359
 415    10250  2.00   -0.067   -0.352   -0.403   -0.395   -0.389   -0.443   -0.442   -0.459
 416    10250  2.50   -0.101   -0.323   -0.387   -0.391   -0.395   -0.441   -0.444   -0.461
 417    10250  3.00   -0.140   -0.315   -0.379   -0.389   -0.398   -0.439   -0.447   -0.461
 418    10250  3.50   -0.182   -0.319   -0.372   -0.385   -0.399   -0.437   -0.447   -0.459
 419    10250  4.00   -0.223   -0.333   -0.365   -0.379   -0.396   -0.433   -0.446   -0.455
 420    10250  4.50   -0.257   -0.354   -0.359   -0.372   -0.389   -0.428   -0.442   -0.449
 421    10250  5.00   -0.279   -0.382   -0.353   -0.365   -0.378   -0.422   -0.435   -0.443
 422    10500  2.00   -0.082   -0.401   -0.456   -0.451   -0.449   -0.514   -0.516   -0.535
 423    10500  2.50   -0.116   -0.372   -0.441   -0.447   -0.455   -0.513   -0.519   -0.538
 424    10500  3.00   -0.154   -0.362   -0.432   -0.445   -0.459   -0.512   -0.522   -0.539
 425    10500  3.50   -0.195   -0.365   -0.426   -0.442   -0.460   -0.510   -0.524   -0.538
 426    10500  4.00   -0.235   -0.376   -0.419   -0.436   -0.458   -0.507   -0.523   -0.535
 427    10500  4.50   -0.270   -0.394   -0.411   -0.429   -0.452   -0.502   -0.520   -0.530
 428    10500  5.00   -0.294   -0.419   -0.404   -0.421   -0.442   -0.497   -0.514   -0.524
 429    10750  2.00   -0.098   -0.449   -0.508   -0.505   -0.508   -0.584   -0.589   -0.610
 430    10750  2.50   -0.133   -0.420   -0.494   -0.502   -0.514   -0.583   -0.593   -0.614
 431    10750  3.00   -0.171   -0.410   -0.486   -0.501   -0.519   -0.583   -0.596   -0.615
 432    10750  3.50   -0.210   -0.411   -0.479   -0.498   -0.521   -0.582   -0.598   -0.615
 433    10750  4.00   -0.248   -0.421   -0.472   -0.493   -0.520   -0.579   -0.598   -0.613
 434    10750  4.50   -0.283   -0.436   -0.465   -0.487   -0.514   -0.575   -0.596   -0.609
 435    10750  5.00   -0.310   -0.459   -0.456   -0.478   -0.505   -0.570   -0.591   -0.603
 436    11000  2.00   -0.115   -0.497   -0.560   -0.559   -0.567   -0.653   -0.661   -0.683
 437    11000  2.50   -0.151   -0.467   -0.546   -0.557   -0.573   -0.652   -0.665   -0.688
 438    11000  3.00   -0.189   -0.458   -0.538   -0.556   -0.578   -0.652   -0.669   -0.690
 439    11000  3.50   -0.226   -0.458   -0.532   -0.554   -0.581   -0.652   -0.671   -0.691
 440    11000  4.00   -0.264   -0.466   -0.526   -0.550   -0.580   -0.650   -0.672   -0.689
 441    11000  4.50   -0.299   -0.480   -0.518   -0.544   -0.576   -0.647   -0.671   -0.686
 442    11000  5.00   -0.326   -0.500   -0.509   -0.535   -0.567   -0.642   -0.666   -0.681
 443    11250  2.00   -0.133   -0.545   -0.612   -0.613   -0.624   -0.720   -0.731   -0.755
 444    11250  2.50   -0.170   -0.514   -0.597   -0.611   -0.631   -0.720   -0.736   -0.760
 445    11250  3.00   -0.208   -0.505   -0.591   -0.611   -0.637   -0.721   -0.740   -0.763
 446    11250  3.50   -0.245   -0.505   -0.585   -0.609   -0.640   -0.721   -0.743   -0.764
 447    11250  4.00   -0.281   -0.512   -0.579   -0.606   -0.640   -0.719   -0.744   -0.763
 448    11250  4.50   -0.315   -0.524   -0.571   -0.600   -0.636   -0.717   -0.743   -0.761
 449    11250  5.00   -0.343   -0.543   -0.562   -0.592   -0.628   -0.712   -0.740   -0.757
 450    11500  2.00   -0.152   -0.591   -0.662   -0.666   -0.681   -0.786   -0.800   -0.825
 451    11500  2.50   -0.190   -0.561   -0.648   -0.664   -0.688   -0.786   -0.805   -0.831
 452    11500  3.00   -0.228   -0.552   -0.642   -0.665   -0.695   -0.788   -0.809   -0.835
 453    11500  3.50   -0.264   -0.552   -0.637   -0.664   -0.698   -0.788   -0.813   -0.836
 454    11500  4.00   -0.300   -0.558   -0.631   -0.661   -0.698   -0.787   -0.815   -0.836
 455    11500  4.50   -0.333   -0.569   -0.624   -0.655   -0.695   -0.785   -0.814   -0.834
 456    11500  5.00   -0.360   -0.586   -0.615   -0.648   -0.688   -0.781   -0.811   -0.831
 457    11750  2.00   -0.172   -0.637   -0.713   -0.718   -0.737   -0.851   -0.867   -0.894
 458    11750  2.50   -0.210   -0.607   -0.699   -0.717   -0.745   -0.851   -0.872   -0.900
 459    11750  3.00   -0.249   -0.598   -0.693   -0.718   -0.752   -0.853   -0.878   -0.905
 460    11750  3.50   -0.285   -0.598   -0.688   -0.717   -0.756   -0.854   -0.881   -0.907
 461    11750  4.00   -0.319   -0.604   -0.683   -0.715   -0.756   -0.854   -0.884   -0.907
 462    11750  4.50   -0.351   -0.614   -0.676   -0.710   -0.754   -0.852   -0.884   -0.906
 463    11750  5.00   -0.378   -0.629   -0.668   -0.703   -0.747   -0.849   -0.881   -0.903
 464    12000  2.50   -0.232   -0.652   -0.748   -0.769   -0.800   -0.915   -0.939   -0.969
 465    12000  3.00   -0.270   -0.643   -0.743   -0.770   -0.808   -0.918   -0.945   -0.973
 466    12000  3.50   -0.306   -0.644   -0.739   -0.770   -0.812   -0.919   -0.949   -0.976
 467    12000  4.00   -0.340   -0.649   -0.734   -0.768   -0.813   -0.919   -0.951   -0.977
 468    12000  4.50   -0.371   -0.659   -0.728   -0.764   -0.811   -0.918   -0.952   -0.976
 469    12000  5.00   -0.398   -0.673   -0.719   -0.758   -0.806   -0.915   -0.950   -0.973
 470    12250  2.50   -0.253   -0.697   -0.797   -0.820   -0.855   -0.978   -1.004   -1.035
 471    12250  3.00   -0.292   -0.689   -0.793   -0.822   -0.863   -0.981   -1.010   -1.041
 472    12250  3.50   -0.328   -0.689   -0.789   -0.823   -0.868   -0.983   -1.015   -1.044
 473    12250  4.00   -0.361   -0.695   -0.785   -0.821   -0.869   -0.983   -1.017   -1.045
 474    12250  4.50   -0.391   -0.704   -0.778   -0.817   -0.868   -0.982   -1.018   -1.044
 475    12250  5.00   -0.417   -0.717   -0.770   -0.811   -0.862   -0.980   -1.017   -1.042
 476    12500  2.50   -0.275   -0.741   -0.846   -0.871   -0.909   -1.040   -1.068   -1.101
 477    12500  3.00   -0.315   -0.733   -0.842   -0.873   -0.917   -1.043   -1.075   -1.107
 478    12500  3.50   -0.351   -0.734   -0.838   -0.874   -0.923   -1.045   -1.079   -1.110
 479    12500  4.00   -0.383   -0.739   -0.834   -0.873   -0.924   -1.046   -1.082   -1.112
 480    12500  4.50   -0.412   -0.748   -0.828   -0.869   -0.923   -1.045   -1.083   -1.111
 481    12500  5.00   -0.438   -0.761   -0.821   -0.864   -0.918   -1.043   -1.082   -1.110
 482    12750  2.50   -0.298   -0.785   -0.893   -0.920   -0.962   -1.100   -1.131   -1.166
 483    12750  3.00   -0.337   -0.777   -0.890   -0.923   -0.971   -1.104   -1.138   -1.171
 484    12750  3.50   -0.374   -0.778   -0.887   -0.925   -0.977   -1.107   -1.143   -1.175
 485    12750  4.00   -0.406   -0.784   -0.883   -0.924   -0.979   -1.108   -1.146   -1.177
 486    12750  4.50   -0.434   -0.792   -0.878   -0.921   -0.978   -1.107   -1.147   -1.177
 487    12750  5.00   -0.458   -0.804   -0.871   -0.916   -0.973   -1.106   -1.146   -1.176
 488    13000  2.50   -0.320   -0.828   -0.940   -0.970   -1.015   -1.160   -1.193   -1.229
 489    13000  3.00   -0.361   -0.820   -0.937   -0.973   -1.024   -1.164   -1.200   -1.235
 490    13000  3.50   -0.397   -0.822   -0.935   -0.975   -1.030   -1.167   -1.205   -1.239
 491    13000  4.00   -0.429   -0.827   -0.932   -0.975   -1.032   -1.168   -1.209   -1.241
 492    13000  4.50   -0.457   -0.836   -0.926   -0.972   -1.032   -1.168   -1.210   -1.242
 493    13000  5.00   -0.480   -0.847   -0.919   -0.967   -1.028   -1.167   -1.209   -1.241
 494    14000  2.00   -0.362   -1.027   -1.133   -1.156   -1.204   -1.382   -1.419   -1.459
 495    14000  2.50   -0.411   -0.994   -1.121   -1.158   -1.216   -1.387   -1.428   -1.470
 496    14000  3.00   -0.454   -0.988   -1.120   -1.164   -1.227   -1.393   -1.437   -1.478
 497    14000  3.50   -0.491   -0.991   -1.120   -1.168   -1.235   -1.397   -1.444   -1.484
 498    14000  4.00   -0.522   -0.997   -1.118   -1.169   -1.238   -1.400   -1.448   -1.486
 499    14000  4.50   -0.548   -1.006   -1.114   -1.167   -1.238   -1.400   -1.450   -1.488
 500    14000  5.00   -0.570   -1.016   -1.108   -1.163   -1.235   -1.399   -1.450   -1.487
 501    15000  2.50   -0.500   -1.150   -1.290   -1.335   -1.404   -1.598   -1.647   -1.694
 502    15000  3.00   -0.547   -1.145   -1.292   -1.344   -1.418   -1.606   -1.658   -1.704
 503    15000  3.50   -0.586   -1.150   -1.294   -1.350   -1.427   -1.612   -1.666   -1.711
 504    15000  4.00   -0.617   -1.157   -1.294   -1.352   -1.432   -1.615   -1.671   -1.715
 505    15000  4.50   -0.642   -1.166   -1.291   -1.351   -1.433   -1.617   -1.673   -1.716
 506    15000  5.00   -0.662   -1.177   -1.286   -1.348   -1.430   -1.616   -1.674   -1.717
 507    16000  2.50   -0.586   -1.297   -1.448   -1.500   -1.579   -1.793   -1.849   -1.902
 508    16000  3.00   -0.638   -1.294   -1.453   -1.512   -1.595   -1.805   -1.863   -1.915
 509    16000  3.50   -0.679   -1.300   -1.457   -1.520   -1.607   -1.813   -1.873   -1.923
 510    16000  4.00   -0.711   -1.309   -1.459   -1.524   -1.613   -1.817   -1.879   -1.928
 511    16000  4.50   -0.736   -1.318   -1.457   -1.525   -1.615   -1.819   -1.882   -1.930
 512    16000  5.00   -0.755   -1.329   -1.453   -1.522   -1.613   -1.819   -1.883   -1.931
 513    17000  2.50   -0.668   -1.435   -1.598   -1.655   -1.742   -1.975   -2.038   -2.095
 514    17000  3.00   -0.724   -1.433   -1.604   -1.669   -1.762   -1.990   -2.054   -2.111
 515    17000  3.50   -0.768   -1.441   -1.611   -1.680   -1.776   -2.000   -2.066   -2.121
 516    17000  4.00   -0.801   -1.451   -1.614   -1.686   -1.784   -2.006   -2.073   -2.127
 517    17000  4.50   -0.827   -1.462   -1.614   -1.688   -1.787   -2.009   -2.077   -2.130
 518    17000  5.00   -0.845   -1.473   -1.611   -1.686   -1.786   -2.010   -2.078   -2.131
 519    18000  2.50   -0.747   -1.567   -1.738   -1.801   -1.895   -2.146   -2.213   -2.275
 520    18000  3.00   -0.806   -1.565   -1.746   -1.817   -1.918   -2.163   -2.233   -2.294
 521    18000  3.50   -0.853   -1.574   -1.755   -1.831   -1.934   -2.175   -2.247   -2.306
 522    18000  4.00   -0.889   -1.586   -1.761   -1.838   -1.944   -2.183   -2.255   -2.314
 523    18000  4.50   -0.915   -1.597   -1.762   -1.842   -1.948   -2.187   -2.260   -2.318
 524    18000  5.00   -0.933   -1.608   -1.760   -1.841   -1.948   -2.188   -2.262   -2.320
 525    19000  2.50   -0.823   -1.691   -1.871   -1.938   -2.039   -2.305   -2.378   -2.443
 526    19000  3.00   -0.885   -1.689   -1.880   -1.957   -2.064   -2.324   -2.400   -2.465
 527    19000  3.50   -0.935   -1.700   -1.892   -1.972   -2.082   -2.339   -2.416   -2.480
 528    19000  4.00   -0.972   -1.713   -1.899   -1.982   -2.094   -2.349   -2.426   -2.489
 529    19000  4.50   -0.999   -1.725   -1.902   -1.986   -2.100   -2.354   -2.432   -2.494
 530    19000  5.00   -1.018   -1.737   -1.900   -1.987   -2.101   -2.356   -2.435   -2.497
 531    20000  3.00   -0.962   -1.806   -2.007   -2.088   -2.203   -2.477   -2.557   -2.626
 532    20000  3.50   -1.013   -1.819   -2.020   -2.106   -2.223   -2.494   -2.575   -2.642
 533    20000  4.00   -1.052   -1.834   -2.029   -2.117   -2.236   -2.505   -2.587   -2.653
 534    20000  4.50   -1.080   -1.847   -2.033   -2.123   -2.243   -2.511   -2.594   -2.660
 535    20000  5.00   -1.099   -1.859   -2.033   -2.125   -2.245   -2.514   -2.597   -2.663
 536    21000  3.00   -1.036   -1.916   -2.126   -2.212   -2.333   -2.621   -2.706   -2.778
 537    21000  3.50   -1.090   -1.932   -2.142   -2.232   -2.356   -2.639   -2.725   -2.796
 538    21000  4.00   -1.129   -1.948   -2.153   -2.245   -2.370   -2.652   -2.738   -2.809
 539    21000  4.50   -1.158   -1.961   -2.158   -2.252   -2.378   -2.659   -2.746   -2.816
 540    21000  5.00   -1.177   -1.974   -2.159   -2.255   -2.381   -2.664   -2.750   -2.821
 541    22000  3.00   -1.105   -2.019   -2.238   -2.329   -2.455   -2.756   -2.845   -2.922
 542    22000  3.50   -1.163   -2.038   -2.258   -2.352   -2.482   -2.778   -2.867   -2.943
 543    22000  4.00   -1.204   -2.056   -2.270   -2.367   -2.498   -2.791   -2.882   -2.956
 544    22000  4.50   -1.233   -2.070   -2.277   -2.375   -2.506   -2.800   -2.890   -2.964
 545    22000  5.00   -1.253   -2.083   -2.278   -2.379   -2.510   -2.805   -2.895   -2.969
 546    23000  3.00   -1.168   -2.115   -2.342   -2.437   -2.570   -2.882   -2.976   -3.056
 547    23000  3.50   -1.233   -2.138   -2.366   -2.465   -2.601   -2.908   -3.002   -3.081
 548    23000  4.00   -1.276   -2.158   -2.381   -2.483   -2.619   -2.924   -3.018   -3.096
 549    23000  4.50   -1.306   -2.174   -2.389   -2.492   -2.629   -2.933   -3.028   -3.105
 550    23000  5.00   -1.326   -2.187   -2.392   -2.496   -2.633   -2.938   -3.033   -3.110
 551    24000  3.00   -1.223   -2.201   -2.436   -2.535   -2.674   -2.998   -3.097   -3.181
 552    24000  3.50   -1.299   -2.232   -2.468   -2.572   -2.712   -3.031   -3.129   -3.212
 553    24000  4.00   -1.345   -2.255   -2.487   -2.592   -2.733   -3.049   -3.148   -3.229
 554    24000  4.50   -1.376   -2.272   -2.496   -2.603   -2.745   -3.060   -3.158   -3.239
 555    24000  5.00   -1.396   -2.286   -2.500   -2.608   -2.750   -3.066   -3.164   -3.245
 556    25000  3.00   -1.266   -2.276   -2.517   -2.620   -2.765   -3.101   -3.205   -3.293
 557    25000  3.50   -1.359   -2.319   -2.563   -2.670   -2.817   -3.146   -3.249   -3.335
 558    25000  4.00   -1.410   -2.345   -2.585   -2.695   -2.842   -3.168   -3.270   -3.355
 559    25000  4.50   -1.443   -2.365   -2.597   -2.708   -2.855   -3.180   -3.282   -3.367
 560    25000  5.00   -1.464   -2.380   -2.602   -2.714   -2.861   -3.187   -3.289   -3.373
 561    26000  3.00   -1.290   -2.337   -2.582   -2.687   -2.835   -3.183   -3.292   -3.385
 562    26000  3.50   -1.412   -2.398   -2.650   -2.761   -2.913   -3.253   -3.360   -3.450
 563    26000  4.00   -1.470   -2.430   -2.678   -2.791   -2.943   -3.279   -3.386   -3.475
 564    26000  4.50   -1.506   -2.452   -2.692   -2.807   -2.959   -3.294   -3.400   -3.488
 565    26000  5.00   -1.528   -2.468   -2.699   -2.814   -2.966   -3.302   -3.408   -3.496
 566    27000  3.50   -1.455   -2.467   -2.726   -2.842   -2.999   -3.349   -3.461   -3.555
 567    27000  4.00   -1.525   -2.508   -2.763   -2.881   -3.037   -3.384   -3.494   -3.586
 568    27000  4.50   -1.564   -2.533   -2.781   -2.900   -3.056   -3.401   -3.511   -3.603
 569    27000  5.00   -1.588   -2.550   -2.789   -2.909   -3.065   -3.410   -3.520   -3.611
 570    28000  3.50   -1.488   -2.527   -2.792   -2.911   -3.072   -3.433   -3.548   -3.645
 571    28000  4.00   -1.572   -2.578   -2.841   -2.962   -3.124   -3.480   -3.594   -3.690
 572    28000  4.50   -1.617   -2.608   -2.864   -2.986   -3.147   -3.501   -3.615   -3.710
 573    28000  5.00   -1.643   -2.627   -2.874   -2.997   -3.158   -3.512   -3.626   -3.720
 574    29000  3.50   -1.513   -2.580   -2.850   -2.970   -3.133   -3.503   -3.621   -3.721
 575    29000  4.00   -1.611   -2.641   -2.911   -3.035   -3.201   -3.566   -3.684   -3.783
 576    29000  4.50   -1.664   -2.676   -2.940   -3.065   -3.231   -3.594   -3.711   -3.809
 577    29000  5.00   -1.693   -2.698   -2.953   -3.079   -3.245   -3.608   -3.724   -3.822
 578    30000  3.50   -1.543   -2.635   -2.907   -3.027   -3.191   -3.567   -3.686   -3.787
 579    30000  4.00   -1.644   -2.697   -2.972   -3.099   -3.269   -3.643   -3.764   -3.865
 580    30000  4.50   -1.704   -2.738   -3.008   -3.136   -3.306   -3.678   -3.798   -3.899
 581    30000  5.00   -1.737   -2.763   -3.025   -3.154   -3.324   -3.695   -3.815   -3.915
 582    31000  3.50   -1.582   -2.695   -2.967   -3.087   -3.251   -3.631   -3.750   -3.852
 583    31000  4.00   -1.674   -2.749   -3.030   -3.158   -3.330   -3.712   -3.834   -3.937
 584    31000  4.50   -1.739   -2.794   -3.070   -3.201   -3.375   -3.754   -3.877   -3.980
 585    31000  5.00   -1.776   -2.822   -3.091   -3.223   -3.396   -3.776   -3.898   -4.001
 586    32000  4.00   -1.706   -2.801   -3.085   -3.215   -3.389   -3.776   -3.900   -4.004
 587    32000  4.50   -1.771   -2.846   -3.128   -3.261   -3.437   -3.824   -3.949   -4.053
 588    32000  5.00   -1.811   -2.877   -3.152   -3.286   -3.463   -3.849   -3.974   -4.078
 589    33000  4.00   -1.746   -2.857   -3.145   -3.276   -3.450   -3.841   -3.965   -4.070
 590    33000  4.50   -1.803   -2.896   -3.184   -3.319   -3.497   -3.889   -4.015   -4.121
 591    33000  5.00   -1.844   -2.928   -3.209   -3.346   -3.525   -3.917   -4.043   -4.149
 592    34000  4.00   -1.796   -2.921   -3.210   -3.341   -3.514   -3.908   -4.033   -4.138
 593    34000  4.50   -1.842   -2.950   -3.242   -3.378   -3.557   -3.953   -4.080   -4.187
 594    34000  5.00   -1.879   -2.979   -3.266   -3.404   -3.585   -3.983   -4.110   -4.217
 595    35000  4.00   -1.854   -2.990   -3.280   -3.410   -3.582   -3.976   -4.101   -4.206
 596    35000  4.50   -1.887   -3.009   -3.303   -3.440   -3.619   -4.019   -4.146   -4.253
 597    35000  5.00   -1.919   -3.033   -3.324   -3.464   -3.646   -4.047   -4.175   -4.283
 598    36000  4.00   -1.920   -3.065   -3.355   -3.484   -3.655   -4.048   -4.172   -4.277
 599    36000  4.50   -1.940   -3.072   -3.368   -3.505   -3.684   -4.085   -4.212   -4.319
 600    36000  5.00   -1.965   -3.091   -3.385   -3.526   -3.708   -4.112   -4.241   -4.349
 601    37000  4.00   -1.992   -3.143   -3.435   -3.563   -3.733   -4.125   -4.248   -4.353
 602    37000  4.50   -2.000   -3.140   -3.438   -3.574   -3.752   -4.153   -4.280   -4.387
 603    37000  5.00   -2.017   -3.152   -3.449   -3.590   -3.772   -4.178   -4.306   -4.414
 604    38000  4.00   -2.068   -3.224   -3.517   -3.645   -3.815   -4.207   -4.329   -4.434
 605    38000  4.50   -2.066   -3.213   -3.512   -3.648   -3.825   -4.224   -4.351   -4.458
 606    38000  5.00   -2.075   -3.218   -3.517   -3.658   -3.839   -4.245   -4.373   -4.481
 607    39000  4.00   -2.145   -3.306   -3.600   -3.728   -3.898   -4.290   -4.412   -4.517
 608    39000  4.50   -2.136   -3.289   -3.589   -3.725   -3.901   -4.300   -4.426   -4.533
 609    39000  5.00   -2.138   -3.287   -3.589   -3.729   -3.909   -4.314   -4.442   -4.551
 610    40000  4.50   -2.209   -3.366   -3.668   -3.804   -3.980   -4.378   -4.504   -4.611
 611    40000  5.00   -2.206   -3.360   -3.663   -3.804   -3.983   -4.387   -4.515   -4.623
 612    41000  4.50   -2.283   -3.444   -3.748   -3.884   -4.060   -4.459   -4.584   -4.692
 613    41000  5.00   -2.276   -3.434   -3.740   -3.880   -4.059   -4.463   -4.590   -4.699
 614    42000  4.50   -2.357   -3.521   -3.827   -3.963   -4.139   -4.539   -4.665   -4.773
 615    42000  5.00   -2.348   -3.510   -3.817   -3.957   -4.136   -4.540   -4.667   -4.776
 616    43000  4.50   -2.431   -3.598   -3.905   -4.042   -4.219   -4.619   -4.746   -4.854
 617    43000  5.00   -2.421   -3.586   -3.894   -4.035   -4.214   -4.618   -4.745   -4.855
 618    44000  4.50   -2.503   -3.673   -3.981   -4.119   -4.297   -4.698   -4.825   -4.934
 619    44000  5.00   -2.493   -3.660   -3.970   -4.112   -4.291   -4.696   -4.824   -4.934
 620    45000  4.50   -2.574   -3.746   -4.056   -4.194   -4.373   -4.776   -4.903   -5.013
 621    45000  5.00   -2.564   -3.734   -4.046   -4.188   -4.368   -4.773   -4.901   -5.012
 622    46000  4.50   -2.643   -3.818   -4.129   -4.268   -4.447   -4.852   -4.979   -5.090
 623    46000  5.00   -2.635   -3.807   -4.120   -4.263   -4.443   -4.850   -4.978   -5.089
 624    47000  4.50   -2.710   -3.888   -4.201   -4.340   -4.520   -4.926   -5.054   -5.165
 625    47000  5.00   -2.703   -3.878   -4.193   -4.336   -4.517   -4.925   -5.053   -5.165
 626    48000  4.50   -2.777   -3.957   -4.271   -4.411   -4.592   -4.998   -5.127   -5.238
 627    48000  5.00   -2.771   -3.948   -4.264   -4.408   -4.590   -4.998   -5.127   -5.239
 628    49000  4.50   -2.841   -4.024   -4.339   -4.480   -4.661   -5.069   -5.198   -5.310
 629    49000  5.00   -2.837   -4.016   -4.333   -4.478   -4.661   -5.070   -5.200   -5.312
 630    50000  5.00   -2.902   -4.083   -4.401   -4.547   -4.730   -5.141   -5.271   -5.383
 631    56101  5.00   -2.963   -4.181   -4.490   -4.622   -4.802   -5.216   -5.342   -5.449
 632    62946  5.00   -3.290   -4.518   -4.835   -4.972   -5.157   -5.579   -5.708   -5.817
 633    70627  5.00   -3.623   -4.859   -5.183   -5.325   -5.514   -5.942   -6.074   -6.186
 634    79245  5.00   -3.961   -5.204   -5.534   -5.680   -5.873   -6.307   -6.442   -6.555
 635    88914  5.00   -4.303   -5.552   -5.889   -6.037   -6.235   -6.673   -6.810   -6.926
 636    99763  5.00   -4.649   -5.903   -6.245   -6.397   -6.597   -7.040   -7.179   -7.296
 637   111936  5.00   -4.998   -6.257   -6.604   -6.758   -6.961   -7.408   -7.549   -7.667
 638   125595  5.00   -5.351   -6.614   -6.964   -7.120   -7.326   -7.777   -7.919   -8.039
 639   140920  5.00   -5.706   -6.972   -7.326   -7.484   -7.693   -8.146   -8.290   -8.411
 640   158115  5.00   -6.063   -7.333   -7.690   -7.850   -8.060   -8.516   -8.661   -8.783
 641   177407  5.00   -6.422   -7.695   -8.054   -8.216   -8.428   -8.887   -9.033   -9.155
 642   199055  5.00   -6.783   -8.058   -8.420   -8.583   -8.797   -9.258   -9.405   -9.528
 643   223343  5.00   -7.145   -8.423   -8.787   -8.952   -9.167   -9.629   -9.777   -9.901
 644   250595  5.00   -7.509   -8.789   -9.155   -9.321   -9.537  -10.001  -10.150  -10.274
 645   281172  5.00   -7.874   -9.156   -9.524   -9.690   -9.907  -10.373  -10.523  -10.648
 646   315481  5.00   -8.241   -9.524   -9.893  -10.060  -10.279  -10.746  -10.896  -11.021
 647   353975  5.00   -8.608   -9.892  -10.263  -10.431  -10.650  -11.118  -11.269  -11.395
 648   397167  5.00   -8.976  -10.262  -10.634  -10.802  -11.022  -11.491  -11.643  -11.769
 649   445629  5.00   -9.345  -10.632  -11.005  -11.174  -11.394  -11.865  -12.016  -12.143
 650   500004  5.00   -9.714  -11.002  -11.376  -11.546  -11.767  -12.238  -12.390  -12.517
 651   561014  5.00  -10.084  -11.373  -11.748  -11.918  -12.140  -12.612  -12.764  -12.891
 652   629469  5.00  -10.455  -11.745  -12.120  -12.291  -12.513  -12.985  -13.138  -13.266
 653   706276  5.00  -10.826  -12.116  -12.493  -12.664  -12.886  -13.359  -13.512  -13.640
 654   792455  5.00  -11.198  -12.489  -12.865  -13.037  -13.260  -13.733  -13.887  -14.015
 655   889149  5.00  -11.570  -12.861  -13.238  -13.410  -13.633  -14.108  -14.261  -14.389
 656   997642  5.00  -11.942  -13.234  -13.612  -13.784  -14.007  -14.482  -14.635  -14.764
 657  1119373  5.00  -12.315  -13.607  -13.985  -14.157  -14.381  -14.856  -15.010  -15.138
 658  1255958  5.00  -12.687  -13.980  -14.359  -14.531  -14.755  -15.230  -15.384  -15.513
 659  1409209  5.00  -13.060  -14.353  -14.732  -14.905  -15.129  -15.605  -15.759  -15.888
 660  1581159  5.00  -13.434  -14.727  -15.106  -15.279  -15.503  -15.979  -16.134  -16.262
 661  1774090  5.00  -13.807  -15.101  -15.480  -15.653  -15.878  -16.354  -16.508  -16.637
 662  1990563  5.00  -14.181  -15.475  -15.854  -16.027  -16.252  -16.729  -16.883  -17.012
 663  2233450  5.00  -14.555  -15.849  -16.229  -16.402  -16.627  -17.103  -17.258  -17.387
 664  2505973  5.00  -14.929  -16.223  -16.603  -16.776  -17.001  -17.478  -17.633  -17.762
 665  2811749  5.00  -15.303  -16.597  -16.977  -17.151  -17.376  -17.853  -18.007  -18.136
 666  3154836  5.00  -15.677  -16.971  -17.352  -17.525  -17.750  -18.227  -18.382  -18.511
 667  3539785  5.00  -16.051  -17.346  -17.726  -17.900  -18.125  -18.602  -18.757  -18.886
 668  3971706  5.00  -16.425  -17.720  -18.101  -18.274  -18.500  -18.977  -19.132  -19.261
 669  4456330  5.00  -16.800  -18.095  -18.475  -18.649  -18.874  -19.352  -19.507  -19.636
# BCs for Fluks et al. 1994 M-giant spectra:
#  n     Teff  logg        U        B        V        R        I        J        H        K
   0     3810  0.00   -4.369   -2.834   -1.282   -0.342    0.415    1.633    2.525    2.657
   1     3736  0.00   -4.611   -3.075   -1.505   -0.500    0.388    1.661    2.570    2.711
   2     3666  0.00   -4.867   -3.343   -1.745   -0.681    0.346    1.687    2.614    2.766
   3     3574  0.00   -5.083   -3.741   -2.128   -0.961    0.221    1.725    2.677    2.844
   4     3434  0.00   -5.587   -4.401   -2.825   -1.473   -0.038    1.772    2.757    2.947
   5     3309  0.00   -6.114   -5.373   -3.842   -2.217   -0.437    1.820    2.833    3.047
   6     3126  0.00   -7.073   -6.737   -5.195   -3.221   -1.082    1.873    2.918    3.152
   7     2890  0.00   -7.806   -8.070   -6.411   -3.883   -1.624    1.940    2.966    3.231
   8     2667  0.00   -8.538   -9.000   -7.274   -4.257   -1.890    1.988    2.909    3.266
   9     2500  0.00   -9.278   -9.749   -8.017   -4.612   -2.027    2.018    2.794    3.252
