# BCs for ATLAS9 + DUSTY99 + blackbody spectra:
#  n     Teff  logg        U        B        V        R        I        J        H        K
   0      500  3.50  -999999  -77.837  -59.335  -43.647  -38.637  -19.145   -9.336   -2.422
   1      500  4.00  -999999  -76.555  -58.415  -42.950  -37.962  -18.732   -9.018   -2.268
   2      500  4.50  -999999  -76.196  -57.896  -42.344  -37.347  -18.060   -8.359   -1.889
   3      500  5.00  -999999  -73.695  -55.897  -40.712  -35.755  -17.017   -7.665   -1.584
   4      500  5.50  -999999  -70.464  -53.343  -38.683  -33.785  -15.826   -6.965   -1.313
   5      500  6.00  -999999  -67.210  -50.783  -36.672  -31.841  -14.677   -6.278   -1.085
   6      600  3.50  -999999  -63.454  -48.532  -35.497  -30.796  -14.821   -6.775   -1.009
   7      600  4.00  -999999  -62.710  -47.961  -35.054  -30.370  -14.545   -6.547   -0.871
   8      600  4.50  -999999  -64.586  -49.152  -35.736  -30.989  -14.563   -6.282   -0.669
   9      600  5.00  -999999  -62.654  -47.545  -34.387  -29.675  -13.642   -5.598   -0.322
  10      600  5.50  -999999  -60.239  -45.579  -32.780  -28.119  -12.644   -4.958   -0.048
  11      600  6.00  -79.552  -57.584  -43.481  -31.126  -26.529  -11.680   -4.367    0.149
  12      700  3.50  -71.033  -52.484  -40.133  -29.121  -24.716  -11.375   -4.661    0.184
  13      700  4.00  -70.214  -51.887  -39.676  -28.773  -24.385  -11.168   -4.507    0.265
  14      700  4.50  -72.444  -53.379  -40.660  -29.335  -24.886  -11.168   -4.261    0.466
  15      700  5.00  -71.261  -52.430  -39.831  -28.592  -24.157  -10.590   -3.813    0.677
  16      700  5.50  -68.834  -50.515  -38.199  -27.176  -22.782   -9.650   -3.215    0.919
  17      700  6.00  -65.662  -48.083  -36.215  -25.562  -21.237   -8.724   -2.678    1.104
  18      800  3.50  -57.884  -42.755  -32.487  -23.190  -19.094   -8.066   -2.659    1.212
  19      800  4.00  -58.109  -42.955  -32.672  -23.355  -19.252   -8.160   -2.684    1.255
  20      800  4.50  -59.942  -44.199  -33.517  -23.840  -19.678   -8.234   -2.606    1.331
  21      800  5.00  -58.918  -43.313  -32.693  -23.075  -18.935   -7.712   -2.228    1.518
  22      800  5.50  -57.410  -41.963  -31.471  -22.018  -17.923   -7.085   -1.845    1.647
  23      800  6.00  -54.755  -39.808  -29.713  -20.670  -16.660   -6.400   -1.462    1.758
  24      900  3.50  -46.755  -34.434  -25.974  -18.380  -14.639   -5.755   -1.424    1.787
  25      900  4.00  -46.856  -34.426  -25.910  -18.265  -14.518   -5.619   -1.281    1.918
  26      900  4.50  -48.992  -35.862  -26.916  -18.876  -15.054   -5.799   -1.271    2.001
  27      900  5.00  -46.997  -34.104  -25.390  -17.628  -13.877   -5.075   -0.995    2.095
  28      900  5.50  -47.080  -34.152  -25.420  -17.644  -13.891   -5.079   -0.776    2.221
  29     1000  3.50  -41.164  -30.322  -22.779  -16.086  -12.556   -4.706   -0.824    2.168
  30     1000  4.00  -40.273  -29.604  -22.175  -15.602  -12.105   -4.414   -0.616    2.276
  31     1000  4.50  -40.321  -29.447  -21.947  -15.338  -11.840   -4.189   -0.413    2.407
  32     1000  5.00  -40.387  -29.284  -21.716  -15.079  -11.582   -3.977   -0.218    2.536
  33     1000  5.50  -39.908  -28.817  -21.299  -14.727  -11.249   -3.759   -0.056    2.590
  34     1000  6.00  -38.270  -27.600  -20.342  -14.029  -10.614   -3.397    0.167    2.661
  35     1100  3.50  -35.931  -26.459  -19.731  -13.864  -10.553   -3.645   -0.199    2.523
  36     1100  4.00  -35.535  -26.142  -19.464  -13.648  -10.353   -3.511   -0.095    2.594
  37     1100  4.50  -35.488  -25.982  -19.278  -13.455  -10.163   -3.356    0.052    2.686
  38     1100  5.00  -35.013  -25.456  -18.776  -13.008   -9.738   -3.053    0.289    2.803
  39     1100  5.50  -34.330  -24.799  -18.186  -12.510   -9.272   -2.742    0.517    2.898
  40     1100  6.00  -41.578  -30.736  -23.193  -16.500  -12.970   -5.119   -1.238    1.754
  41     1200  3.50  -31.268  -23.041  -17.003  -11.827   -8.729   -2.623    0.437    2.867
  42     1200  4.00  -31.268  -23.041  -17.003  -11.827   -8.729   -2.623    0.437    2.867
  43     1200  4.50  -31.268  -23.041  -17.003  -11.827   -8.729   -2.623    0.437    2.867
  44     1200  5.00  -31.470  -22.999  -16.874  -11.643   -8.535   -2.440    0.638    3.017
  45     1200  6.00  -29.840  -21.561  -15.629  -10.628   -7.602   -1.838    1.050    3.138
  46     1300  3.50  -27.154  -20.031  -14.588  -10.008   -7.116   -1.709    1.010    3.173
  47     1300  4.00  -27.185  -20.068  -14.623  -10.036   -7.141   -1.722    1.006    3.171
  48     1300  4.50  -27.907  -20.558  -14.993  -10.292   -7.359   -1.832    0.970    3.177
  49     1300  5.00  -27.924  -20.525  -14.939  -10.224   -7.288   -1.771    1.030    3.216
  50     1300  5.50  -27.825  -20.312  -14.714  -10.013   -7.087   -1.628    1.138    3.252
  51     1300  6.00  -31.418  -23.250  -17.241  -12.093   -9.004   -2.927    1.038    3.284
  52     1400  3.50  -23.727  -17.523  -12.580   -8.505   -5.805   -0.965    1.512    3.398
  53     1400  4.00  -23.769  -17.557  -12.608   -8.524   -5.821   -0.981    1.487    3.380
  54     1400  4.50  -24.218  -17.860  -12.828   -8.659   -5.924   -1.028    1.449    3.359
  55     1400  5.00  -24.680  -18.164  -13.056   -8.817   -6.056   -1.089    1.451    3.381
  56     1400  5.50  -24.573  -17.923  -12.813   -8.583   -5.833   -0.937    1.533    3.391
  57     1400  6.00  -24.587  -17.929  -12.816   -8.584   -5.834   -0.937    1.550    3.395
  58     1500  3.50  -21.154  -15.632  -11.045   -7.310   -4.738   -0.192    2.003    3.536
  59     1500  4.00  -21.051  -15.565  -11.008   -7.307   -4.755   -0.267    1.963    3.519
  60     1500  4.50  -21.527  -15.865  -11.223   -7.450   -4.875   -0.374    1.901    3.493
  61     1500  5.00  -21.739  -15.999  -11.322   -7.514   -4.927   -0.426    1.870    3.491
  62     1500  5.50  -21.947  -16.102  -11.392   -7.550   -4.952   -0.457    1.843    3.485
  63     1500  6.00  -21.993  -16.085  -11.374   -7.523   -4.924   -0.453    1.825    3.464
  64     1600  3.50  -19.289  -14.087   -9.720   -6.229   -3.719    0.623    2.351    3.549
  65     1600  4.00  -19.086  -14.036   -9.724   -6.261   -3.772    0.538    2.333    3.546
  66     1600  4.50  -19.175  -14.093   -9.775   -6.322   -3.862    0.403    2.292    3.534
  67     1600  5.00  -19.276  -14.177   -9.852   -6.393   -3.946    0.258    2.238    3.525
  68     1600  5.50  -19.444  -14.266   -9.922   -6.442   -3.997    0.158    2.186    3.516
  69     1600  6.00  -19.585  -14.332   -9.980   -6.480   -4.033    0.079    2.133    3.504
  70     1700  3.50  -17.481  -12.456   -8.506   -5.300   -2.795    1.312    2.579    3.515
  71     1700  4.00  -17.144  -12.072   -8.130   -5.007   -2.565    1.362    2.641    3.543
  72     1700  4.50  -15.931  -11.076   -7.399   -4.452   -2.046    1.732    2.864    3.639
  73     1700  5.00  -17.077  -12.235   -8.269   -5.081   -2.640    1.282    2.689    3.571
  74     1700  5.50  -17.350  -12.632   -8.599   -5.372   -2.967    0.971    2.562    3.532
  75     1700  6.00  -17.526  -12.797   -8.753   -5.542   -3.198    0.710    2.436    3.501
  76     1800  3.50  -15.888  -11.323   -7.784   -4.781   -2.259    1.600    2.624    3.428
  77     1800  4.00  -15.717  -11.107   -7.566   -4.633   -2.157    1.641    2.675    3.437
  78     1800  4.50  -14.792  -10.366   -6.968   -4.190   -1.793    1.829    2.804    3.476
  79     1800  5.00  -14.704  -10.336   -6.951   -4.150   -1.755    1.862    2.873    3.502
  80     1800  5.50  -15.525  -11.046   -7.439   -4.482   -2.094    1.569    2.763    3.453
  81     1800  6.00  -15.630  -11.161   -7.508   -4.513   -2.138    1.506    2.769    3.492
  82     1900  3.50  -13.433   -9.971   -7.013   -4.262   -1.718    1.888    2.688    3.362
  83     1900  4.00  -14.567  -10.283   -7.094   -4.308   -1.783    1.819    2.678    3.344
  84     1900  4.50  -15.605  -10.923   -7.474   -4.561   -2.049    1.623    2.616    3.297
  85     1900  5.00  -14.662  -10.244   -6.953   -4.167   -1.720    1.802    2.752    3.329
  86     1900  5.50  -14.705  -10.477   -7.122   -4.287   -1.883    1.681    2.733    3.291
  87     1900  6.00  -14.657  -10.515   -7.116   -4.290   -1.950    1.573    2.689    3.272
  88     2000  3.50  -11.686   -9.069   -6.597   -4.012   -1.426    2.003    2.684    3.284
  89     2000  4.00  -12.959   -9.328   -6.540   -3.943   -1.391    1.977    2.692    3.275
  90     2000  4.50  -13.759   -9.472   -6.515   -3.889   -1.360    1.972    2.714    3.255
  91     2000  5.00  -14.243   -9.718   -6.647   -3.943   -1.431    1.915    2.726    3.219
  92     2000  5.50  -14.319  -10.137   -6.927   -4.152   -1.702    1.737    2.692    3.171
  93     2000  6.00  -13.858   -9.930   -6.747   -4.043   -1.691    1.686    2.677    3.136
  94     2100  4.00  -11.439   -8.506   -6.076   -3.667   -1.112    2.058    2.681    3.204
  95     2100  5.00  -13.108   -8.773   -6.002   -3.500   -0.981    2.079    2.757    3.178
  96     2100  5.50  -13.873   -9.383   -6.444   -3.768   -1.250    1.908    2.716    3.103
  97     2100  6.00  -13.759   -9.683   -6.647   -3.931   -1.486    1.759    2.658    3.023
  98     2200  3.50   -8.915   -7.345   -5.579   -3.415   -0.890    2.123    2.654    3.143
  99     2200  4.00  -10.005   -7.690   -5.578   -3.373   -0.856    2.110    2.664    3.138
 100     2200  4.50  -11.242   -8.008   -5.630   -3.344   -0.810    2.119    2.691    3.128
 101     2200  5.00  -12.318   -8.239   -5.663   -3.287   -0.763    2.109    2.726    3.115
 102     2200  5.50  -13.104   -8.598   -5.900   -3.380   -0.855    2.040    2.738    3.063
 103     2200  6.00  -13.227   -8.736   -6.015   -3.416   -0.908    1.985    2.727    2.978
 104     2300  3.50   -7.944   -6.653   -5.071   -3.087   -0.654    2.133    2.628    3.082
 105     2300  4.00   -8.895   -6.987   -5.084   -3.058   -0.621    2.122    2.640    3.081
 106     2300  4.50  -10.098   -7.366   -5.193   -3.071   -0.595    2.127    2.663    3.072
 107     2300  5.00  -11.397   -7.702   -5.294   -3.053   -0.567    2.111    2.691    3.059
 108     2300  5.50  -12.347   -7.970   -5.450   -3.077   -0.578    2.089    2.724    3.024
 109     2300  6.00  -12.604   -8.087   -5.533   -3.069   -0.579    2.070    2.747    2.957
 110     2400  3.50   -7.187   -6.065   -4.578   -2.745   -0.433    2.124    2.598    3.025
 111     2400  4.00   -7.975   -6.355   -4.599   -2.729   -0.405    2.114    2.610    3.026
 112     2400  4.50   -9.030   -6.726   -4.726   -2.771   -0.387    2.125    2.634    3.017
 113     2400  5.50  -11.371   -7.361   -4.991   -2.776   -0.334    2.117    2.708    2.988
 114     2400  6.00  -12.075   -7.607   -5.172   -2.818   -0.368    2.083    2.724    2.925
 115     2500  3.50   -6.668   -5.611   -4.142   -2.423   -0.247    2.090    2.558    2.968
 116     2500  4.00   -7.276   -5.823   -4.145   -2.405   -0.213    2.087    2.574    2.973
 117     2500  4.50   -8.174   -6.166   -4.290   -2.476   -0.204    2.103    2.599    2.965
 118     2500  5.00   -9.277   -6.499   -4.401   -2.481   -0.166    2.109    2.635    2.966
 119     2500  5.50  -10.490   -6.843   -4.581   -2.509   -0.154    2.103    2.670    2.950
 120     2500  6.00  -11.349   -7.104   -4.773   -2.548   -0.169    2.088    2.702    2.903
 121     2600  3.50   -6.257   -5.230   -3.763   -2.139   -0.093    2.052    2.518    2.912
 122     2600  4.00   -6.736   -5.380   -3.745   -2.113   -0.054    2.048    2.535    2.919
 123     2600  4.50   -7.483   -5.674   -3.883   -2.191   -0.044    2.069    2.561    2.915
 124     2600  5.00   -8.381   -5.955   -3.968   -2.198   -0.006    2.080    2.598    2.919
 125     2600  5.50   -9.530   -6.299   -4.143   -2.233    0.012    2.082    2.636    2.912
 126     2600  6.00  -10.529   -6.622   -4.372   -2.290   -0.004    2.069    2.667    2.878
 127     2700  3.50   -5.926   -4.917   -3.458   -1.914    0.020    2.012    2.478    2.855
 128     2700  4.00   -6.284   -4.997   -3.396   -1.858    0.075    2.008    2.496    2.866
 129     2700  4.50   -6.891   -5.230   -3.508   -1.928    0.094    2.032    2.525    2.865
 130     2700  5.00   -7.636   -5.470   -3.572   -1.933    0.128    2.041    2.557    2.872
 131     2700  5.50   -8.637   -5.787   -3.724   -1.970    0.151    2.049    2.597    2.873
 132     2700  6.00   -9.673   -6.123   -3.951   -2.028    0.146    2.045    2.632    2.852
 133     2800  5.00   -6.978   -5.016   -3.197   -1.679    0.249    2.005    2.523    2.830
 134     2800  5.50   -7.843   -5.309   -3.332   -1.722    0.265    2.011    2.557    2.831
 135     2900  5.00   -6.438   -4.636   -2.882   -1.465    0.336    1.963    2.483    2.782
 136     2900  5.50   -7.146   -4.871   -2.974   -1.492    0.358    1.971    2.518    2.789
 137     3000  5.00   -5.971   -4.299   -2.603   -1.276    0.406    1.923    2.447    2.735
 138     3000  5.50   -6.551   -4.486   -2.662   -1.290    0.431    1.931    2.479    2.745
 139     3100  5.00   -5.564   -3.997   -2.357   -1.107    0.465    1.888    2.414    2.692
 140     3100  5.50   -6.027   -4.144   -2.386   -1.104    0.489    1.891    2.439    2.701
 141     3200  5.00   -5.209   -3.726   -2.137   -0.955    0.516    1.856    2.388    2.654
 142     3200  5.50   -5.569   -3.837   -2.139   -0.936    0.538    1.854    2.403    2.660
 143     3300  5.00   -4.905   -3.487   -1.944   -0.819    0.560    1.827    2.368    2.622
 144     3300  5.50   -5.179   -3.566   -1.924   -0.786    0.580    1.821    2.371    2.620
 145     3400  5.00   -4.651   -3.277   -1.774   -0.699    0.596    1.799    2.353    2.595
 146     3400  5.50   -4.848   -3.329   -1.738   -0.654    0.615    1.791    2.341    2.584
 147     3500  5.00   -4.402   -3.079   -1.606   -0.575    0.620    1.762    2.327    2.566
 148     3500  5.50   -4.532   -3.107   -1.564   -0.527    0.641    1.756    2.309    2.547
 149     3600  5.00   -4.233   -2.920   -1.473   -0.477    0.645    1.734    2.314    2.541
 150     3600  5.50   -4.305   -2.928   -1.424   -0.425    0.664    1.726    2.283    2.514
 151     3700  5.00   -4.100   -2.782   -1.355   -0.389    0.662    1.704    2.298    2.513
 152     3700  5.50   -4.118   -2.772   -1.301   -0.333    0.683    1.696    2.257    2.480
 153     3800  5.00   -3.992   -2.658   -1.247   -0.307    0.675    1.673    2.284    2.483
 154     3800  5.50   -3.960   -2.633   -1.190   -0.249    0.697    1.666    2.231    2.445
 155     3500  0.00   -6.093   -3.862   -2.067   -0.957    0.295    1.709    2.661    2.875
 156     3500  0.50   -5.748   -3.780   -2.113   -1.009    0.292    1.716    2.677    2.876
 157     3500  1.00   -5.408   -3.695   -2.150   -1.047    0.295    1.728    2.687    2.871
 158     3500  1.50   -5.077   -3.594   -2.165   -1.064    0.309    1.745    2.689    2.857
 159     3500  2.00   -4.759   -3.474   -2.152   -1.057    0.336    1.765    2.683    2.833
 160     3500  2.50   -4.468   -3.337   -2.106   -1.023    0.376    1.786    2.666    2.799
 161     3500  3.00   -4.210   -3.189   -2.027   -0.961    0.431    1.809    2.634    2.752
 162     3500  3.50   -3.998   -3.041   -1.909   -0.863    0.504    1.829    2.574    2.689
 163     3500  4.00   -3.827   -2.900   -1.752   -0.725    0.592    1.839    2.475    2.611
 164     3500  4.50   -3.726   -2.799   -1.603   -0.587    0.658    1.834    2.380    2.545
 165     3500  5.00   -3.743   -2.771   -1.507   -0.484    0.695    1.824    2.321    2.502
 166     3750  0.00   -5.611   -3.128   -1.326   -0.378    0.471    1.649    2.505    2.685
 167     3750  0.50   -5.292   -3.058   -1.341   -0.401    0.468    1.642    2.522    2.692
 168     3750  1.00   -4.995   -2.999   -1.363   -0.428    0.469    1.640    2.536    2.696
 169     3750  1.50   -4.719   -2.940   -1.388   -0.456    0.473    1.643    2.545    2.696
 170     3750  2.00   -4.459   -2.878   -1.409   -0.480    0.481    1.651    2.550    2.691
 171     3750  2.50   -4.226   -2.812   -1.423   -0.496    0.495    1.663    2.550    2.680
 172     3750  3.00   -4.015   -2.738   -1.422   -0.499    0.516    1.678    2.541    2.660
 173     3750  3.50   -3.840   -2.664   -1.403   -0.481    0.549    1.696    2.518    2.628
 174     3750  4.00   -3.702   -2.596   -1.352   -0.427    0.600    1.712    2.461    2.574
 175     3750  4.50   -3.564   -2.523   -1.272   -0.344    0.657    1.717    2.372    2.511
 176     3750  5.00   -3.484   -2.474   -1.203   -0.268    0.699    1.716    2.297    2.458
 177     4000  0.00   -4.910   -2.593   -0.919   -0.101    0.576    1.609    2.355    2.501
 178     4000  0.50   -4.627   -2.527   -0.921   -0.111    0.570    1.596    2.370    2.508
 179     4000  1.00   -4.371   -2.475   -0.931   -0.121    0.567    1.587    2.383    2.514
 180     4000  1.50   -4.144   -2.432   -0.945   -0.132    0.565    1.580    2.393    2.519
 181     4000  2.00   -3.942   -2.390   -0.960   -0.143    0.566    1.576    2.400    2.521
 182     4000  2.50   -3.774   -2.354   -0.976   -0.154    0.568    1.576    2.406    2.522
 183     4000  3.00   -3.638   -2.321   -0.991   -0.165    0.574    1.580    2.408    2.519
 184     4000  3.50   -3.533   -2.294   -1.003   -0.172    0.587    1.588    2.405    2.511
 185     4000  4.00   -3.453   -2.271   -1.005   -0.164    0.611    1.601    2.386    2.490
 186     4000  4.50   -3.368   -2.249   -0.986   -0.131    0.652    1.611    2.333    2.447
 187     4000  5.00   -3.272   -2.219   -0.952   -0.085    0.694    1.615    2.258    2.396
 188     4250  0.00   -4.133   -2.187   -0.649    0.070    0.651    1.562    2.209    2.326
 189     4250  0.50   -3.892   -2.121   -0.647    0.061    0.643    1.550    2.222    2.334
 190     4250  1.00   -3.676   -2.071   -0.652    0.052    0.638    1.540    2.232    2.340
 191     4250  1.50   -3.481   -2.031   -0.662    0.044    0.634    1.531    2.241    2.344
 192     4250  2.00   -3.314   -1.993   -0.674    0.037    0.631    1.524    2.248    2.348
 193     4250  2.50   -3.180   -1.963   -0.687    0.031    0.629    1.518    2.253    2.351
 194     4250  3.00   -3.091   -1.943   -0.701    0.026    0.628    1.515    2.258    2.353
 195     4250  3.50   -3.038   -1.933   -0.716    0.022    0.630    1.515    2.261    2.354
 196     4250  4.00   -3.020   -1.933   -0.732    0.021    0.637    1.518    2.261    2.354
 197     4250  4.50   -3.013   -1.940   -0.742    0.028    0.654    1.525    2.247    2.342
 198     4250  5.00   -2.982   -1.948   -0.741    0.050    0.685    1.530    2.203    2.311
 199     4500  0.00   -3.460   -1.869   -0.461    0.191    0.706    1.505    2.068    2.162
 200     4500  0.50   -3.266   -1.808   -0.457    0.182    0.695    1.494    2.077    2.169
 201     4500  1.00   -3.093   -1.763   -0.459    0.173    0.688    1.485    2.085    2.174
 202     4500  1.50   -2.939   -1.728   -0.466    0.164    0.684    1.477    2.091    2.178
 203     4500  2.00   -2.802   -1.697   -0.475    0.156    0.680    1.471    2.097    2.181
 204     4500  2.50   -2.688   -1.668   -0.485    0.149    0.676    1.464    2.101    2.184
 205     4500  3.00   -2.608   -1.648   -0.498    0.145    0.674    1.460    2.106    2.187
 206     4500  3.50   -2.565   -1.636   -0.511    0.142    0.673    1.457    2.110    2.189
 207     4500  4.00   -2.557   -1.636   -0.526    0.141    0.676    1.457    2.113    2.192
 208     4500  4.50   -2.578   -1.645   -0.542    0.143    0.681    1.460    2.114    2.194
 209     4500  5.00   -2.612   -1.664   -0.556    0.150    0.693    1.464    2.106    2.188
 210     4750  0.00   -2.896   -1.593   -0.323    0.275    0.742    1.439    1.930    2.006
 211     4750  0.50   -2.732   -1.541   -0.318    0.265    0.730    1.428    1.938    2.012
 212     4750  1.00   -2.590   -1.503   -0.319    0.256    0.721    1.420    1.943    2.016
 213     4750  1.50   -2.466   -1.474   -0.323    0.248    0.715    1.413    1.948    2.020
 214     4750  2.00   -2.358   -1.449   -0.329    0.240    0.710    1.408    1.952    2.022
 215     4750  2.50   -2.266   -1.427   -0.336    0.232    0.705    1.402    1.955    2.025
 216     4750  3.00   -2.197   -1.408   -0.345    0.227    0.702    1.397    1.958    2.027
 217     4750  3.50   -2.157   -1.395   -0.355    0.223    0.699    1.394    1.962    2.029
 218     4750  4.00   -2.145   -1.390   -0.366    0.222    0.700    1.393    1.966    2.032
 219     4750  4.50   -2.161   -1.393   -0.380    0.223    0.702    1.394    1.968    2.035
 220     4750  5.00   -2.200   -1.405   -0.395    0.227    0.708    1.397    1.970    2.039
 221     5000  0.00   -2.410   -1.337   -0.211    0.330    0.757    1.365    1.790    1.855
 222     5000  0.50   -2.266   -1.298   -0.211    0.319    0.745    1.355    1.799    1.862
 223     5000  1.00   -2.140   -1.267   -0.213    0.310    0.735    1.347    1.805    1.866
 224     5000  1.50   -2.032   -1.245   -0.217    0.302    0.727    1.341    1.809    1.869
 225     5000  2.00   -1.943   -1.227   -0.222    0.294    0.721    1.336    1.812    1.871
 226     5000  2.50   -1.870   -1.213   -0.228    0.287    0.716    1.331    1.815    1.873
 227     5000  3.00   -1.815   -1.201   -0.234    0.281    0.712    1.327    1.817    1.875
 228     5000  3.50   -1.781   -1.192   -0.240    0.277    0.708    1.324    1.820    1.877
 229     5000  4.00   -1.770   -1.187   -0.247    0.275    0.707    1.322    1.823    1.879
 230     5000  4.50   -1.780   -1.186   -0.256    0.276    0.709    1.322    1.826    1.882
 231     5000  5.00   -1.810   -1.191   -0.267    0.279    0.713    1.324    1.828    1.886
 232     5250  0.00   -1.973   -1.095   -0.118    0.363    0.751    1.283    1.646    1.708
 233     5250  0.50   -1.858   -1.072   -0.122    0.352    0.740    1.276    1.659    1.716
 234     5250  1.00   -1.751   -1.053   -0.128    0.342    0.730    1.269    1.667    1.722
 235     5250  1.50   -1.658   -1.038   -0.134    0.333    0.723    1.263    1.672    1.725
 236     5250  2.00   -1.580   -1.028   -0.141    0.325    0.716    1.258    1.675    1.727
 237     5250  2.50   -1.517   -1.022   -0.147    0.318    0.711    1.254    1.678    1.728
 238     5250  3.00   -1.472   -1.017   -0.153    0.313    0.706    1.250    1.680    1.730
 239     5250  3.50   -1.444   -1.015   -0.158    0.309    0.703    1.247    1.683    1.731
 240     5250  4.00   -1.435   -1.014   -0.162    0.307    0.702    1.246    1.685    1.733
 241     5250  4.50   -1.444   -1.016   -0.167    0.308    0.703    1.246    1.688    1.736
 242     5250  5.00   -1.470   -1.019   -0.173    0.311    0.706    1.248    1.690    1.739
 243     5500  0.00   -1.583   -0.870   -0.039    0.380    0.726    1.192    1.498    1.560
 244     5500  0.50   -1.500   -0.863   -0.049    0.369    0.718    1.190    1.516    1.573
 245     5500  1.00   -1.417   -0.856   -0.059    0.359    0.710    1.186    1.528    1.580
 246     5500  1.50   -1.340   -0.852   -0.068    0.350    0.703    1.181    1.535    1.585
 247     5500  2.00   -1.273   -0.851   -0.077    0.342    0.697    1.176    1.540    1.587
 248     5500  2.50   -1.218   -0.852   -0.085    0.334    0.692    1.172    1.544    1.589
 249     5500  3.00   -1.177   -0.854   -0.092    0.328    0.688    1.169    1.547    1.591
 250     5500  3.50   -1.150   -0.858   -0.098    0.324    0.685    1.167    1.549    1.592
 251     5500  4.00   -1.140   -0.863   -0.102    0.323    0.684    1.165    1.552    1.594
 252     5500  4.50   -1.146   -0.869   -0.105    0.324    0.685    1.166    1.555    1.596
 253     5500  5.00   -1.169   -0.875   -0.108    0.327    0.688    1.167    1.557    1.599
 254     5750  0.00   -1.256   -0.668    0.023    0.382    0.687    1.095    1.350    1.408
 255     5750  0.50   -1.202   -0.675    0.010    0.373    0.682    1.098    1.374    1.427
 256     5750  1.00   -1.139   -0.680   -0.002    0.364    0.677    1.097    1.389    1.438
 257     5750  1.50   -1.078   -0.686   -0.014    0.356    0.672    1.095    1.399    1.445
 258     5750  2.00   -1.022   -0.693   -0.025    0.347    0.668    1.091    1.406    1.450
 259     5750  2.50   -0.974   -0.702   -0.036    0.340    0.663    1.088    1.411    1.453
 260     5750  3.00   -0.935   -0.712   -0.045    0.333    0.659    1.085    1.416    1.455
 261     5750  3.50   -0.908   -0.722   -0.053    0.328    0.657    1.083    1.419    1.456
 262     5750  4.00   -0.894   -0.732   -0.059    0.326    0.655    1.082    1.423    1.458
 263     5750  4.50   -0.893   -0.742   -0.062    0.326    0.656    1.082    1.426    1.460
 264     5750  5.00   -0.909   -0.751   -0.064    0.329    0.660    1.084    1.429    1.463
 265     6000  0.00   -0.979   -0.488    0.069    0.371    0.637    0.991    1.202    1.256
 266     6000  0.50   -0.961   -0.511    0.056    0.367    0.638    1.001    1.233    1.281
 267     6000  1.00   -0.919   -0.526    0.043    0.361    0.636    1.005    1.252    1.296
 268     6000  1.50   -0.871   -0.540    0.029    0.353    0.634    1.006    1.265    1.306
 269     6000  2.00   -0.824   -0.555    0.016    0.345    0.631    1.004    1.274    1.313
 270     6000  2.50   -0.782   -0.571    0.003    0.337    0.627    1.003    1.281    1.318
 271     6000  3.00   -0.745   -0.587   -0.009    0.330    0.624    1.000    1.287    1.322
 272     6000  3.50   -0.717   -0.604   -0.019    0.324    0.622    0.998    1.292    1.324
 273     6000  4.00   -0.698   -0.620   -0.027    0.320    0.621    0.997    1.296    1.326
 274     6000  4.50   -0.690   -0.634   -0.032    0.319    0.621    0.997    1.300    1.329
 275     6000  5.00   -0.695   -0.646   -0.035    0.322    0.624    0.999    1.304    1.332
 276     6250  0.50   -0.754   -0.362    0.089    0.349    0.585    0.901    1.093    1.137
 277     6250  1.00   -0.741   -0.390    0.078    0.349    0.588    0.911    1.117    1.157
 278     6250  1.50   -0.709   -0.412    0.064    0.343    0.589    0.915    1.133    1.170
 279     6250  2.00   -0.672   -0.434    0.049    0.337    0.588    0.916    1.144    1.180
 280     6250  2.50   -0.635   -0.456    0.034    0.329    0.586    0.916    1.154    1.187
 281     6250  3.00   -0.600   -0.479    0.020    0.321    0.584    0.915    1.161    1.192
 282     6250  3.50   -0.570   -0.501    0.007    0.314    0.582    0.913    1.167    1.195
 283     6250  4.00   -0.546   -0.523   -0.004    0.309    0.581    0.912    1.173    1.198
 284     6250  4.50   -0.531   -0.542   -0.012    0.306    0.581    0.912    1.178    1.201
 285     6250  5.00   -0.526   -0.558   -0.016    0.307    0.584    0.913    1.182    1.204
 286     6500  0.50   -0.575   -0.233    0.111    0.324    0.526    0.799    0.957    0.997
 287     6500  1.00   -0.586   -0.265    0.102    0.327    0.533    0.813    0.984    1.020
 288     6500  1.50   -0.578   -0.299    0.091    0.327    0.539    0.823    1.004    1.037
 289     6500  2.00   -0.553   -0.328    0.076    0.323    0.541    0.827    1.018    1.049
 290     6500  2.50   -0.524   -0.356    0.060    0.316    0.541    0.829    1.029    1.058
 291     6500  3.00   -0.493   -0.384    0.044    0.308    0.540    0.829    1.038    1.065
 292     6500  3.50   -0.462   -0.412    0.028    0.300    0.538    0.828    1.045    1.070
 293     6500  4.00   -0.434   -0.439    0.014    0.293    0.537    0.827    1.052    1.074
 294     6500  4.50   -0.412   -0.463    0.002    0.288    0.537    0.826    1.058    1.077
 295     6500  5.00   -0.397   -0.484   -0.005    0.287    0.539    0.827    1.064    1.080
 296     6750  0.50   -0.425   -0.133    0.126    0.296    0.467    0.699    0.829    0.864
 297     6750  1.00   -0.448   -0.156    0.116    0.298    0.473    0.715    0.856    0.888
 298     6750  1.50   -0.461   -0.194    0.108    0.303    0.482    0.728    0.877    0.907
 299     6750  2.00   -0.456   -0.234    0.097    0.304    0.489    0.737    0.894    0.922
 300     6750  2.50   -0.438   -0.268    0.081    0.299    0.492    0.741    0.907    0.933
 301     6750  3.00   -0.413   -0.302    0.063    0.292    0.493    0.743    0.917    0.942
 302     6750  3.50   -0.384   -0.335    0.045    0.283    0.492    0.743    0.926    0.948
 303     6750  4.00   -0.355   -0.368    0.027    0.275    0.491    0.742    0.934    0.953
 304     6750  4.50   -0.327   -0.397    0.012    0.268    0.490    0.741    0.942    0.957
 305     6750  5.00   -0.304   -0.422    0.001    0.263    0.491    0.741    0.948    0.960
 306     7000  0.50   -0.296   -0.057    0.134    0.268    0.410    0.604    0.709    0.739
 307     7000  1.00   -0.331   -0.074    0.126    0.269    0.415    0.620    0.734    0.762
 308     7000  1.50   -0.356   -0.102    0.117    0.272    0.421    0.633    0.754    0.781
 309     7000  2.00   -0.370   -0.146    0.109    0.277    0.431    0.645    0.772    0.798
 310     7000  2.50   -0.366   -0.190    0.096    0.278    0.439    0.653    0.788    0.811
 311     7000  3.00   -0.351   -0.230    0.078    0.272    0.442    0.657    0.800    0.822
 312     7000  3.50   -0.328   -0.269    0.058    0.264    0.443    0.658    0.810    0.829
 313     7000  4.00   -0.300   -0.306    0.038    0.254    0.443    0.658    0.819    0.835
 314     7000  4.50   -0.270   -0.341    0.019    0.245    0.442    0.657    0.828    0.840
 315     7000  5.00   -0.240   -0.371    0.004    0.238    0.442    0.657    0.835    0.844
 316     7250  0.50   -0.193   -0.011    0.136    0.241    0.358    0.513    0.599    0.623
 317     7250  1.00   -0.227   -0.012    0.128    0.239    0.357    0.528    0.620    0.643
 318     7250  1.50   -0.264   -0.035    0.121    0.242    0.363    0.542    0.639    0.662
 319     7250  2.00   -0.289   -0.068    0.112    0.244    0.371    0.552    0.655    0.678
 320     7250  2.50   -0.303   -0.117    0.103    0.249    0.381    0.563    0.671    0.692
 321     7250  3.00   -0.300   -0.167    0.088    0.248    0.388    0.571    0.685    0.705
 322     7250  3.50   -0.285   -0.211    0.068    0.242    0.392    0.574    0.696    0.714
 323     7250  4.00   -0.261   -0.253    0.046    0.232    0.392    0.574    0.707    0.721
 324     7250  4.50   -0.232   -0.293    0.025    0.221    0.392    0.574    0.716    0.727
 325     7250  5.00   -0.200   -0.329    0.005    0.212    0.392    0.573    0.725    0.731
 326     7500  0.50   -0.122   -0.020    0.128    0.223    0.320    0.435    0.504    0.521
 327     7500  1.00   -0.135    0.027    0.122    0.206    0.303    0.440    0.514    0.532
 328     7500  1.50   -0.178    0.014    0.118    0.209    0.306    0.453    0.530    0.548
 329     7500  2.00   -0.217   -0.014    0.112    0.212    0.312    0.464    0.545    0.563
 330     7500  2.50   -0.243   -0.053    0.102    0.214    0.320    0.473    0.558    0.577
 331     7500  3.00   -0.255   -0.107    0.091    0.218    0.330    0.483    0.573    0.591
 332     7500  3.50   -0.249   -0.159    0.074    0.216    0.337    0.489    0.586    0.602
 333     7500  4.00   -0.233   -0.206    0.052    0.207    0.340    0.491    0.597    0.610
 334     7500  4.50   -0.207   -0.251    0.028    0.196    0.341    0.492    0.608    0.617
 335     7500  5.00   -0.174   -0.292    0.005    0.185    0.341    0.491    0.618    0.622
 336     7750  1.00   -0.063    0.038    0.107    0.174    0.252    0.357    0.416    0.428
 337     7750  1.50   -0.103    0.043    0.106    0.174    0.251    0.367    0.428    0.441
 338     7750  2.00   -0.150    0.021    0.103    0.178    0.256    0.378    0.440    0.455
 339     7750  2.50   -0.187   -0.012    0.096    0.180    0.262    0.387    0.452    0.468
 340     7750  3.00   -0.211   -0.055    0.085    0.182    0.269    0.395    0.464    0.480
 341     7750  3.50   -0.219   -0.112    0.073    0.184    0.279    0.404    0.478    0.492
 342     7750  4.00   -0.210   -0.166    0.053    0.179    0.286    0.409    0.490    0.502
 343     7750  4.50   -0.190   -0.216    0.029    0.170    0.288    0.410    0.502    0.509
 344     7750  5.00   -0.159   -0.262    0.004    0.158    0.289    0.410    0.513    0.516
 345     8000  1.00   -0.010    0.013    0.079    0.140    0.207    0.279    0.327    0.333
 346     8000  1.50   -0.038    0.052    0.085    0.135    0.196    0.284    0.331    0.340
 347     8000  2.00   -0.087    0.041    0.085    0.139    0.199    0.294    0.341    0.352
 348     8000  2.50   -0.133    0.014    0.082    0.143    0.204    0.303    0.352    0.364
 349     8000  3.00   -0.168   -0.024    0.074    0.145    0.211    0.311    0.362    0.375
 350     8000  3.50   -0.190   -0.072    0.063    0.146    0.218    0.318    0.374    0.386
 351     8000  4.00   -0.191   -0.130    0.048    0.147    0.228    0.325    0.386    0.396
 352     8000  4.50   -0.177   -0.185    0.026    0.140    0.234    0.329    0.399    0.405
 353     8000  5.00   -0.151   -0.235    0.001    0.129    0.236    0.330    0.410    0.412
 354     8250  1.00    0.026   -0.045    0.028    0.098    0.162    0.203    0.243    0.245
 355     8250  1.50    0.011    0.039    0.054    0.093    0.142    0.203    0.240    0.244
 356     8250  2.00   -0.033    0.045    0.058    0.096    0.141    0.211    0.247    0.253
 357     8250  2.50   -0.084    0.026    0.059    0.101    0.145    0.220    0.255    0.264
 358     8250  3.00   -0.128   -0.007    0.055    0.105    0.151    0.228    0.264    0.274
 359     8250  3.50   -0.159   -0.048    0.047    0.106    0.158    0.234    0.274    0.284
 360     8250  4.00   -0.174   -0.100    0.035    0.107    0.167    0.241    0.285    0.294
 361     8250  4.50   -0.167   -0.159    0.019    0.106    0.177    0.247    0.298    0.304
 362     8250  5.00   -0.148   -0.214   -0.005    0.098    0.182    0.250    0.310    0.311
 363     8500  1.50    0.043    0.007    0.013    0.048    0.089    0.125    0.155    0.153
 364     8500  2.00    0.008    0.031    0.023    0.049    0.083    0.130    0.157    0.159
 365     8500  2.50   -0.041    0.022    0.027    0.054    0.085    0.137    0.163    0.167
 366     8500  3.00   -0.089   -0.003    0.027    0.060    0.091    0.145    0.171    0.177
 367     8500  3.50   -0.129   -0.039    0.023    0.063    0.098    0.152    0.179    0.187
 368     8500  4.00   -0.155   -0.084    0.014    0.064    0.105    0.158    0.188    0.196
 369     8500  4.50   -0.161   -0.139    0.002    0.065    0.115    0.165    0.200    0.205
 370     8500  5.00   -0.146   -0.197   -0.016    0.063    0.125    0.170    0.213    0.213
 371     8750  1.50    0.063   -0.037   -0.035   -0.000    0.035    0.048    0.072    0.066
 372     8750  2.00    0.034    0.004   -0.019    0.000    0.026    0.051    0.071    0.068
 373     8750  2.50   -0.010    0.005   -0.012    0.004    0.025    0.056    0.074    0.074
 374     8750  3.00   -0.058   -0.013   -0.009    0.010    0.029    0.064    0.080    0.083
 375     8750  3.50   -0.102   -0.042   -0.009    0.015    0.036    0.071    0.087    0.092
 376     8750  4.00   -0.136   -0.082   -0.014    0.019    0.044    0.077    0.095    0.101
 377     8750  4.50   -0.153   -0.130   -0.023    0.019    0.052    0.083    0.105    0.109
 378     8750  5.00   -0.147   -0.186   -0.035    0.022    0.064    0.089    0.118    0.117
 379     9000  1.50    0.078   -0.086   -0.087   -0.052   -0.021   -0.028   -0.009   -0.018
 380     9000  2.00    0.049   -0.032   -0.064   -0.050   -0.032   -0.027   -0.012   -0.020
 381     9000  2.50    0.009   -0.023   -0.057   -0.048   -0.036   -0.023   -0.012   -0.016
 382     9000  3.00   -0.038   -0.034   -0.052   -0.043   -0.033   -0.017   -0.008   -0.009
 383     9000  3.50   -0.083   -0.059   -0.050   -0.037   -0.028   -0.010   -0.002   -0.000
 384     9000  4.00   -0.120   -0.092   -0.050   -0.032   -0.019   -0.004    0.005    0.008
 385     9000  4.50   -0.144   -0.134   -0.055   -0.029   -0.011    0.002    0.014    0.016
 386     9000  5.00   -0.150   -0.184   -0.063   -0.027   -0.000    0.008    0.024    0.024
 387     9250  2.00    0.059   -0.073   -0.113   -0.101   -0.089   -0.102   -0.092   -0.104
 388     9250  2.50    0.019   -0.057   -0.103   -0.100   -0.095   -0.100   -0.094   -0.103
 389     9250  3.00   -0.027   -0.064   -0.099   -0.097   -0.096   -0.096   -0.093   -0.098
 390     9250  3.50   -0.072   -0.083   -0.095   -0.092   -0.092   -0.091   -0.089   -0.091
 391     9250  4.00   -0.111   -0.112   -0.093   -0.086   -0.084   -0.084   -0.083   -0.083
 392     9250  4.50   -0.139   -0.149   -0.094   -0.081   -0.075   -0.078   -0.075   -0.075
 393     9250  5.00   -0.152   -0.193   -0.099   -0.078   -0.065   -0.073   -0.066   -0.067
 394     9500  2.00    0.064   -0.117   -0.162   -0.152   -0.145   -0.175   -0.170   -0.185
 395     9500  2.50    0.025   -0.096   -0.152   -0.152   -0.154   -0.175   -0.174   -0.187
 396     9500  3.00   -0.020   -0.098   -0.147   -0.151   -0.157   -0.173   -0.175   -0.184
 397     9500  3.50   -0.066   -0.114   -0.144   -0.148   -0.155   -0.169   -0.173   -0.178
 398     9500  4.00   -0.108   -0.140   -0.141   -0.142   -0.150   -0.164   -0.168   -0.171
 399     9500  4.50   -0.139   -0.173   -0.139   -0.136   -0.141   -0.158   -0.162   -0.164
 400     9500  5.00   -0.157   -0.213   -0.140   -0.131   -0.130   -0.152   -0.153   -0.156
 401     9750  2.00    0.067   -0.162   -0.212   -0.203   -0.201   -0.246   -0.246   -0.264
 402     9750  2.50    0.027   -0.137   -0.201   -0.204   -0.211   -0.248   -0.251   -0.267
 403     9750  3.00   -0.018   -0.136   -0.196   -0.205   -0.217   -0.248   -0.254   -0.267
 404     9750  3.50   -0.065   -0.150   -0.193   -0.203   -0.218   -0.246   -0.254   -0.263
 405     9750  4.00   -0.108   -0.172   -0.190   -0.199   -0.214   -0.242   -0.251   -0.258
 406     9750  4.50   -0.143   -0.203   -0.187   -0.193   -0.206   -0.237   -0.246   -0.251
 407     9750  5.00   -0.164   -0.239   -0.186   -0.187   -0.196   -0.231   -0.238   -0.243
 408    10000  2.00    0.067   -0.207   -0.262   -0.254   -0.257   -0.316   -0.320   -0.340
 409    10000  2.50    0.026   -0.180   -0.250   -0.256   -0.268   -0.319   -0.326   -0.346
 410    10000  3.00   -0.019   -0.177   -0.245   -0.258   -0.275   -0.321   -0.331   -0.347
 411    10000  3.50   -0.066   -0.188   -0.243   -0.258   -0.279   -0.320   -0.333   -0.345
 412    10000  4.00   -0.111   -0.208   -0.241   -0.255   -0.277   -0.318   -0.332   -0.341
 413    10000  4.50   -0.149   -0.236   -0.238   -0.251   -0.271   -0.314   -0.328   -0.335
 414    10000  5.00   -0.174   -0.270   -0.235   -0.245   -0.261   -0.309   -0.321   -0.329
 415    10250  2.00    0.064   -0.252   -0.312   -0.306   -0.313   -0.385   -0.392   -0.414
 416    10250  2.50    0.022   -0.224   -0.299   -0.307   -0.324   -0.388   -0.399   -0.421
 417    10250  3.00   -0.023   -0.219   -0.295   -0.310   -0.333   -0.391   -0.406   -0.425
 418    10250  3.50   -0.070   -0.228   -0.293   -0.312   -0.338   -0.393   -0.409   -0.425
 419    10250  4.00   -0.115   -0.247   -0.292   -0.311   -0.339   -0.392   -0.410   -0.422
 420    10250  4.50   -0.155   -0.272   -0.289   -0.308   -0.335   -0.389   -0.407   -0.418
 421    10250  5.00   -0.184   -0.304   -0.286   -0.302   -0.326   -0.385   -0.402   -0.412
 422    10500  2.00    0.059   -0.298   -0.361   -0.358   -0.368   -0.453   -0.463   -0.487
 423    10500  2.50    0.017   -0.268   -0.348   -0.358   -0.379   -0.456   -0.471   -0.495
 424    10500  3.00   -0.029   -0.262   -0.344   -0.362   -0.389   -0.460   -0.478   -0.500
 425    10500  3.50   -0.076   -0.270   -0.344   -0.365   -0.396   -0.463   -0.483   -0.502
 426    10500  4.00   -0.122   -0.287   -0.343   -0.366   -0.399   -0.464   -0.485   -0.501
 427    10500  4.50   -0.163   -0.310   -0.341   -0.364   -0.397   -0.462   -0.484   -0.498
 428    10500  5.00   -0.195   -0.341   -0.337   -0.359   -0.390   -0.459   -0.480   -0.493
 429    10750  2.00    0.052   -0.343   -0.411   -0.409   -0.424   -0.520   -0.532   -0.558
 430    10750  2.50    0.009   -0.312   -0.397   -0.409   -0.434   -0.522   -0.540   -0.567
 431    10750  3.00   -0.037   -0.305   -0.394   -0.414   -0.445   -0.527   -0.549   -0.573
 432    10750  3.50   -0.084   -0.312   -0.393   -0.418   -0.453   -0.531   -0.555   -0.577
 433    10750  4.00   -0.130   -0.328   -0.393   -0.420   -0.458   -0.534   -0.559   -0.577
 434    10750  4.50   -0.172   -0.350   -0.392   -0.419   -0.457   -0.533   -0.559   -0.576
 435    10750  5.00   -0.207   -0.379   -0.389   -0.416   -0.452   -0.531   -0.556   -0.572
 436    11000  2.00    0.041   -0.389   -0.461   -0.461   -0.479   -0.586   -0.601   -0.629
 437    11000  2.50   -0.000   -0.356   -0.446   -0.460   -0.489   -0.588   -0.609   -0.637
 438    11000  3.00   -0.046   -0.349   -0.442   -0.465   -0.500   -0.593   -0.617   -0.644
 439    11000  3.50   -0.093   -0.355   -0.443   -0.470   -0.509   -0.598   -0.625   -0.649
 440    11000  4.00   -0.139   -0.370   -0.443   -0.473   -0.515   -0.602   -0.630   -0.651
 441    11000  4.50   -0.182   -0.391   -0.443   -0.474   -0.516   -0.603   -0.632   -0.651
 442    11000  5.00   -0.218   -0.418   -0.441   -0.472   -0.513   -0.602   -0.630   -0.648
 443    11250  2.00    0.028   -0.435   -0.511   -0.514   -0.535   -0.651   -0.669   -0.698
 444    11250  2.50   -0.012   -0.401   -0.495   -0.511   -0.543   -0.652   -0.676   -0.706
 445    11250  3.00   -0.057   -0.393   -0.491   -0.515   -0.554   -0.658   -0.685   -0.714
 446    11250  3.50   -0.104   -0.399   -0.492   -0.521   -0.564   -0.664   -0.693   -0.720
 447    11250  4.00   -0.150   -0.413   -0.493   -0.525   -0.571   -0.668   -0.699   -0.723
 448    11250  4.50   -0.193   -0.432   -0.493   -0.527   -0.574   -0.671   -0.702   -0.724
 449    11250  5.00   -0.230   -0.458   -0.492   -0.526   -0.572   -0.671   -0.702   -0.723
 450    11500  2.00    0.013   -0.481   -0.561   -0.565   -0.590   -0.715   -0.736   -0.767
 451    11500  2.50   -0.026   -0.445   -0.544   -0.562   -0.597   -0.716   -0.742   -0.774
 452    11500  3.00   -0.070   -0.437   -0.540   -0.566   -0.608   -0.721   -0.751   -0.782
 453    11500  3.50   -0.116   -0.442   -0.540   -0.572   -0.618   -0.727   -0.760   -0.789
 454    11500  4.00   -0.162   -0.455   -0.542   -0.577   -0.626   -0.733   -0.767   -0.793
 455    11500  4.50   -0.205   -0.474   -0.543   -0.580   -0.630   -0.736   -0.771   -0.795
 456    11500  5.00   -0.243   -0.499   -0.543   -0.580   -0.630   -0.738   -0.772   -0.795
 457    11750  2.00   -0.004   -0.526   -0.610   -0.617   -0.645   -0.779   -0.802   -0.834
 458    11750  2.50   -0.041   -0.490   -0.593   -0.613   -0.651   -0.779   -0.808   -0.841
 459    11750  3.00   -0.084   -0.481   -0.588   -0.616   -0.662   -0.784   -0.816   -0.849
 460    11750  3.50   -0.129   -0.485   -0.589   -0.622   -0.672   -0.790   -0.825   -0.856
 461    11750  4.00   -0.175   -0.498   -0.591   -0.627   -0.680   -0.796   -0.832   -0.861
 462    11750  4.50   -0.218   -0.517   -0.593   -0.632   -0.685   -0.801   -0.838   -0.865
 463    11750  5.00   -0.256   -0.540   -0.593   -0.633   -0.687   -0.803   -0.840   -0.866
 464    12000  2.50   -0.059   -0.534   -0.641   -0.663   -0.705   -0.841   -0.872   -0.907
 465    12000  3.00   -0.100   -0.525   -0.636   -0.666   -0.715   -0.846   -0.881   -0.915
 466    12000  3.50   -0.144   -0.529   -0.637   -0.672   -0.725   -0.852   -0.889   -0.922
 467    12000  4.00   -0.189   -0.541   -0.639   -0.678   -0.734   -0.858   -0.897   -0.928
 468    12000  4.50   -0.232   -0.559   -0.641   -0.682   -0.740   -0.863   -0.903   -0.932
 469    12000  5.00   -0.270   -0.582   -0.642   -0.685   -0.742   -0.867   -0.906   -0.934
 470    12250  2.50   -0.078   -0.578   -0.689   -0.714   -0.759   -0.903   -0.936   -0.973
 471    12250  3.00   -0.118   -0.568   -0.684   -0.716   -0.768   -0.907   -0.944   -0.980
 472    12250  3.50   -0.161   -0.572   -0.685   -0.722   -0.778   -0.913   -0.952   -0.987
 473    12250  4.00   -0.204   -0.584   -0.687   -0.727   -0.786   -0.919   -0.960   -0.993
 474    12250  4.50   -0.247   -0.602   -0.689   -0.733   -0.793   -0.925   -0.967   -0.998
 475    12250  5.00   -0.285   -0.623   -0.691   -0.736   -0.796   -0.929   -0.971   -1.001
 476    12500  2.50   -0.098   -0.622   -0.737   -0.764   -0.812   -0.963   -0.999   -1.037
 477    12500  3.00   -0.137   -0.612   -0.732   -0.766   -0.820   -0.967   -1.006   -1.044
 478    12500  3.50   -0.179   -0.615   -0.732   -0.771   -0.830   -0.973   -1.015   -1.051
 479    12500  4.00   -0.221   -0.627   -0.735   -0.777   -0.838   -0.979   -1.023   -1.057
 480    12500  4.50   -0.262   -0.644   -0.737   -0.782   -0.845   -0.985   -1.029   -1.062
 481    12500  5.00   -0.301   -0.665   -0.739   -0.786   -0.849   -0.990   -1.034   -1.066
 482    12750  2.50   -0.119   -0.665   -0.784   -0.813   -0.864   -1.023   -1.061   -1.100
 483    12750  3.00   -0.157   -0.655   -0.779   -0.815   -0.873   -1.027   -1.068   -1.107
 484    12750  3.50   -0.198   -0.659   -0.780   -0.820   -0.882   -1.032   -1.076   -1.114
 485    12750  4.00   -0.239   -0.670   -0.782   -0.826   -0.890   -1.039   -1.084   -1.120
 486    12750  4.50   -0.280   -0.686   -0.784   -0.831   -0.897   -1.045   -1.091   -1.126
 487    12750  5.00   -0.317   -0.707   -0.786   -0.835   -0.902   -1.050   -1.096   -1.130
 488    13000  2.50   -0.140   -0.708   -0.831   -0.862   -0.916   -1.082   -1.122   -1.163
 489    13000  3.00   -0.179   -0.698   -0.826   -0.864   -0.924   -1.085   -1.129   -1.169
 490    13000  3.50   -0.218   -0.701   -0.826   -0.869   -0.933   -1.091   -1.137   -1.176
 491    13000  4.00   -0.258   -0.712   -0.829   -0.874   -0.942   -1.097   -1.144   -1.182
 492    13000  4.50   -0.298   -0.729   -0.831   -0.880   -0.949   -1.103   -1.151   -1.188
 493    13000  5.00   -0.335   -0.749   -0.833   -0.884   -0.953   -1.109   -1.157   -1.192
 494    14000  2.00   -0.187   -0.917   -1.029   -1.054   -1.109   -1.305   -1.347   -1.392
 495    14000  2.50   -0.230   -0.874   -1.011   -1.050   -1.116   -1.307   -1.355   -1.401
 496    14000  3.00   -0.270   -0.865   -1.008   -1.055   -1.126   -1.312   -1.363   -1.409
 497    14000  3.50   -0.307   -0.869   -1.009   -1.059   -1.134   -1.317   -1.370   -1.415
 498    14000  4.00   -0.344   -0.879   -1.012   -1.065   -1.142   -1.323   -1.377   -1.421
 499    14000  4.50   -0.379   -0.894   -1.014   -1.070   -1.148   -1.328   -1.384   -1.426
 500    14000  5.00   -0.413   -0.913   -1.017   -1.074   -1.153   -1.334   -1.389   -1.432
 501    15000  2.50   -0.320   -1.031   -1.179   -1.227   -1.304   -1.516   -1.572   -1.623
 502    15000  3.00   -0.365   -1.024   -1.181   -1.235   -1.316   -1.524   -1.582   -1.633
 503    15000  3.50   -0.403   -1.029   -1.183   -1.241   -1.326   -1.530   -1.590   -1.640
 504    15000  4.00   -0.438   -1.040   -1.187   -1.247   -1.333   -1.536   -1.597   -1.645
 505    15000  4.50   -0.470   -1.055   -1.190   -1.252   -1.339   -1.541   -1.603   -1.651
 506    15000  5.00   -0.500   -1.072   -1.192   -1.256   -1.344   -1.547   -1.608   -1.656
 507    16000  2.50   -0.405   -1.176   -1.336   -1.391   -1.478   -1.711   -1.773   -1.830
 508    16000  3.00   -0.458   -1.174   -1.342   -1.404   -1.495   -1.722   -1.786   -1.843
 509    16000  3.50   -0.499   -1.180   -1.348   -1.413   -1.506   -1.730   -1.796   -1.851
 510    16000  4.00   -0.534   -1.192   -1.353   -1.420   -1.515   -1.737   -1.803   -1.857
 511    16000  4.50   -0.566   -1.209   -1.357   -1.426   -1.522   -1.743   -1.810   -1.862
 512    16000  5.00   -0.593   -1.226   -1.360   -1.430   -1.526   -1.748   -1.814   -1.867
 513    17000  2.50   -0.483   -1.312   -1.481   -1.543   -1.638   -1.890   -1.959   -2.021
 514    17000  3.00   -0.546   -1.313   -1.493   -1.562   -1.661   -1.907   -1.977   -2.038
 515    17000  3.50   -0.592   -1.323   -1.502   -1.574   -1.676   -1.918   -1.989   -2.049
 516    17000  4.00   -0.629   -1.336   -1.509   -1.583   -1.686   -1.926   -1.997   -2.056
 517    17000  4.50   -0.661   -1.354   -1.516   -1.591   -1.694   -1.932   -2.004   -2.062
 518    17000  5.00   -0.688   -1.372   -1.520   -1.595   -1.699   -1.937   -2.009   -2.066
 519    18000  2.50   -0.555   -1.440   -1.615   -1.682   -1.785   -2.054   -2.130   -2.197
 520    18000  3.00   -0.629   -1.443   -1.632   -1.708   -1.816   -2.079   -2.155   -2.220
 521    18000  3.50   -0.681   -1.457   -1.647   -1.726   -1.836   -2.093   -2.170   -2.234
 522    18000  4.00   -0.719   -1.471   -1.656   -1.736   -1.848   -2.103   -2.180   -2.242
 523    18000  4.50   -0.754   -1.491   -1.665   -1.746   -1.857   -2.111   -2.188   -2.249
 524    18000  5.00   -0.782   -1.511   -1.670   -1.752   -1.863   -2.117   -2.193   -2.255
 525    19000  2.50   -0.620   -1.560   -1.739   -1.809   -1.917   -2.203   -2.284   -2.356
 526    19000  3.00   -0.705   -1.564   -1.762   -1.843   -1.960   -2.238   -2.320   -2.390
 527    19000  3.50   -0.765   -1.582   -1.782   -1.867   -1.985   -2.257   -2.339   -2.407
 528    19000  4.00   -0.806   -1.599   -1.794   -1.880   -1.999   -2.269   -2.351   -2.418
 529    19000  4.50   -0.842   -1.619   -1.804   -1.891   -2.010   -2.278   -2.360   -2.426
 530    19000  5.00   -0.873   -1.641   -1.813   -1.900   -2.018   -2.286   -2.367   -2.432
 531    20000  3.00   -0.774   -1.677   -1.881   -1.968   -2.091   -2.384   -2.472   -2.547
 532    20000  3.50   -0.843   -1.700   -1.908   -1.998   -2.124   -2.411   -2.497   -2.570
 533    20000  4.00   -0.888   -1.719   -1.924   -2.016   -2.141   -2.425   -2.512   -2.583
 534    20000  4.50   -0.925   -1.740   -1.935   -2.028   -2.153   -2.436   -2.522   -2.592
 535    20000  5.00   -0.958   -1.764   -1.946   -2.039   -2.163   -2.445   -2.530   -2.599
 536    21000  3.00   -0.840   -1.783   -1.993   -2.083   -2.212   -2.519   -2.612   -2.691
 537    21000  3.50   -0.916   -1.809   -2.025   -2.121   -2.252   -2.553   -2.645   -2.722
 538    21000  4.00   -0.967   -1.832   -2.045   -2.142   -2.275   -2.572   -2.663   -2.738
 539    21000  4.50   -1.004   -1.853   -2.058   -2.156   -2.289   -2.584   -2.675   -2.748
 540    21000  5.00   -1.039   -1.879   -2.072   -2.170   -2.300   -2.594   -2.684   -2.757
 541    22000  3.00   -0.903   -1.884   -2.100   -2.193   -2.326   -2.644   -2.741   -2.824
 542    22000  3.50   -0.984   -1.913   -2.135   -2.234   -2.372   -2.685   -2.782   -2.863
 543    22000  4.00   -1.040   -1.939   -2.160   -2.261   -2.400   -2.709   -2.805   -2.884
 544    22000  4.50   -1.079   -1.961   -2.174   -2.277   -2.416   -2.723   -2.819   -2.897
 545    22000  5.00   -1.115   -1.987   -2.189   -2.292   -2.429   -2.735   -2.829   -2.906
 546    23000  3.00   -0.967   -1.980   -2.202   -2.298   -2.435   -2.763   -2.863   -2.950
 547    23000  3.50   -1.049   -2.011   -2.239   -2.342   -2.484   -2.808   -2.910   -2.995
 548    23000  4.00   -1.110   -2.040   -2.267   -2.373   -2.517   -2.838   -2.938   -3.021
 549    23000  4.50   -1.151   -2.064   -2.284   -2.391   -2.535   -2.855   -2.955   -3.036
 550    23000  5.00   -1.186   -2.089   -2.299   -2.407   -2.550   -2.868   -2.966   -3.047
 551    24000  3.00   -1.029   -2.071   -2.298   -2.398   -2.539   -2.878   -2.981   -3.070
 552    24000  3.50   -1.113   -2.103   -2.338   -2.444   -2.590   -2.925   -3.030   -3.119
 553    24000  4.00   -1.176   -2.136   -2.369   -2.478   -2.627   -2.958   -3.063   -3.150
 554    24000  4.50   -1.220   -2.161   -2.389   -2.499   -2.648   -2.978   -3.082   -3.168
 555    24000  5.00   -1.254   -2.186   -2.404   -2.515   -2.663   -2.992   -3.095   -3.180
 556    25000  3.00   -1.085   -2.154   -2.386   -2.489   -2.634   -2.983   -3.090   -3.182
 557    25000  3.50   -1.175   -2.191   -2.432   -2.542   -2.693   -3.037   -3.146   -3.237
 558    25000  4.00   -1.240   -2.227   -2.466   -2.578   -2.731   -3.072   -3.181   -3.271
 559    25000  4.50   -1.286   -2.254   -2.488   -2.602   -2.755   -3.095   -3.203   -3.293
 560    25000  5.00   -1.320   -2.278   -2.503   -2.618   -2.771   -3.110   -3.217   -3.306
 561    26000  3.00   -1.138   -2.234   -2.469   -2.572   -2.718   -3.075   -3.185   -3.280
 562    26000  3.50   -1.234   -2.273   -2.521   -2.635   -2.791   -3.145   -3.256   -3.351
 563    26000  4.00   -1.303   -2.312   -2.558   -2.674   -2.831   -3.181   -3.293   -3.387
 564    26000  4.50   -1.351   -2.343   -2.583   -2.700   -2.857   -3.206   -3.317   -3.410
 565    26000  5.00   -1.384   -2.367   -2.599   -2.717   -2.874   -3.222   -3.332   -3.425
 566    27000  3.50   -1.287   -2.348   -2.602   -2.720   -2.881   -3.244   -3.360   -3.457
 567    27000  4.00   -1.362   -2.392   -2.645   -2.765   -2.926   -3.286   -3.401   -3.497
 568    27000  4.50   -1.412   -2.426   -2.672   -2.793   -2.955   -3.312   -3.426   -3.522
 569    27000  5.00   -1.447   -2.451   -2.690   -2.812   -2.972   -3.329   -3.443   -3.538
 570    28000  3.50   -1.336   -2.417   -2.677   -2.798   -2.962   -3.334   -3.453   -3.554
 571    28000  4.00   -1.416   -2.466   -2.726   -2.850   -3.016   -3.384   -3.502   -3.602
 572    28000  4.50   -1.470   -2.503   -2.757   -2.881   -3.047   -3.413   -3.530   -3.629
 573    28000  5.00   -1.506   -2.531   -2.776   -2.901   -3.066   -3.431   -3.548   -3.646
 574    29000  3.50   -1.384   -2.485   -2.749   -2.872   -3.038   -3.417   -3.538   -3.642
 575    29000  4.00   -1.465   -2.534   -2.800   -2.928   -3.098   -3.475   -3.596   -3.699
 576    29000  4.50   -1.523   -2.575   -2.835   -2.963   -3.134   -3.507   -3.628   -3.729
 577    29000  5.00   -1.562   -2.605   -2.857   -2.986   -3.155   -3.528   -3.647   -3.748
 578    30000  3.50   -1.438   -2.555   -2.823   -2.946   -3.112   -3.496   -3.619   -3.723
 579    30000  4.00   -1.511   -2.598   -2.870   -3.001   -3.174   -3.559   -3.683   -3.788
 580    30000  4.50   -1.572   -2.641   -2.908   -3.040   -3.214   -3.596   -3.720   -3.823
 581    30000  5.00   -1.613   -2.674   -2.933   -3.065   -3.238   -3.619   -3.741   -3.844
 582    31000  3.50   -1.501   -2.632   -2.901   -3.023   -3.189   -3.575   -3.698   -3.804
 583    31000  4.00   -1.558   -2.661   -2.938   -3.071   -3.247   -3.637   -3.764   -3.870
 584    31000  4.50   -1.617   -2.703   -2.977   -3.112   -3.289   -3.678   -3.804   -3.910
 585    31000  5.00   -1.660   -2.738   -3.003   -3.139   -3.316   -3.704   -3.829   -3.934
 586    32000  4.00   -1.609   -2.726   -3.007   -3.141   -3.318   -3.713   -3.841   -3.949
 587    32000  4.50   -1.663   -2.764   -3.043   -3.180   -3.360   -3.756   -3.884   -3.992
 588    32000  5.00   -1.706   -2.799   -3.071   -3.209   -3.389   -3.783   -3.911   -4.018
 589    33000  4.00   -1.666   -2.794   -3.079   -3.214   -3.391   -3.789   -3.918   -4.027
 590    33000  4.50   -1.710   -2.825   -3.109   -3.248   -3.430   -3.830   -3.960   -4.069
 591    33000  5.00   -1.751   -2.858   -3.136   -3.276   -3.458   -3.859   -3.988   -4.097
 592    34000  4.00   -1.729   -2.867   -3.154   -3.289   -3.465   -3.865   -3.994   -4.104
 593    34000  4.50   -1.763   -2.889   -3.177   -3.317   -3.500   -3.903   -4.034   -4.145
 594    34000  5.00   -1.798   -2.917   -3.201   -3.343   -3.527   -3.932   -4.062   -4.172
 595    35000  4.00   -1.797   -2.942   -3.233   -3.367   -3.543   -3.942   -4.071   -4.181
 596    35000  4.50   -1.820   -2.955   -3.248   -3.388   -3.571   -3.977   -4.108   -4.220
 597    35000  5.00   -1.850   -2.979   -3.267   -3.411   -3.596   -4.004   -4.135   -4.247
 598    36000  4.00   -1.869   -3.020   -3.314   -3.448   -3.623   -4.022   -4.150   -4.261
 599    36000  4.50   -1.882   -3.025   -3.320   -3.462   -3.644   -4.050   -4.182   -4.294
 600    36000  5.00   -1.905   -3.043   -3.336   -3.480   -3.665   -4.075   -4.207   -4.320
 601    37000  4.00   -1.944   -3.100   -3.396   -3.530   -3.705   -4.104   -4.232   -4.343
 602    37000  4.50   -1.949   -3.097   -3.396   -3.537   -3.719   -4.125   -4.257   -4.369
 603    37000  5.00   -1.965   -3.110   -3.406   -3.551   -3.736   -4.147   -4.279   -4.392
 604    38000  4.00   -2.019   -3.180   -3.478   -3.612   -3.788   -4.187   -4.316   -4.426
 605    38000  4.50   -2.018   -3.171   -3.473   -3.615   -3.796   -4.202   -4.334   -4.446
 606    38000  5.00   -2.028   -3.179   -3.478   -3.623   -3.808   -4.219   -4.352   -4.465
 607    39000  4.00   -2.093   -3.258   -3.559   -3.694   -3.870   -4.270   -4.399   -4.510
 608    39000  4.50   -2.089   -3.247   -3.552   -3.694   -3.875   -4.281   -4.412   -4.525
 609    39000  5.00   -2.094   -3.250   -3.553   -3.698   -3.882   -4.293   -4.426   -4.540
 610    40000  4.50   -2.161   -3.322   -3.630   -3.772   -3.954   -4.360   -4.492   -4.605
 611    40000  5.00   -2.163   -3.322   -3.628   -3.774   -3.958   -4.369   -4.502   -4.616
 612    41000  4.50   -2.232   -3.397   -3.707   -3.850   -4.032   -4.439   -4.572   -4.686
 613    41000  5.00   -2.233   -3.395   -3.704   -3.851   -4.035   -4.446   -4.579   -4.693
 614    42000  4.50   -2.302   -3.470   -3.782   -3.926   -4.109   -4.517   -4.650   -4.765
 615    42000  5.00   -2.302   -3.468   -3.779   -3.927   -4.111   -4.522   -4.656   -4.771
 616    43000  4.50   -2.370   -3.541   -3.856   -4.000   -4.184   -4.593   -4.727   -4.842
 617    43000  5.00   -2.371   -3.540   -3.854   -4.002   -4.187   -4.598   -4.732   -4.848
 618    44000  4.50   -2.437   -3.612   -3.928   -4.073   -4.257   -4.668   -4.802   -4.917
 619    44000  5.00   -2.438   -3.610   -3.926   -4.075   -4.261   -4.673   -4.808   -4.924
 620    45000  4.50   -2.503   -3.681   -3.998   -4.143   -4.329   -4.740   -4.875   -4.991
 621    45000  5.00   -2.505   -3.679   -3.997   -4.147   -4.333   -4.747   -4.882   -4.998
 622    46000  4.50   -2.567   -3.748   -4.067   -4.212   -4.399   -4.811   -4.947   -5.063
 623    46000  5.00   -2.570   -3.747   -4.067   -4.217   -4.404   -4.818   -4.954   -5.071
 624    47000  4.50   -2.630   -3.814   -4.134   -4.280   -4.467   -4.881   -5.017   -5.134
 625    47000  5.00   -2.633   -3.813   -4.135   -4.285   -4.473   -4.889   -5.025   -5.142
 626    48000  4.50   -2.693   -3.879   -4.200   -4.347   -4.535   -4.950   -5.086   -5.204
 627    48000  5.00   -2.696   -3.879   -4.202   -4.352   -4.541   -4.958   -5.094   -5.212
 628    49000  4.50   -2.754   -3.943   -4.265   -4.412   -4.601   -5.017   -5.154   -5.272
 629    49000  5.00   -2.757   -3.943   -4.267   -4.418   -4.608   -5.025   -5.162   -5.281
 630    50000  5.00   -2.818   -4.006   -4.331   -4.483   -4.673   -5.092   -5.229   -5.348
 631    56101  5.00   -2.963   -4.181   -4.490   -4.622   -4.802   -5.216   -5.342   -5.449
 632    62946  5.00   -3.290   -4.518   -4.835   -4.972   -5.157   -5.579   -5.708   -5.817
 633    70627  5.00   -3.623   -4.859   -5.183   -5.325   -5.514   -5.942   -6.074   -6.186
 634    79245  5.00   -3.961   -5.204   -5.534   -5.680   -5.873   -6.307   -6.442   -6.555
 635    88914  5.00   -4.303   -5.552   -5.889   -6.037   -6.235   -6.673   -6.810   -6.926
 636    99763  5.00   -4.649   -5.903   -6.245   -6.397   -6.597   -7.040   -7.179   -7.296
 637   111936  5.00   -4.998   -6.257   -6.604   -6.758   -6.961   -7.408   -7.549   -7.667
 638   125595  5.00   -5.351   -6.614   -6.964   -7.120   -7.326   -7.777   -7.919   -8.039
 639   140920  5.00   -5.706   -6.972   -7.326   -7.484   -7.693   -8.146   -8.290   -8.411
 640   158115  5.00   -6.063   -7.333   -7.690   -7.850   -8.060   -8.516   -8.661   -8.783
 641   177407  5.00   -6.422   -7.695   -8.054   -8.216   -8.428   -8.887   -9.033   -9.155
 642   199055  5.00   -6.783   -8.058   -8.420   -8.583   -8.797   -9.258   -9.405   -9.528
 643   223343  5.00   -7.145   -8.423   -8.787   -8.952   -9.167   -9.629   -9.777   -9.901
 644   250595  5.00   -7.509   -8.789   -9.155   -9.321   -9.537  -10.001  -10.150  -10.274
 645   281172  5.00   -7.874   -9.156   -9.524   -9.690   -9.907  -10.373  -10.523  -10.648
 646   315481  5.00   -8.241   -9.524   -9.893  -10.060  -10.279  -10.746  -10.896  -11.021
 647   353975  5.00   -8.608   -9.892  -10.263  -10.431  -10.650  -11.118  -11.269  -11.395
 648   397167  5.00   -8.976  -10.262  -10.634  -10.802  -11.022  -11.491  -11.643  -11.769
 649   445629  5.00   -9.345  -10.632  -11.005  -11.174  -11.394  -11.865  -12.016  -12.143
 650   500004  5.00   -9.714  -11.002  -11.376  -11.546  -11.767  -12.238  -12.390  -12.517
 651   561014  5.00  -10.084  -11.373  -11.748  -11.918  -12.140  -12.612  -12.764  -12.891
 652   629469  5.00  -10.455  -11.745  -12.120  -12.291  -12.513  -12.985  -13.138  -13.266
 653   706276  5.00  -10.826  -12.116  -12.493  -12.664  -12.886  -13.359  -13.512  -13.640
 654   792455  5.00  -11.198  -12.489  -12.865  -13.037  -13.260  -13.733  -13.887  -14.015
 655   889149  5.00  -11.570  -12.861  -13.238  -13.410  -13.633  -14.108  -14.261  -14.389
 656   997642  5.00  -11.942  -13.234  -13.612  -13.784  -14.007  -14.482  -14.635  -14.764
 657  1119373  5.00  -12.315  -13.607  -13.985  -14.157  -14.381  -14.856  -15.010  -15.138
 658  1255958  5.00  -12.687  -13.980  -14.359  -14.531  -14.755  -15.230  -15.384  -15.513
 659  1409209  5.00  -13.060  -14.353  -14.732  -14.905  -15.129  -15.605  -15.759  -15.888
 660  1581159  5.00  -13.434  -14.727  -15.106  -15.279  -15.503  -15.979  -16.134  -16.262
 661  1774090  5.00  -13.807  -15.101  -15.480  -15.653  -15.878  -16.354  -16.508  -16.637
 662  1990563  5.00  -14.181  -15.475  -15.854  -16.027  -16.252  -16.729  -16.883  -17.012
 663  2233450  5.00  -14.555  -15.849  -16.229  -16.402  -16.627  -17.103  -17.258  -17.387
 664  2505973  5.00  -14.929  -16.223  -16.603  -16.776  -17.001  -17.478  -17.633  -17.762
 665  2811749  5.00  -15.303  -16.597  -16.977  -17.151  -17.376  -17.853  -18.007  -18.136
 666  3154836  5.00  -15.677  -16.971  -17.352  -17.525  -17.750  -18.227  -18.382  -18.511
 667  3539785  5.00  -16.051  -17.346  -17.726  -17.900  -18.125  -18.602  -18.757  -18.886
 668  3971706  5.00  -16.425  -17.720  -18.101  -18.274  -18.500  -18.977  -19.132  -19.261
 669  4456330  5.00  -16.800  -18.095  -18.475  -18.649  -18.874  -19.352  -19.507  -19.636
# BCs for Fluks et al. 1994 M-giant spectra:
#  n     Teff  logg        U        B        V        R        I        J        H        K
   0     3810  0.00   -4.369   -2.834   -1.282   -0.342    0.415    1.633    2.525    2.657
   1     3736  0.00   -4.611   -3.075   -1.505   -0.500    0.388    1.661    2.570    2.711
   2     3666  0.00   -4.867   -3.343   -1.745   -0.681    0.346    1.687    2.614    2.766
   3     3574  0.00   -5.083   -3.741   -2.128   -0.961    0.221    1.725    2.677    2.844
   4     3434  0.00   -5.587   -4.401   -2.825   -1.473   -0.038    1.772    2.757    2.947
   5     3309  0.00   -6.114   -5.373   -3.842   -2.217   -0.437    1.820    2.833    3.047
   6     3126  0.00   -7.073   -6.737   -5.195   -3.221   -1.082    1.873    2.918    3.152
   7     2890  0.00   -7.806   -8.070   -6.411   -3.883   -1.624    1.940    2.966    3.231
   8     2667  0.00   -8.538   -9.000   -7.274   -4.257   -1.890    1.988    2.909    3.266
   9     2500  0.00   -9.278   -9.749   -8.017   -4.612   -2.027    2.018    2.794    3.252
