# BCs for ATLAS9 + DUSTY99 + blackbody spectra:
#  n     Teff  logg        U        B        V        R        I        J        H        K
   0      500  3.50  -999999  -77.837  -59.335  -43.647  -38.637  -19.145   -9.336   -2.422
   1      500  4.00  -999999  -76.555  -58.415  -42.950  -37.962  -18.732   -9.018   -2.268
   2      500  4.50  -999999  -76.196  -57.896  -42.344  -37.347  -18.060   -8.359   -1.889
   3      500  5.00  -999999  -73.695  -55.897  -40.712  -35.755  -17.017   -7.665   -1.584
   4      500  5.50  -999999  -70.464  -53.343  -38.683  -33.785  -15.826   -6.965   -1.313
   5      500  6.00  -999999  -67.210  -50.783  -36.672  -31.841  -14.677   -6.278   -1.085
   6      600  3.50  -999999  -63.454  -48.532  -35.497  -30.796  -14.821   -6.775   -1.009
   7      600  4.00  -999999  -62.710  -47.961  -35.054  -30.370  -14.545   -6.547   -0.871
   8      600  4.50  -999999  -64.586  -49.152  -35.736  -30.989  -14.563   -6.282   -0.669
   9      600  5.00  -999999  -62.654  -47.545  -34.387  -29.675  -13.642   -5.598   -0.322
  10      600  5.50  -999999  -60.239  -45.579  -32.780  -28.119  -12.644   -4.958   -0.048
  11      600  6.00  -79.552  -57.584  -43.481  -31.126  -26.529  -11.680   -4.367    0.149
  12      700  3.50  -71.033  -52.484  -40.133  -29.121  -24.716  -11.375   -4.661    0.184
  13      700  4.00  -70.214  -51.887  -39.676  -28.773  -24.385  -11.168   -4.507    0.265
  14      700  4.50  -72.444  -53.379  -40.660  -29.335  -24.886  -11.168   -4.261    0.466
  15      700  5.00  -71.261  -52.430  -39.831  -28.592  -24.157  -10.590   -3.813    0.677
  16      700  5.50  -68.834  -50.515  -38.199  -27.176  -22.782   -9.650   -3.215    0.919
  17      700  6.00  -65.662  -48.083  -36.215  -25.562  -21.237   -8.724   -2.678    1.104
  18      800  3.50  -57.884  -42.755  -32.487  -23.190  -19.094   -8.066   -2.659    1.212
  19      800  4.00  -58.109  -42.955  -32.672  -23.355  -19.252   -8.160   -2.684    1.255
  20      800  4.50  -59.942  -44.199  -33.517  -23.840  -19.678   -8.234   -2.606    1.331
  21      800  5.00  -58.918  -43.313  -32.693  -23.075  -18.935   -7.712   -2.228    1.518
  22      800  5.50  -57.410  -41.963  -31.471  -22.018  -17.923   -7.085   -1.845    1.647
  23      800  6.00  -54.755  -39.808  -29.713  -20.670  -16.660   -6.400   -1.462    1.758
  24      900  3.50  -46.755  -34.434  -25.974  -18.380  -14.639   -5.755   -1.424    1.787
  25      900  4.00  -46.856  -34.426  -25.910  -18.265  -14.518   -5.619   -1.281    1.918
  26      900  4.50  -48.992  -35.862  -26.916  -18.876  -15.054   -5.799   -1.271    2.001
  27      900  5.00  -46.997  -34.104  -25.390  -17.628  -13.877   -5.075   -0.995    2.095
  28      900  5.50  -47.080  -34.152  -25.420  -17.644  -13.891   -5.079   -0.776    2.221
  29     1000  3.50  -41.164  -30.322  -22.779  -16.086  -12.556   -4.706   -0.824    2.168
  30     1000  4.00  -40.273  -29.604  -22.175  -15.602  -12.105   -4.414   -0.616    2.276
  31     1000  4.50  -40.321  -29.447  -21.947  -15.338  -11.840   -4.189   -0.413    2.407
  32     1000  5.00  -40.387  -29.284  -21.716  -15.079  -11.582   -3.977   -0.218    2.536
  33     1000  5.50  -39.908  -28.817  -21.299  -14.727  -11.249   -3.759   -0.056    2.590
  34     1000  6.00  -38.270  -27.600  -20.342  -14.029  -10.614   -3.397    0.167    2.661
  35     1100  3.50  -35.931  -26.459  -19.731  -13.864  -10.553   -3.645   -0.199    2.523
  36     1100  4.00  -35.535  -26.142  -19.464  -13.648  -10.353   -3.511   -0.095    2.594
  37     1100  4.50  -35.488  -25.982  -19.278  -13.455  -10.163   -3.356    0.052    2.686
  38     1100  5.00  -35.013  -25.456  -18.776  -13.008   -9.738   -3.053    0.289    2.803
  39     1100  5.50  -34.330  -24.799  -18.186  -12.510   -9.272   -2.742    0.517    2.898
  40     1100  6.00  -41.578  -30.736  -23.193  -16.500  -12.970   -5.119   -1.238    1.754
  41     1200  3.50  -31.268  -23.041  -17.003  -11.827   -8.729   -2.623    0.437    2.867
  42     1200  4.00  -31.268  -23.041  -17.003  -11.827   -8.729   -2.623    0.437    2.867
  43     1200  4.50  -31.268  -23.041  -17.003  -11.827   -8.729   -2.623    0.437    2.867
  44     1200  5.00  -31.470  -22.999  -16.874  -11.643   -8.535   -2.440    0.638    3.017
  45     1200  6.00  -29.840  -21.561  -15.629  -10.628   -7.602   -1.838    1.050    3.138
  46     1300  3.50  -27.154  -20.031  -14.588  -10.008   -7.116   -1.709    1.010    3.173
  47     1300  4.00  -27.185  -20.068  -14.623  -10.036   -7.141   -1.722    1.006    3.171
  48     1300  4.50  -27.907  -20.558  -14.993  -10.292   -7.359   -1.832    0.970    3.177
  49     1300  5.00  -27.924  -20.525  -14.939  -10.224   -7.288   -1.771    1.030    3.216
  50     1300  5.50  -27.825  -20.312  -14.714  -10.013   -7.087   -1.628    1.138    3.252
  51     1300  6.00  -31.418  -23.250  -17.241  -12.093   -9.004   -2.927    1.038    3.284
  52     1400  3.50  -23.727  -17.523  -12.580   -8.505   -5.805   -0.965    1.512    3.398
  53     1400  4.00  -23.769  -17.557  -12.608   -8.524   -5.821   -0.981    1.487    3.380
  54     1400  4.50  -24.218  -17.860  -12.828   -8.659   -5.924   -1.028    1.449    3.359
  55     1400  5.00  -24.680  -18.164  -13.056   -8.817   -6.056   -1.089    1.451    3.381
  56     1400  5.50  -24.573  -17.923  -12.813   -8.583   -5.833   -0.937    1.533    3.391
  57     1400  6.00  -24.587  -17.929  -12.816   -8.584   -5.834   -0.937    1.550    3.395
  58     1500  3.50  -21.154  -15.632  -11.045   -7.310   -4.738   -0.192    2.003    3.536
  59     1500  4.00  -21.051  -15.565  -11.008   -7.307   -4.755   -0.267    1.963    3.519
  60     1500  4.50  -21.527  -15.865  -11.223   -7.450   -4.875   -0.374    1.901    3.493
  61     1500  5.00  -21.739  -15.999  -11.322   -7.514   -4.927   -0.426    1.870    3.491
  62     1500  5.50  -21.947  -16.102  -11.392   -7.550   -4.952   -0.457    1.843    3.485
  63     1500  6.00  -21.993  -16.085  -11.374   -7.523   -4.924   -0.453    1.825    3.464
  64     1600  3.50  -19.289  -14.087   -9.720   -6.229   -3.719    0.623    2.351    3.549
  65     1600  4.00  -19.086  -14.036   -9.724   -6.261   -3.772    0.538    2.333    3.546
  66     1600  4.50  -19.175  -14.093   -9.775   -6.322   -3.862    0.403    2.292    3.534
  67     1600  5.00  -19.276  -14.177   -9.852   -6.393   -3.946    0.258    2.238    3.525
  68     1600  5.50  -19.444  -14.266   -9.922   -6.442   -3.997    0.158    2.186    3.516
  69     1600  6.00  -19.585  -14.332   -9.980   -6.480   -4.033    0.079    2.133    3.504
  70     1700  3.50  -17.481  -12.456   -8.506   -5.300   -2.795    1.312    2.579    3.515
  71     1700  4.00  -17.144  -12.072   -8.130   -5.007   -2.565    1.362    2.641    3.543
  72     1700  4.50  -15.931  -11.076   -7.399   -4.452   -2.046    1.732    2.864    3.639
  73     1700  5.00  -17.077  -12.235   -8.269   -5.081   -2.640    1.282    2.689    3.571
  74     1700  5.50  -17.350  -12.632   -8.599   -5.372   -2.967    0.971    2.562    3.532
  75     1700  6.00  -17.526  -12.797   -8.753   -5.542   -3.198    0.710    2.436    3.501
  76     1800  3.50  -15.888  -11.323   -7.784   -4.781   -2.259    1.600    2.624    3.428
  77     1800  4.00  -15.717  -11.107   -7.566   -4.633   -2.157    1.641    2.675    3.437
  78     1800  4.50  -14.792  -10.366   -6.968   -4.190   -1.793    1.829    2.804    3.476
  79     1800  5.00  -14.704  -10.336   -6.951   -4.150   -1.755    1.862    2.873    3.502
  80     1800  5.50  -15.525  -11.046   -7.439   -4.482   -2.094    1.569    2.763    3.453
  81     1800  6.00  -15.630  -11.161   -7.508   -4.513   -2.138    1.506    2.769    3.492
  82     1900  3.50  -13.433   -9.971   -7.013   -4.262   -1.718    1.888    2.688    3.362
  83     1900  4.00  -14.567  -10.283   -7.094   -4.308   -1.783    1.819    2.678    3.344
  84     1900  4.50  -15.605  -10.923   -7.474   -4.561   -2.049    1.623    2.616    3.297
  85     1900  5.00  -14.662  -10.244   -6.953   -4.167   -1.720    1.802    2.752    3.329
  86     1900  5.50  -14.705  -10.477   -7.122   -4.287   -1.883    1.681    2.733    3.291
  87     1900  6.00  -14.657  -10.515   -7.116   -4.290   -1.950    1.573    2.689    3.272
  88     2000  3.50  -11.686   -9.069   -6.597   -4.012   -1.426    2.003    2.684    3.284
  89     2000  4.00  -12.959   -9.328   -6.540   -3.943   -1.391    1.977    2.692    3.275
  90     2000  4.50  -13.759   -9.472   -6.515   -3.889   -1.360    1.972    2.714    3.255
  91     2000  5.00  -14.243   -9.718   -6.647   -3.943   -1.431    1.915    2.726    3.219
  92     2000  5.50  -14.319  -10.137   -6.927   -4.152   -1.702    1.737    2.692    3.171
  93     2000  6.00  -13.858   -9.930   -6.747   -4.043   -1.691    1.686    2.677    3.136
  94     2100  4.00  -11.439   -8.506   -6.076   -3.667   -1.112    2.058    2.681    3.204
  95     2100  5.00  -13.108   -8.773   -6.002   -3.500   -0.981    2.079    2.757    3.178
  96     2100  5.50  -13.873   -9.383   -6.444   -3.768   -1.250    1.908    2.716    3.103
  97     2100  6.00  -13.759   -9.683   -6.647   -3.931   -1.486    1.759    2.658    3.023
  98     2200  3.50   -8.915   -7.345   -5.579   -3.415   -0.890    2.123    2.654    3.143
  99     2200  4.00  -10.005   -7.690   -5.578   -3.373   -0.856    2.110    2.664    3.138
 100     2200  4.50  -11.242   -8.008   -5.630   -3.344   -0.810    2.119    2.691    3.128
 101     2200  5.00  -12.318   -8.239   -5.663   -3.287   -0.763    2.109    2.726    3.115
 102     2200  5.50  -13.104   -8.598   -5.900   -3.380   -0.855    2.040    2.738    3.063
 103     2200  6.00  -13.227   -8.736   -6.015   -3.416   -0.908    1.985    2.727    2.978
 104     2300  3.50   -7.944   -6.653   -5.071   -3.087   -0.654    2.133    2.628    3.082
 105     2300  4.00   -8.895   -6.987   -5.084   -3.058   -0.621    2.122    2.640    3.081
 106     2300  4.50  -10.098   -7.366   -5.193   -3.071   -0.595    2.127    2.663    3.072
 107     2300  5.00  -11.397   -7.702   -5.294   -3.053   -0.567    2.111    2.691    3.059
 108     2300  5.50  -12.347   -7.970   -5.450   -3.077   -0.578    2.089    2.724    3.024
 109     2300  6.00  -12.604   -8.087   -5.533   -3.069   -0.579    2.070    2.747    2.957
 110     2400  3.50   -7.187   -6.065   -4.578   -2.745   -0.433    2.124    2.598    3.025
 111     2400  4.00   -7.975   -6.355   -4.599   -2.729   -0.405    2.114    2.610    3.026
 112     2400  4.50   -9.030   -6.726   -4.726   -2.771   -0.387    2.125    2.634    3.017
 113     2400  5.50  -11.371   -7.361   -4.991   -2.776   -0.334    2.117    2.708    2.988
 114     2400  6.00  -12.075   -7.607   -5.172   -2.818   -0.368    2.083    2.724    2.925
 115     2500  3.50   -6.668   -5.611   -4.142   -2.423   -0.247    2.090    2.558    2.968
 116     2500  4.00   -7.276   -5.823   -4.145   -2.405   -0.213    2.087    2.574    2.973
 117     2500  4.50   -8.174   -6.166   -4.290   -2.476   -0.204    2.103    2.599    2.965
 118     2500  5.00   -9.277   -6.499   -4.401   -2.481   -0.166    2.109    2.635    2.966
 119     2500  5.50  -10.490   -6.843   -4.581   -2.509   -0.154    2.103    2.670    2.950
 120     2500  6.00  -11.349   -7.104   -4.773   -2.548   -0.169    2.088    2.702    2.903
 121     2600  3.50   -6.257   -5.230   -3.763   -2.139   -0.093    2.052    2.518    2.912
 122     2600  4.00   -6.736   -5.380   -3.745   -2.113   -0.054    2.048    2.535    2.919
 123     2600  4.50   -7.483   -5.674   -3.883   -2.191   -0.044    2.069    2.561    2.915
 124     2600  5.00   -8.381   -5.955   -3.968   -2.198   -0.006    2.080    2.598    2.919
 125     2600  5.50   -9.530   -6.299   -4.143   -2.233    0.012    2.082    2.636    2.912
 126     2600  6.00  -10.529   -6.622   -4.372   -2.290   -0.004    2.069    2.667    2.878
 127     2700  3.50   -5.926   -4.917   -3.458   -1.914    0.020    2.012    2.478    2.855
 128     2700  4.00   -6.284   -4.997   -3.396   -1.858    0.075    2.008    2.496    2.866
 129     2700  4.50   -6.891   -5.230   -3.508   -1.928    0.094    2.032    2.525    2.865
 130     2700  5.00   -7.636   -5.470   -3.572   -1.933    0.128    2.041    2.557    2.872
 131     2700  5.50   -8.637   -5.787   -3.724   -1.970    0.151    2.049    2.597    2.873
 132     2700  6.00   -9.673   -6.123   -3.951   -2.028    0.146    2.045    2.632    2.852
 133     2800  5.00   -8.848   -5.353   -3.125   -1.463    0.443    1.969    2.522    2.687
 134     2800  5.50   -9.735   -5.661   -3.342   -1.473    0.486    1.997    2.492    2.568
 135     2900  5.00   -8.018   -4.886   -2.737   -1.253    0.484    1.922    2.498    2.689
 136     2900  5.50   -8.883   -5.183   -2.938   -1.284    0.520    1.948    2.480    2.593
 137     3000  5.00   -7.271   -4.482   -2.410   -1.058    0.514    1.874    2.467    2.677
 138     3000  5.50   -8.078   -4.747   -2.578   -1.097    0.547    1.901    2.461    2.606
 139     3100  5.00   -6.607   -4.119   -2.127   -0.874    0.541    1.832    2.434    2.657
 140     3100  5.50   -7.307   -4.357   -2.265   -0.917    0.569    1.854    2.433    2.606
 141     3200  5.00   -6.052   -3.810   -1.897   -0.718    0.562    1.793    2.398    2.628
 142     3200  5.50   -6.626   -4.006   -1.996   -0.751    0.588    1.812    2.404    2.595
 143     3300  5.00   -5.572   -3.533   -1.699   -0.577    0.585    1.758    2.363    2.596
 144     3300  5.50   -6.025   -3.697   -1.772   -0.605    0.606    1.774    2.372    2.575
 145     3400  5.00   -5.166   -3.288   -1.532   -0.454    0.605    1.726    2.327    2.562
 146     3400  5.50   -5.500   -3.422   -1.584   -0.476    0.622    1.738    2.337    2.547
 147     3500  5.00   -4.815   -3.067   -1.386   -0.345    0.625    1.697    2.293    2.526
 148     3500  5.50   -5.036   -3.173   -1.423   -0.362    0.637    1.705    2.301    2.516
 149     3600  5.00   -4.506   -2.871   -1.261   -0.254    0.640    1.667    2.257    2.489
 150     3600  5.50   -4.654   -2.951   -1.284   -0.263    0.653    1.676    2.265    2.480
 151     3700  5.00   -4.227   -2.691   -1.149   -0.175    0.653    1.637    2.224    2.452
 152     3700  5.50   -4.309   -2.753   -1.167   -0.181    0.664    1.644    2.225    2.441
 153     3800  5.00   -3.959   -2.527   -1.051   -0.113    0.661    1.606    2.190    2.413
 154     3800  5.50   -4.011   -2.574   -1.063   -0.113    0.674    1.613    2.187    2.400
 155     3500  0.00   -5.905   -3.691   -1.748   -0.645    0.347    1.650    2.679    2.848
 156     3500  0.50   -5.416   -3.446   -1.646   -0.596    0.383    1.659    2.666    2.818
 157     3500  1.00   -4.960   -3.232   -1.558   -0.547    0.426    1.674    2.642    2.778
 158     3500  1.50   -4.566   -3.048   -1.478   -0.496    0.474    1.694    2.609    2.730
 159     3500  2.00   -4.244   -2.890   -1.402   -0.441    0.526    1.714    2.565    2.675
 160     3500  2.50   -4.012   -2.772   -1.334   -0.382    0.580    1.731    2.509    2.616
 161     3500  3.00   -3.869   -2.707   -1.273   -0.312    0.635    1.736    2.425    2.557
 162     3500  3.50   -3.802   -2.673   -1.221   -0.246    0.671    1.737    2.330    2.507
 163     3500  4.00   -3.815   -2.681   -1.203   -0.210    0.685    1.735    2.286    2.482
 164     3500  4.50   -3.899   -2.725   -1.211   -0.192    0.691    1.737    2.272    2.471
 165     3500  5.00   -4.063   -2.808   -1.244   -0.189    0.693    1.741    2.279    2.471
 166     3750  0.00   -5.208   -3.113   -1.319   -0.354    0.456    1.609    2.554    2.697
 167     3750  0.50   -4.817   -2.943   -1.264   -0.336    0.456    1.596    2.553    2.691
 168     3750  1.00   -4.462   -2.805   -1.223   -0.319    0.464    1.592    2.548    2.680
 169     3750  1.50   -4.152   -2.686   -1.186   -0.296    0.483    1.597    2.535    2.661
 170     3750  2.00   -3.888   -2.577   -1.146   -0.268    0.511    1.609    2.515    2.631
 171     3750  2.50   -3.688   -2.487   -1.107   -0.234    0.546    1.624    2.484    2.593
 172     3750  3.00   -3.557   -2.428   -1.072   -0.195    0.589    1.636    2.439    2.548
 173     3750  3.50   -3.470   -2.399   -1.040   -0.149    0.637    1.643    2.364    2.495
 174     3750  4.00   -3.410   -2.377   -1.009   -0.107    0.673    1.648    2.282    2.449
 175     3750  4.50   -3.413   -2.383   -1.000   -0.082    0.691    1.651    2.240    2.424
 176     3750  5.00   -3.483   -2.420   -1.009   -0.069    0.703    1.656    2.225    2.410
 177     4000  0.00   -4.393   -2.595   -0.969   -0.133    0.572    1.586    2.408    2.519
 178     4000  0.50   -4.038   -2.443   -0.927   -0.128    0.559    1.566    2.408    2.518
 179     4000  1.00   -3.735   -2.333   -0.906   -0.128    0.550    1.552    2.408    2.517
 180     4000  1.50   -3.496   -2.256   -0.898   -0.128    0.544    1.543    2.406    2.516
 181     4000  2.00   -3.325   -2.203   -0.895   -0.125    0.545    1.539    2.402    2.513
 182     4000  2.50   -3.210   -2.164   -0.890   -0.115    0.552    1.541    2.393    2.504
 183     4000  3.00   -3.136   -2.130   -0.879   -0.096    0.571    1.549    2.374    2.485
 184     4000  3.50   -3.096   -2.112   -0.865   -0.067    0.606    1.559    2.338    2.451
 185     4000  4.00   -3.059   -2.105   -0.848   -0.033    0.649    1.566    2.276    2.406
 186     4000  4.50   -3.018   -2.094   -0.829   -0.002    0.685    1.573    2.206    2.362
 187     4000  5.00   -3.022   -2.101   -0.823    0.019    0.707    1.578    2.163    2.336
 188     4250  0.00   -3.653   -2.186   -0.715    0.029    0.658    1.547    2.258    2.347
 189     4250  0.50   -3.343   -2.050   -0.677    0.028    0.640    1.526    2.257    2.345
 190     4250  1.00   -3.076   -1.949   -0.658    0.023    0.626    1.510    2.256    2.344
 191     4250  1.50   -2.868   -1.879   -0.651    0.018    0.615    1.499    2.254    2.344
 192     4250  2.00   -2.720   -1.833   -0.652    0.013    0.609    1.491    2.252    2.344
 193     4250  2.50   -2.624   -1.805   -0.658    0.011    0.605    1.487    2.249    2.344
 194     4250  3.00   -2.577   -1.790   -0.664    0.013    0.606    1.486    2.243    2.343
 195     4250  3.50   -2.573   -1.786   -0.670    0.020    0.613    1.488    2.234    2.338
 196     4250  4.00   -2.600   -1.797   -0.674    0.036    0.634    1.493    2.210    2.321
 197     4250  4.50   -2.625   -1.814   -0.672    0.060    0.667    1.499    2.165    2.289
 198     4250  5.00   -2.632   -1.823   -0.665    0.085    0.699    1.505    2.111    2.254
 199     4500  0.00   -3.011   -1.845   -0.526    0.146    0.715    1.494    2.108    2.182
 200     4500  0.50   -2.758   -1.734   -0.496    0.141    0.695    1.474    2.106    2.180
 201     4500  1.00   -2.540   -1.652   -0.480    0.134    0.679    1.458    2.104    2.178
 202     4500  1.50   -2.370   -1.594   -0.474    0.127    0.666    1.446    2.101    2.177
 203     4500  2.00   -2.247   -1.555   -0.474    0.120    0.657    1.438    2.099    2.176
 204     4500  2.50   -2.165   -1.530   -0.478    0.115    0.651    1.432    2.097    2.176
 205     4500  3.00   -2.123   -1.516   -0.484    0.114    0.649    1.429    2.093    2.177
 206     4500  3.50   -2.114   -1.510   -0.490    0.115    0.651    1.429    2.088    2.176
 207     4500  4.00   -2.135   -1.512   -0.497    0.121    0.656    1.431    2.081    2.174
 208     4500  4.50   -2.184   -1.525   -0.504    0.132    0.670    1.435    2.066    2.166
 209     4500  5.00   -2.236   -1.548   -0.508    0.150    0.695    1.440    2.035    2.145
 210     4750  0.00   -2.422   -1.523   -0.374    0.226    0.742    1.427    1.956    2.024
 211     4750  0.50   -2.225   -1.447   -0.357    0.218    0.722    1.409    1.957    2.022
 212     4750  1.00   -2.054   -1.387   -0.348    0.209    0.706    1.394    1.955    2.020
 213     4750  1.50   -1.920   -1.346   -0.344    0.200    0.692    1.382    1.953    2.018
 214     4750  2.00   -1.823   -1.319   -0.345    0.193    0.682    1.373    1.951    2.017
 215     4750  2.50   -1.759   -1.302   -0.347    0.187    0.676    1.368    1.948    2.016
 216     4750  3.00   -1.725   -1.293   -0.351    0.184    0.672    1.364    1.946    2.016
 217     4750  3.50   -1.718   -1.288   -0.354    0.185    0.672    1.363    1.942    2.016
 218     4750  4.00   -1.734   -1.288   -0.358    0.188    0.675    1.363    1.937    2.016
 219     4750  4.50   -1.772   -1.292   -0.362    0.195    0.681    1.366    1.930    2.014
 220     4750  5.00   -1.832   -1.305   -0.369    0.205    0.692    1.370    1.921    2.011
 221     5000  0.00   -1.895   -1.219   -0.249    0.278    0.741    1.346    1.802    1.869
 222     5000  0.50   -1.746   -1.176   -0.245    0.267    0.723    1.331    1.807    1.870
 223     5000  1.00   -1.616   -1.142   -0.245    0.256    0.708    1.318    1.808    1.869
 224     5000  1.50   -1.512   -1.119   -0.247    0.246    0.695    1.308    1.808    1.867
 225     5000  2.00   -1.434   -1.106   -0.250    0.237    0.685    1.299    1.806    1.865
 226     5000  2.50   -1.384   -1.100   -0.254    0.231    0.678    1.293    1.805    1.864
 227     5000  3.00   -1.358   -1.098   -0.257    0.227    0.674    1.290    1.802    1.863
 228     5000  3.50   -1.355   -1.099   -0.258    0.227    0.673    1.288    1.799    1.863
 229     5000  4.00   -1.372   -1.102   -0.259    0.231    0.676    1.289    1.795    1.862
 230     5000  4.50   -1.404   -1.106   -0.260    0.236    0.681    1.290    1.790    1.862
 231     5000  5.00   -1.454   -1.113   -0.261    0.245    0.689    1.294    1.785    1.861
 232     5250  0.00   -1.475   -0.955   -0.149    0.308    0.720    1.255    1.647    1.710
 233     5250  0.50   -1.362   -0.935   -0.156    0.295    0.705    1.245    1.658    1.716
 234     5250  1.00   -1.261   -0.922   -0.164    0.282    0.691    1.235    1.662    1.718
 235     5250  1.50   -1.178   -0.917   -0.172    0.271    0.680    1.226    1.664    1.718
 236     5250  2.00   -1.115   -0.917   -0.179    0.262    0.670    1.219    1.665    1.717
 237     5250  2.50   -1.073   -0.922   -0.186    0.254    0.663    1.213    1.664    1.716
 238     5250  3.00   -1.049   -0.929   -0.191    0.250    0.659    1.209    1.663    1.715
 239     5250  3.50   -1.045   -0.937   -0.193    0.249    0.658    1.207    1.661    1.715
 240     5250  4.00   -1.058   -0.944   -0.192    0.252    0.661    1.208    1.658    1.715
 241     5250  4.50   -1.086   -0.951   -0.190    0.258    0.667    1.210    1.654    1.714
 242     5250  5.00   -1.128   -0.959   -0.188    0.266    0.675    1.213    1.650    1.714
 243     5500  0.00   -1.158   -0.736   -0.072    0.322    0.687    1.159    1.494    1.551
 244     5500  0.50   -1.074   -0.733   -0.086    0.308    0.674    1.154    1.510    1.562
 245     5500  1.00   -0.995   -0.734   -0.099    0.295    0.663    1.147    1.519    1.568
 246     5500  1.50   -0.927   -0.741   -0.112    0.283    0.653    1.140    1.523    1.571
 247     5500  2.00   -0.872   -0.753   -0.124    0.272    0.644    1.134    1.526    1.571
 248     5500  2.50   -0.831   -0.767   -0.135    0.263    0.637    1.128    1.527    1.571
 249     5500  3.00   -0.805   -0.782   -0.143    0.257    0.632    1.124    1.527    1.571
 250     5500  3.50   -0.795   -0.797   -0.148    0.254    0.630    1.122    1.527    1.572
 251     5500  4.00   -0.799   -0.809   -0.149    0.256    0.633    1.122    1.525    1.572
 252     5500  4.50   -0.819   -0.820   -0.146    0.262    0.639    1.124    1.522    1.572
 253     5500  5.00   -0.851   -0.829   -0.142    0.271    0.647    1.128    1.519    1.572
 254     5750  0.00   -0.911   -0.554   -0.013    0.324    0.645    1.061    1.342    1.394
 255     5750  0.50   -0.857   -0.565   -0.030    0.312    0.636    1.061    1.364    1.412
 256     5750  1.00   -0.799   -0.578   -0.046    0.299    0.627    1.058    1.377    1.422
 257     5750  1.50   -0.745   -0.594   -0.063    0.287    0.619    1.053    1.385    1.427
 258     5750  2.00   -0.697   -0.613   -0.079    0.275    0.610    1.047    1.390    1.430
 259     5750  2.50   -0.658   -0.635   -0.094    0.263    0.603    1.042    1.393    1.431
 260     5750  3.00   -0.628   -0.657   -0.107    0.254    0.597    1.037    1.395    1.432
 261     5750  3.50   -0.609   -0.678   -0.116    0.249    0.594    1.034    1.396    1.432
 262     5750  4.00   -0.601   -0.696   -0.120    0.248    0.595    1.034    1.396    1.433
 263     5750  4.50   -0.609   -0.710   -0.120    0.252    0.600    1.036    1.394    1.434
 264     5750  5.00   -0.628   -0.722   -0.116    0.261    0.608    1.039    1.392    1.435
 265     6000  0.00   -0.708   -0.398    0.031    0.314    0.595    0.958    1.192    1.241
 266     6000  0.50   -0.686   -0.422    0.015    0.307    0.592    0.966    1.221    1.265
 267     6000  1.00   -0.650   -0.444   -0.002    0.297    0.587    0.967    1.239    1.279
 268     6000  1.50   -0.611   -0.469   -0.021    0.285    0.581    0.965    1.250    1.288
 269     6000  2.00   -0.573   -0.496   -0.040    0.273    0.573    0.962    1.258    1.293
 270     6000  2.50   -0.538   -0.524   -0.059    0.260    0.566    0.957    1.263    1.296
 271     6000  3.00   -0.507   -0.553   -0.077    0.248    0.559    0.952    1.266    1.297
 272     6000  3.50   -0.481   -0.579   -0.091    0.239    0.554    0.948    1.268    1.298
 273     6000  4.00   -0.463   -0.602   -0.101    0.234    0.552    0.946    1.270    1.299
 274     6000  4.50   -0.455   -0.621   -0.104    0.235    0.555    0.946    1.270    1.301
 275     6000  5.00   -0.460   -0.635   -0.102    0.241    0.562    0.949    1.269    1.303
 276     6250  0.50   -0.541   -0.295    0.049    0.293    0.542    0.869    1.081    1.121
 277     6250  1.00   -0.529   -0.328    0.034    0.288    0.541    0.876    1.103    1.140
 278     6250  1.50   -0.507   -0.360    0.015    0.279    0.538    0.877    1.118    1.152
 279     6250  2.00   -0.480   -0.393   -0.006    0.267    0.533    0.876    1.128    1.160
 280     6250  2.50   -0.451   -0.428   -0.028    0.254    0.527    0.872    1.135    1.164
 281     6250  3.00   -0.422   -0.463   -0.050    0.240    0.519    0.867    1.140    1.167
 282     6250  3.50   -0.395   -0.496   -0.069    0.228    0.513    0.863    1.144    1.168
 283     6250  4.00   -0.369   -0.525   -0.084    0.219    0.509    0.859    1.147    1.170
 284     6250  4.50   -0.349   -0.548   -0.094    0.215    0.508    0.858    1.149    1.171
 285     6250  5.00   -0.340   -0.565   -0.096    0.217    0.513    0.860    1.150    1.174
 286     6500  0.50   -0.408   -0.179    0.071    0.269    0.484    0.769    0.944    0.981
 287     6500  1.00   -0.424   -0.222    0.060    0.271    0.490    0.782    0.971    1.004
 288     6500  1.50   -0.421   -0.262    0.044    0.267    0.491    0.789    0.989    1.019
 289     6500  2.00   -0.406   -0.302    0.023    0.257    0.489    0.790    1.002    1.030
 290     6500  2.50   -0.386   -0.342   -0.001    0.245    0.484    0.788    1.011    1.037
 291     6500  3.00   -0.362   -0.383   -0.025    0.231    0.478    0.784    1.017    1.041
 292     6500  3.50   -0.335   -0.422   -0.048    0.216    0.471    0.780    1.023    1.044
 293     6500  4.00   -0.307   -0.457   -0.069    0.203    0.465    0.775    1.027    1.045
 294     6500  4.50   -0.280   -0.487   -0.085    0.195    0.462    0.772    1.030    1.047
 295     6500  5.00   -0.259   -0.510   -0.093    0.192    0.463    0.772    1.033    1.049
 296     6750  0.50   -0.299   -0.091    0.088    0.245    0.428    0.672    0.814    0.848
 297     6750  1.00   -0.325   -0.123    0.076    0.246    0.433    0.686    0.841    0.871
 298     6750  1.50   -0.343   -0.172    0.065    0.248    0.440    0.698    0.863    0.890
 299     6750  2.00   -0.344   -0.219    0.046    0.243    0.441    0.703    0.878    0.904
 300     6750  2.50   -0.335   -0.265    0.023    0.233    0.439    0.704    0.889    0.913
 301     6750  3.00   -0.317   -0.311   -0.002    0.219    0.435    0.702    0.898    0.919
 302     6750  3.50   -0.294   -0.356   -0.029    0.203    0.428    0.698    0.905    0.923
 303     6750  4.00   -0.267   -0.397   -0.054    0.188    0.421    0.693    0.910    0.925
 304     6750  4.50   -0.236   -0.434   -0.075    0.175    0.416    0.689    0.914    0.927
 305     6750  5.00   -0.207   -0.463   -0.091    0.167    0.414    0.687    0.919    0.929
 306     7000  0.50   -0.206   -0.028    0.099    0.221    0.374    0.578    0.694    0.722
 307     7000  1.00   -0.239   -0.050    0.088    0.220    0.377    0.594    0.719    0.746
 308     7000  1.50   -0.268   -0.088    0.076    0.221    0.382    0.606    0.740    0.765
 309     7000  2.00   -0.288   -0.143    0.063    0.223    0.389    0.616    0.758    0.781
 310     7000  2.50   -0.290   -0.195    0.042    0.216    0.391    0.620    0.771    0.792
 311     7000  3.00   -0.281   -0.245    0.017    0.204    0.389    0.620    0.781    0.801
 312     7000  3.50   -0.264   -0.295   -0.011    0.189    0.384    0.617    0.789    0.806
 313     7000  4.00   -0.239   -0.342   -0.040    0.172    0.377    0.613    0.796    0.809
 314     7000  4.50   -0.209   -0.386   -0.066    0.157    0.371    0.608    0.802    0.812
 315     7000  5.00   -0.176   -0.422   -0.087    0.144    0.366    0.604    0.807    0.813
 316     7250  0.50   -0.131    0.007    0.103    0.198    0.324    0.490    0.582    0.606
 317     7250  1.00   -0.165    0.001    0.093    0.194    0.323    0.504    0.605    0.627
 318     7250  1.50   -0.202   -0.028    0.083    0.194    0.327    0.516    0.624    0.645
 319     7250  2.00   -0.232   -0.071    0.070    0.194    0.333    0.526    0.640    0.661
 320     7250  2.50   -0.249   -0.130    0.055    0.194    0.339    0.534    0.655    0.675
 321     7250  3.00   -0.251   -0.186    0.032    0.186    0.340    0.538    0.667    0.685
 322     7250  3.50   -0.241   -0.240    0.004    0.173    0.338    0.537    0.677    0.692
 323     7250  4.00   -0.221   -0.292   -0.026    0.156    0.333    0.533    0.685    0.697
 324     7250  4.50   -0.193   -0.341   -0.056    0.138    0.326    0.529    0.692    0.700
 325     7250  5.00   -0.159   -0.384   -0.082    0.123    0.320    0.524    0.698    0.702
 326     7500  0.50   -0.085   -0.005    0.096    0.179    0.284    0.409    0.483    0.501
 327     7500  1.00   -0.099    0.030    0.089    0.165    0.271    0.418    0.497    0.515
 328     7500  1.50   -0.141    0.013    0.082    0.165    0.273    0.430    0.514    0.532
 329     7500  2.00   -0.179   -0.021    0.071    0.165    0.277    0.439    0.529    0.547
 330     7500  2.50   -0.208   -0.069    0.057    0.165    0.282    0.447    0.543    0.561
 331     7500  3.00   -0.223   -0.131    0.041    0.163    0.288    0.454    0.556    0.572
 332     7500  3.50   -0.222   -0.190    0.015    0.153    0.289    0.456    0.567    0.581
 333     7500  4.00   -0.208   -0.246   -0.015    0.138    0.286    0.455    0.577    0.587
 334     7500  4.50   -0.184   -0.300   -0.047    0.120    0.281    0.451    0.585    0.592
 335     7500  5.00   -0.152   -0.349   -0.077    0.102    0.274    0.446    0.592    0.594
 336     7750  1.00   -0.047    0.032    0.074    0.134    0.221    0.334    0.398    0.411
 337     7750  1.50   -0.085    0.034    0.071    0.133    0.219    0.345    0.411    0.424
 338     7750  2.00   -0.131    0.009    0.065    0.134    0.222    0.355    0.424    0.438
 339     7750  2.50   -0.169   -0.029    0.054    0.133    0.226    0.362    0.436    0.451
 340     7750  3.00   -0.195   -0.081    0.039    0.132    0.232    0.369    0.448    0.463
 341     7750  3.50   -0.204   -0.145    0.020    0.129    0.237    0.375    0.460    0.473
 342     7750  4.00   -0.199   -0.205   -0.008    0.117    0.237    0.376    0.471    0.481
 343     7750  4.50   -0.180   -0.263   -0.040    0.100    0.234    0.373    0.480    0.486
 344     7750  5.00   -0.151   -0.317   -0.073    0.080    0.228    0.369    0.489    0.490
 345     8000  1.00   -0.015    0.000    0.045    0.100    0.174    0.255    0.307    0.315
 346     8000  1.50   -0.040    0.035    0.050    0.095    0.164    0.262    0.313    0.323
 347     8000  2.00   -0.087    0.023    0.048    0.097    0.165    0.270    0.323    0.334
 348     8000  2.50   -0.131   -0.007    0.041    0.098    0.169    0.279    0.334    0.346
 349     8000  3.00   -0.166   -0.050    0.030    0.097    0.174    0.285    0.344    0.357
 350     8000  3.50   -0.187   -0.105    0.015    0.096    0.180    0.292    0.356    0.368
 351     8000  4.00   -0.190   -0.169   -0.006    0.091    0.185    0.296    0.367    0.377
 352     8000  4.50   -0.178   -0.230   -0.036    0.077    0.185    0.296    0.378    0.384
 353     8000  5.00   -0.153   -0.289   -0.069    0.058    0.181    0.293    0.388    0.388
 354     8250  1.00    0.002   -0.065   -0.004    0.058    0.127    0.178    0.222    0.226
 355     8250  1.50   -0.008    0.014    0.018    0.054    0.110    0.181    0.221    0.226
 356     8250  2.00   -0.050    0.018    0.020    0.055    0.108    0.188    0.228    0.235
 357     8250  2.50   -0.099   -0.003    0.018    0.057    0.110    0.196    0.236    0.245
 358     8250  3.00   -0.141   -0.038    0.011    0.058    0.115    0.202    0.245    0.256
 359     8250  3.50   -0.171   -0.083   -0.001    0.057    0.120    0.208    0.255    0.266
 360     8250  4.00   -0.183   -0.141   -0.015    0.056    0.128    0.214    0.266    0.276
 361     8250  4.50   -0.177   -0.203   -0.038    0.050    0.133    0.218    0.278    0.284
 362     8250  5.00   -0.158   -0.264   -0.069    0.034    0.132    0.217    0.289    0.289
 363     8500  1.50    0.011   -0.024   -0.024    0.009    0.056    0.102    0.135    0.135
 364     8500  2.00   -0.025   -0.002   -0.016    0.009    0.050    0.107    0.138    0.140
 365     8500  2.50   -0.074   -0.013   -0.014    0.012    0.051    0.113    0.143    0.149
 366     8500  3.00   -0.120   -0.040   -0.017    0.014    0.054    0.120    0.150    0.158
 367     8500  3.50   -0.156   -0.079   -0.025    0.015    0.060    0.126    0.158    0.167
 368     8500  4.00   -0.178   -0.126   -0.036    0.014    0.066    0.131    0.168    0.176
 369     8500  4.50   -0.179   -0.184   -0.050    0.014    0.076    0.138    0.180    0.185
 370     8500  5.00   -0.164   -0.244   -0.074    0.006    0.081    0.141    0.192    0.192
 371     8750  1.50    0.025   -0.074   -0.074   -0.041    0.002    0.024    0.051    0.048
 372     8750  2.00   -0.006   -0.034   -0.059   -0.040   -0.007    0.028    0.051    0.050
 373     8750  2.50   -0.053   -0.035   -0.054   -0.038   -0.009    0.033    0.054    0.055
 374     8750  3.00   -0.102   -0.055   -0.054   -0.034   -0.007    0.038    0.059    0.063
 375     8750  3.50   -0.145   -0.087   -0.057   -0.032   -0.003    0.044    0.065    0.071
 376     8750  4.00   -0.174   -0.128   -0.065   -0.032    0.004    0.050    0.074    0.080
 377     8750  4.50   -0.185   -0.178   -0.075   -0.032    0.012    0.055    0.084    0.089
 378     8750  5.00   -0.173   -0.233   -0.087   -0.030    0.024    0.062    0.097    0.097
 379     9000  1.50    0.032   -0.129   -0.129   -0.095   -0.056   -0.054   -0.031   -0.037
 380     9000  2.00    0.004   -0.075   -0.106   -0.091   -0.065   -0.050   -0.032   -0.038
 381     9000  2.50   -0.039   -0.066   -0.098   -0.088   -0.069   -0.046   -0.032   -0.034
 382     9000  3.00   -0.089   -0.079   -0.096   -0.086   -0.069   -0.042   -0.029   -0.028
 383     9000  3.50   -0.136   -0.105   -0.096   -0.083   -0.066   -0.037   -0.024   -0.021
 384     9000  4.00   -0.172   -0.142   -0.100   -0.081   -0.060   -0.031   -0.018   -0.014
 385     9000  4.50   -0.191   -0.186   -0.108   -0.080   -0.052   -0.026   -0.009   -0.005
 386     9000  5.00   -0.186   -0.235   -0.116   -0.077   -0.039   -0.019    0.004    0.004
 387     9250  2.00    0.008   -0.121   -0.157   -0.143   -0.123   -0.126   -0.113   -0.122
 388     9250  2.50   -0.032   -0.104   -0.146   -0.141   -0.129   -0.124   -0.114   -0.121
 389     9250  3.00   -0.081   -0.111   -0.142   -0.138   -0.130   -0.120   -0.113   -0.116
 390     9250  3.50   -0.129   -0.132   -0.140   -0.135   -0.128   -0.116   -0.110   -0.111
 391     9250  4.00   -0.169   -0.163   -0.141   -0.132   -0.122   -0.111   -0.105   -0.104
 392     9250  4.50   -0.195   -0.202   -0.145   -0.131   -0.116   -0.106   -0.098   -0.097
 393     9250  5.00   -0.202   -0.248   -0.152   -0.129   -0.106   -0.101   -0.088   -0.089
 394     9500  2.00    0.008   -0.169   -0.209   -0.197   -0.182   -0.202   -0.193   -0.204
 395     9500  2.50   -0.029   -0.147   -0.197   -0.195   -0.188   -0.200   -0.195   -0.204
 396     9500  3.00   -0.075   -0.148   -0.191   -0.193   -0.191   -0.197   -0.195   -0.202
 397     9500  3.50   -0.124   -0.164   -0.188   -0.189   -0.190   -0.193   -0.194   -0.197
 398     9500  4.00   -0.168   -0.190   -0.186   -0.186   -0.186   -0.189   -0.190   -0.192
 399     9500  4.50   -0.200   -0.225   -0.188   -0.183   -0.179   -0.185   -0.185   -0.186
 400     9500  5.00   -0.215   -0.268   -0.192   -0.181   -0.170   -0.180   -0.176   -0.178
 401     9750  2.00    0.004   -0.218   -0.262   -0.252   -0.241   -0.276   -0.270   -0.285
 402     9750  2.50   -0.031   -0.192   -0.248   -0.249   -0.247   -0.274   -0.273   -0.286
 403     9750  3.00   -0.075   -0.189   -0.242   -0.247   -0.251   -0.272   -0.275   -0.285
 404     9750  3.50   -0.123   -0.201   -0.238   -0.245   -0.251   -0.270   -0.275   -0.282
 405     9750  4.00   -0.168   -0.223   -0.235   -0.241   -0.249   -0.266   -0.273   -0.277
 406     9750  4.50   -0.205   -0.254   -0.233   -0.237   -0.243   -0.262   -0.268   -0.272
 407     9750  5.00   -0.226   -0.293   -0.235   -0.234   -0.234   -0.258   -0.261   -0.265
 408    10000  2.00   -0.003   -0.266   -0.314   -0.306   -0.300   -0.349   -0.347   -0.363
 409    10000  2.50   -0.038   -0.238   -0.300   -0.304   -0.306   -0.347   -0.350   -0.366
 410    10000  3.00   -0.080   -0.233   -0.294   -0.302   -0.311   -0.347   -0.353   -0.366
 411    10000  3.50   -0.126   -0.241   -0.289   -0.300   -0.313   -0.345   -0.354   -0.364
 412    10000  4.00   -0.171   -0.260   -0.285   -0.297   -0.311   -0.342   -0.353   -0.360
 413    10000  4.50   -0.210   -0.287   -0.282   -0.292   -0.306   -0.338   -0.349   -0.355
 414    10000  5.00   -0.236   -0.322   -0.281   -0.288   -0.298   -0.334   -0.343   -0.350
 415    10250  2.00   -0.013   -0.315   -0.367   -0.360   -0.358   -0.420   -0.421   -0.440
 416    10250  2.50   -0.048   -0.286   -0.352   -0.358   -0.365   -0.419   -0.425   -0.443
 417    10250  3.00   -0.088   -0.279   -0.346   -0.358   -0.371   -0.419   -0.429   -0.445
 418    10250  3.50   -0.132   -0.285   -0.341   -0.356   -0.374   -0.418   -0.431   -0.444
 419    10250  4.00   -0.176   -0.300   -0.337   -0.353   -0.373   -0.416   -0.431   -0.441
 420    10250  4.50   -0.216   -0.324   -0.333   -0.348   -0.368   -0.413   -0.428   -0.437
 421    10250  5.00   -0.245   -0.355   -0.330   -0.344   -0.361   -0.409   -0.423   -0.432
 422    10500  2.00   -0.024   -0.363   -0.419   -0.414   -0.417   -0.490   -0.494   -0.515
 423    10500  2.50   -0.060   -0.333   -0.404   -0.412   -0.424   -0.490   -0.499   -0.519
 424    10500  3.00   -0.100   -0.325   -0.398   -0.413   -0.430   -0.490   -0.503   -0.522
 425    10500  3.50   -0.142   -0.329   -0.394   -0.412   -0.434   -0.490   -0.506   -0.522
 426    10500  4.00   -0.185   -0.343   -0.390   -0.409   -0.434   -0.489   -0.507   -0.520
 427    10500  4.50   -0.224   -0.363   -0.385   -0.405   -0.430   -0.486   -0.505   -0.517
 428    10500  5.00   -0.256   -0.391   -0.381   -0.400   -0.423   -0.483   -0.501   -0.512
 429    10750  2.00   -0.037   -0.410   -0.470   -0.468   -0.475   -0.558   -0.566   -0.588
 430    10750  2.50   -0.074   -0.380   -0.456   -0.466   -0.482   -0.559   -0.571   -0.594
 431    10750  3.00   -0.114   -0.371   -0.450   -0.467   -0.489   -0.560   -0.576   -0.597
 432    10750  3.50   -0.155   -0.375   -0.446   -0.467   -0.493   -0.561   -0.580   -0.598
 433    10750  4.00   -0.197   -0.387   -0.443   -0.465   -0.494   -0.561   -0.581   -0.597
 434    10750  4.50   -0.235   -0.405   -0.438   -0.461   -0.492   -0.558   -0.581   -0.594
 435    10750  5.00   -0.268   -0.430   -0.432   -0.456   -0.485   -0.555   -0.577   -0.591
 436    11000  2.00   -0.052   -0.458   -0.522   -0.521   -0.532   -0.626   -0.637   -0.661
 437    11000  2.50   -0.090   -0.426   -0.507   -0.519   -0.539   -0.626   -0.642   -0.666
 438    11000  3.00   -0.130   -0.418   -0.502   -0.521   -0.547   -0.629   -0.647   -0.670
 439    11000  3.50   -0.171   -0.421   -0.499   -0.522   -0.552   -0.630   -0.652   -0.672
 440    11000  4.00   -0.211   -0.431   -0.495   -0.521   -0.554   -0.631   -0.654   -0.672
 441    11000  4.50   -0.249   -0.448   -0.491   -0.518   -0.552   -0.629   -0.654   -0.671
 442    11000  5.00   -0.282   -0.471   -0.485   -0.512   -0.546   -0.626   -0.652   -0.667
 443    11250  2.00   -0.069   -0.505   -0.573   -0.574   -0.589   -0.692   -0.706   -0.731
 444    11250  2.50   -0.107   -0.473   -0.558   -0.572   -0.596   -0.693   -0.711   -0.737
 445    11250  3.00   -0.147   -0.464   -0.553   -0.574   -0.604   -0.696   -0.717   -0.742
 446    11250  3.50   -0.187   -0.467   -0.550   -0.576   -0.610   -0.698   -0.722   -0.745
 447    11250  4.00   -0.227   -0.477   -0.547   -0.576   -0.613   -0.699   -0.725   -0.746
 448    11250  4.50   -0.264   -0.492   -0.543   -0.573   -0.612   -0.699   -0.726   -0.745
 449    11250  5.00   -0.297   -0.513   -0.538   -0.569   -0.607   -0.696   -0.724   -0.742
 450    11500  2.00   -0.087   -0.551   -0.623   -0.627   -0.645   -0.758   -0.774   -0.801
 451    11500  2.50   -0.125   -0.519   -0.608   -0.625   -0.653   -0.758   -0.779   -0.807
 452    11500  3.00   -0.165   -0.510   -0.603   -0.627   -0.661   -0.762   -0.786   -0.813
 453    11500  3.50   -0.205   -0.513   -0.601   -0.629   -0.667   -0.764   -0.791   -0.816
 454    11500  4.00   -0.245   -0.522   -0.599   -0.630   -0.671   -0.766   -0.795   -0.818
 455    11500  4.50   -0.281   -0.537   -0.596   -0.628   -0.671   -0.766   -0.797   -0.818
 456    11500  5.00   -0.313   -0.556   -0.590   -0.624   -0.667   -0.765   -0.795   -0.816
 457    11750  2.00   -0.106   -0.597   -0.673   -0.679   -0.701   -0.822   -0.841   -0.870
 458    11750  2.50   -0.144   -0.565   -0.658   -0.677   -0.708   -0.823   -0.846   -0.876
 459    11750  3.00   -0.184   -0.556   -0.654   -0.680   -0.717   -0.826   -0.853   -0.882
 460    11750  3.50   -0.224   -0.559   -0.652   -0.682   -0.723   -0.830   -0.859   -0.886
 461    11750  4.00   -0.263   -0.567   -0.650   -0.683   -0.728   -0.832   -0.863   -0.888
 462    11750  4.50   -0.299   -0.581   -0.647   -0.682   -0.728   -0.833   -0.865   -0.889
 463    11750  5.00   -0.331   -0.599   -0.642   -0.679   -0.725   -0.832   -0.865   -0.888
 464    12000  2.50   -0.164   -0.610   -0.708   -0.729   -0.763   -0.886   -0.912   -0.944
 465    12000  3.00   -0.204   -0.602   -0.703   -0.731   -0.772   -0.890   -0.919   -0.950
 466    12000  3.50   -0.244   -0.604   -0.702   -0.734   -0.779   -0.894   -0.925   -0.954
 467    12000  4.00   -0.283   -0.613   -0.701   -0.736   -0.784   -0.896   -0.930   -0.957
 468    12000  4.50   -0.318   -0.626   -0.698   -0.736   -0.785   -0.898   -0.933   -0.959
 469    12000  5.00   -0.350   -0.643   -0.693   -0.733   -0.783   -0.898   -0.933   -0.958
 470    12250  2.50   -0.185   -0.655   -0.757   -0.780   -0.818   -0.949   -0.977   -1.010
 471    12250  3.00   -0.225   -0.647   -0.753   -0.783   -0.827   -0.953   -0.984   -1.016
 472    12250  3.50   -0.265   -0.649   -0.751   -0.786   -0.834   -0.956   -0.991   -1.021
 473    12250  4.00   -0.303   -0.657   -0.750   -0.788   -0.839   -0.960   -0.996   -1.025
 474    12250  4.50   -0.338   -0.670   -0.748   -0.788   -0.841   -0.962   -0.999   -1.027
 475    12250  5.00   -0.369   -0.687   -0.744   -0.786   -0.839   -0.962   -1.000   -1.026
 476    12500  2.50   -0.207   -0.699   -0.805   -0.830   -0.872   -1.010   -1.041   -1.075
 477    12500  3.00   -0.247   -0.691   -0.801   -0.834   -0.881   -1.014   -1.048   -1.082
 478    12500  3.50   -0.286   -0.694   -0.800   -0.837   -0.888   -1.018   -1.055   -1.087
 479    12500  4.00   -0.324   -0.702   -0.800   -0.839   -0.893   -1.022   -1.060   -1.091
 480    12500  4.50   -0.358   -0.714   -0.798   -0.840   -0.896   -1.024   -1.063   -1.093
 481    12500  5.00   -0.389   -0.730   -0.794   -0.838   -0.895   -1.025   -1.065   -1.094
 482    12750  2.50   -0.230   -0.743   -0.853   -0.880   -0.925   -1.071   -1.104   -1.139
 483    12750  3.00   -0.270   -0.735   -0.849   -0.884   -0.934   -1.075   -1.111   -1.146
 484    12750  3.50   -0.308   -0.738   -0.849   -0.887   -0.942   -1.079   -1.117   -1.151
 485    12750  4.00   -0.345   -0.746   -0.848   -0.890   -0.947   -1.083   -1.123   -1.155
 486    12750  4.50   -0.379   -0.758   -0.847   -0.891   -0.950   -1.085   -1.127   -1.158
 487    12750  5.00   -0.409   -0.773   -0.843   -0.890   -0.949   -1.087   -1.128   -1.159
 488    13000  2.50   -0.252   -0.786   -0.900   -0.930   -0.977   -1.130   -1.165   -1.202
 489    13000  3.00   -0.293   -0.779   -0.897   -0.933   -0.987   -1.134   -1.172   -1.209
 490    13000  3.50   -0.331   -0.781   -0.897   -0.937   -0.994   -1.139   -1.179   -1.215
 491    13000  4.00   -0.367   -0.790   -0.896   -0.940   -1.000   -1.143   -1.185   -1.219
 492    13000  4.50   -0.401   -0.801   -0.895   -0.941   -1.003   -1.145   -1.189   -1.222
 493    13000  5.00   -0.430   -0.816   -0.892   -0.940   -1.003   -1.147   -1.191   -1.224
 494    14000  2.00   -0.298   -0.990   -1.096   -1.119   -1.169   -1.353   -1.391   -1.433
 495    14000  2.50   -0.345   -0.953   -1.081   -1.119   -1.179   -1.357   -1.400   -1.443
 496    14000  3.00   -0.388   -0.947   -1.081   -1.125   -1.190   -1.363   -1.409   -1.452
 497    14000  3.50   -0.426   -0.951   -1.082   -1.130   -1.199   -1.368   -1.417   -1.458
 498    14000  4.00   -0.460   -0.959   -1.082   -1.134   -1.205   -1.373   -1.422   -1.462
 499    14000  4.50   -0.491   -0.971   -1.082   -1.135   -1.208   -1.376   -1.427   -1.466
 500    14000  5.00   -0.518   -0.984   -1.079   -1.135   -1.209   -1.378   -1.429   -1.468
 501    15000  2.50   -0.436   -1.110   -1.251   -1.297   -1.368   -1.568   -1.619   -1.667
 502    15000  3.00   -0.483   -1.106   -1.253   -1.306   -1.381   -1.577   -1.630   -1.678
 503    15000  3.50   -0.523   -1.111   -1.257   -1.313   -1.391   -1.583   -1.638   -1.685
 504    15000  4.00   -0.556   -1.121   -1.259   -1.317   -1.398   -1.588   -1.644   -1.690
 505    15000  4.50   -0.585   -1.132   -1.259   -1.319   -1.402   -1.591   -1.649   -1.693
 506    15000  5.00   -0.610   -1.145   -1.257   -1.319   -1.403   -1.594   -1.652   -1.696
 507    16000  2.50   -0.522   -1.257   -1.410   -1.462   -1.543   -1.764   -1.821   -1.875
 508    16000  3.00   -0.576   -1.255   -1.415   -1.475   -1.560   -1.776   -1.836   -1.888
 509    16000  3.50   -0.618   -1.263   -1.422   -1.485   -1.573   -1.784   -1.846   -1.897
 510    16000  4.00   -0.652   -1.274   -1.425   -1.491   -1.580   -1.790   -1.853   -1.903
 511    16000  4.50   -0.680   -1.285   -1.426   -1.493   -1.585   -1.794   -1.857   -1.907
 512    16000  5.00   -0.703   -1.298   -1.425   -1.494   -1.586   -1.796   -1.860   -1.909
 513    17000  2.50   -0.603   -1.394   -1.558   -1.616   -1.705   -1.945   -2.009   -2.067
 514    17000  3.00   -0.663   -1.394   -1.567   -1.633   -1.727   -1.961   -2.027   -2.084
 515    17000  3.50   -0.710   -1.405   -1.576   -1.646   -1.743   -1.972   -2.039   -2.095
 516    17000  4.00   -0.746   -1.418   -1.582   -1.654   -1.752   -1.980   -2.048   -2.103
 517    17000  4.50   -0.774   -1.430   -1.584   -1.658   -1.757   -1.984   -2.053   -2.107
 518    17000  5.00   -0.796   -1.443   -1.584   -1.659   -1.759   -1.987   -2.056   -2.110
 519    18000  2.50   -0.679   -1.524   -1.696   -1.759   -1.856   -2.113   -2.182   -2.245
 520    18000  3.00   -0.745   -1.525   -1.708   -1.780   -1.883   -2.133   -2.205   -2.266
 521    18000  3.50   -0.797   -1.539   -1.721   -1.797   -1.901   -2.148   -2.220   -2.280
 522    18000  4.00   -0.836   -1.553   -1.729   -1.807   -1.913   -2.157   -2.230   -2.290
 523    18000  4.50   -0.865   -1.567   -1.733   -1.813   -1.920   -2.163   -2.237   -2.295
 524    18000  5.00   -0.887   -1.581   -1.734   -1.815   -1.922   -2.166   -2.240   -2.298
 525    19000  2.50   -0.750   -1.645   -1.824   -1.892   -1.996   -2.268   -2.343   -2.410
 526    19000  3.00   -0.823   -1.648   -1.840   -1.918   -2.028   -2.294   -2.371   -2.436
 527    19000  3.50   -0.879   -1.664   -1.857   -1.938   -2.050   -2.312   -2.389   -2.453
 528    19000  4.00   -0.921   -1.681   -1.868   -1.951   -2.064   -2.323   -2.401   -2.465
 529    19000  4.50   -0.952   -1.696   -1.874   -1.958   -2.072   -2.331   -2.409   -2.472
 530    19000  5.00   -0.975   -1.711   -1.875   -1.962   -2.076   -2.335   -2.413   -2.476
 531    20000  3.00   -0.897   -1.763   -1.964   -2.047   -2.164   -2.444   -2.526   -2.596
 532    20000  3.50   -0.957   -1.782   -1.984   -2.071   -2.190   -2.465   -2.547   -2.616
 533    20000  4.00   -1.002   -1.801   -1.998   -2.086   -2.206   -2.479   -2.562   -2.629
 534    20000  4.50   -1.035   -1.818   -2.006   -2.096   -2.216   -2.488   -2.571   -2.638
 535    20000  5.00   -1.058   -1.833   -2.009   -2.100   -2.221   -2.493   -2.576   -2.643
 536    21000  3.00   -0.966   -1.871   -2.080   -2.167   -2.290   -2.584   -2.671   -2.745
 537    21000  3.50   -1.031   -1.893   -2.104   -2.195   -2.321   -2.610   -2.696   -2.769
 538    21000  4.00   -1.079   -1.914   -2.121   -2.214   -2.340   -2.626   -2.713   -2.784
 539    21000  4.50   -1.114   -1.933   -2.131   -2.225   -2.352   -2.637   -2.723   -2.794
 540    21000  5.00   -1.138   -1.949   -2.135   -2.231   -2.358   -2.643   -2.730   -2.800
 541    22000  3.00   -1.031   -1.972   -2.189   -2.279   -2.408   -2.714   -2.806   -2.883
 542    22000  3.50   -1.102   -1.997   -2.217   -2.313   -2.444   -2.745   -2.837   -2.913
 543    22000  4.00   -1.153   -2.021   -2.237   -2.334   -2.467   -2.765   -2.856   -2.930
 544    22000  4.50   -1.189   -2.042   -2.249   -2.348   -2.480   -2.777   -2.868   -2.942
 545    22000  5.00   -1.215   -2.059   -2.255   -2.355   -2.487   -2.784   -2.875   -2.949
 546    23000  3.00   -1.092   -2.067   -2.290   -2.385   -2.518   -2.836   -2.931   -3.013
 547    23000  3.50   -1.169   -2.096   -2.323   -2.423   -2.560   -2.873   -2.968   -3.048
 548    23000  4.00   -1.223   -2.122   -2.346   -2.448   -2.586   -2.895   -2.990   -3.069
 549    23000  4.50   -1.261   -2.144   -2.360   -2.464   -2.601   -2.909   -3.004   -3.082
 550    23000  5.00   -1.288   -2.162   -2.368   -2.472   -2.610   -2.918   -3.013   -3.091
 551    24000  3.00   -1.148   -2.154   -2.385   -2.482   -2.621   -2.950   -3.049   -3.134
 552    24000  3.50   -1.232   -2.188   -2.423   -2.526   -2.669   -2.992   -3.092   -3.176
 553    24000  4.00   -1.290   -2.217   -2.449   -2.555   -2.698   -3.018   -3.118   -3.200
 554    24000  4.50   -1.330   -2.241   -2.466   -2.573   -2.716   -3.035   -3.134   -3.215
 555    24000  5.00   -1.358   -2.260   -2.475   -2.583   -2.726   -3.045   -3.144   -3.225
 556    25000  3.00   -1.196   -2.232   -2.469   -2.570   -2.713   -3.053   -3.156   -3.245
 557    25000  3.50   -1.292   -2.275   -2.517   -2.624   -2.771   -3.105   -3.209   -3.296
 558    25000  4.00   -1.353   -2.307   -2.546   -2.656   -2.804   -3.135   -3.238   -3.324
 559    25000  4.50   -1.396   -2.333   -2.565   -2.676   -2.825   -3.154   -3.257   -3.342
 560    25000  5.00   -1.424   -2.353   -2.576   -2.688   -2.836   -3.165   -3.268   -3.353
 561    26000  3.00   -1.232   -2.301   -2.541   -2.644   -2.790   -3.140   -3.248   -3.340
 562    26000  3.50   -1.347   -2.355   -2.604   -2.715   -2.867   -3.211   -3.319   -3.410
 563    26000  4.00   -1.413   -2.392   -2.638   -2.751   -2.904   -3.244   -3.352   -3.441
 564    26000  4.50   -1.457   -2.419   -2.659   -2.774   -2.927   -3.266   -3.372   -3.461
 565    26000  5.00   -1.487   -2.440   -2.671   -2.787   -2.940   -3.279   -3.385   -3.474
 566    27000  3.50   -1.395   -2.427   -2.683   -2.798   -2.955   -3.309   -3.421   -3.515
 567    27000  4.00   -1.468   -2.470   -2.724   -2.841   -2.998   -3.348   -3.459   -3.552
 568    27000  4.50   -1.515   -2.500   -2.747   -2.865   -3.023   -3.371   -3.482   -3.574
 569    27000  5.00   -1.546   -2.522   -2.761   -2.880   -3.038   -3.386   -3.496   -3.588
 570    28000  3.50   -1.435   -2.491   -2.754   -2.872   -3.033   -3.397   -3.512   -3.609
 571    28000  4.00   -1.519   -2.542   -2.803   -2.924   -3.086   -3.445   -3.560   -3.656
 572    28000  4.50   -1.569   -2.575   -2.830   -2.952   -3.114   -3.471   -3.585   -3.680
 573    28000  5.00   -1.601   -2.599   -2.845   -2.968   -3.130   -3.487   -3.601   -3.696
 574    29000  3.50   -1.471   -2.550   -2.818   -2.938   -3.101   -3.473   -3.591   -3.691
 575    29000  4.00   -1.562   -2.607   -2.875   -2.999   -3.166   -3.534   -3.652   -3.751
 576    29000  4.50   -1.618   -2.645   -2.907   -3.032   -3.199   -3.564   -3.682   -3.780
 577    29000  5.00   -1.652   -2.671   -2.924   -3.050   -3.216   -3.582   -3.699   -3.797
 578    30000  3.50   -1.510   -2.611   -2.882   -3.002   -3.166   -3.544   -3.664   -3.765
 579    30000  4.00   -1.601   -2.666   -2.941   -3.068   -3.238   -3.614   -3.735   -3.837
 580    30000  4.50   -1.662   -2.709   -2.977   -3.106   -3.277   -3.651   -3.771   -3.872
 581    30000  5.00   -1.698   -2.737   -2.997   -3.127   -3.297   -3.671   -3.790   -3.891
 582    31000  3.50   -1.558   -2.677   -2.949   -3.069   -3.233   -3.614   -3.734   -3.837
 583    31000  4.00   -1.638   -2.723   -3.003   -3.132   -3.305   -3.688   -3.811   -3.915
 584    31000  4.50   -1.701   -2.767   -3.042   -3.174   -3.348   -3.730   -3.853   -3.956
 585    31000  5.00   -1.741   -2.798   -3.065   -3.197   -3.372   -3.753   -3.875   -3.978
 586    32000  4.00   -1.678   -2.780   -3.064   -3.194   -3.368   -3.757   -3.882   -3.987
 587    32000  4.50   -1.739   -2.823   -3.104   -3.238   -3.415   -3.803   -3.928   -4.033
 588    32000  5.00   -1.780   -2.855   -3.129   -3.264   -3.441   -3.829   -3.954   -4.059
 589    33000  4.00   -1.724   -2.841   -3.128   -3.259   -3.434   -3.826   -3.952   -4.058
 590    33000  4.50   -1.777   -2.877   -3.164   -3.299   -3.478   -3.872   -3.999   -4.105
 591    33000  5.00   -1.818   -2.910   -3.190   -3.327   -3.506   -3.901   -4.027   -4.133
 592    34000  4.00   -1.778   -2.907   -3.196   -3.327   -3.502   -3.896   -4.022   -4.128
 593    34000  4.50   -1.821   -2.934   -3.225   -3.362   -3.542   -3.940   -4.067   -4.175
 594    34000  5.00   -1.857   -2.963   -3.249   -3.388   -3.569   -3.969   -4.096   -4.204
 595    35000  4.00   -1.839   -2.977   -3.268   -3.399   -3.572   -3.968   -4.093   -4.200
 596    35000  4.50   -1.870   -2.995   -3.289   -3.427   -3.607   -4.008   -4.136   -4.244
 597    35000  5.00   -1.901   -3.020   -3.310   -3.451   -3.633   -4.036   -4.165   -4.273
 598    36000  4.00   -1.906   -3.053   -3.344   -3.475   -3.647   -4.042   -4.167   -4.274
 599    36000  4.50   -1.925   -3.060   -3.357   -3.495   -3.674   -4.076   -4.205   -4.313
 600    36000  5.00   -1.950   -3.079   -3.373   -3.515   -3.698   -4.103   -4.232   -4.341
 601    37000  4.00   -1.978   -3.131   -3.424   -3.554   -3.726   -4.120   -4.244   -4.351
 602    37000  4.50   -1.986   -3.129   -3.427   -3.565   -3.744   -4.146   -4.275   -4.383
 603    37000  5.00   -2.004   -3.142   -3.439   -3.581   -3.763   -4.170   -4.300   -4.409
 604    38000  4.00   -2.053   -3.210   -3.505   -3.636   -3.807   -4.201   -4.325   -4.432
 605    38000  4.50   -2.052   -3.201   -3.502   -3.639   -3.817   -4.219   -4.347   -4.456
 606    38000  5.00   -2.063   -3.208   -3.508   -3.650   -3.832   -4.239   -4.368   -4.478
 607    39000  4.00   -2.128   -3.290   -3.587   -3.717   -3.889   -4.284   -4.408   -4.515
 608    39000  4.50   -2.122   -3.276   -3.579   -3.716   -3.894   -4.295   -4.422   -4.531
 609    39000  5.00   -2.126   -3.277   -3.579   -3.721   -3.902   -4.309   -4.438   -4.548
 610    40000  4.50   -2.194   -3.352   -3.657   -3.794   -3.972   -4.373   -4.500   -4.610
 611    40000  5.00   -2.193   -3.349   -3.653   -3.795   -3.976   -4.382   -4.511   -4.621
 612    41000  4.50   -2.266   -3.428   -3.734   -3.873   -4.050   -4.452   -4.580   -4.689
 613    41000  5.00   -2.263   -3.422   -3.729   -3.871   -4.052   -4.457   -4.586   -4.697
 614    42000  4.50   -2.338   -3.504   -3.811   -3.950   -4.129   -4.531   -4.659   -4.769
 615    42000  5.00   -2.333   -3.496   -3.805   -3.948   -4.128   -4.534   -4.663   -4.774
 616    43000  4.50   -2.409   -3.578   -3.887   -4.027   -4.206   -4.609   -4.737   -4.848
 617    43000  5.00   -2.404   -3.570   -3.881   -4.024   -4.204   -4.611   -4.740   -4.851
 618    44000  4.50   -2.478   -3.650   -3.961   -4.101   -4.281   -4.685   -4.814   -4.925
 619    44000  5.00   -2.474   -3.643   -3.955   -4.099   -4.280   -4.687   -4.817   -4.928
 620    45000  4.50   -2.546   -3.721   -4.034   -4.174   -4.355   -4.760   -4.890   -5.001
 621    45000  5.00   -2.543   -3.715   -4.029   -4.173   -4.355   -4.762   -4.893   -5.005
 622    46000  4.50   -2.613   -3.791   -4.105   -4.246   -4.427   -4.834   -4.963   -5.076
 623    46000  5.00   -2.611   -3.785   -4.101   -4.246   -4.428   -4.837   -4.967   -5.080
 624    47000  4.50   -2.678   -3.859   -4.174   -4.315   -4.497   -4.905   -5.036   -5.149
 625    47000  5.00   -2.677   -3.854   -4.171   -4.317   -4.500   -4.910   -5.040   -5.154
 626    48000  4.50   -2.742   -3.926   -4.242   -4.384   -4.566   -4.976   -5.106   -5.220
 627    48000  5.00   -2.742   -3.922   -4.240   -4.386   -4.570   -4.981   -5.112   -5.226
 628    49000  4.50   -2.805   -3.991   -4.308   -4.450   -4.634   -5.045   -5.176   -5.289
 629    49000  5.00   -2.806   -3.988   -4.308   -4.454   -4.639   -5.051   -5.182   -5.296
 630    50000  5.00   -2.869   -4.053   -4.374   -4.521   -4.706   -5.119   -5.251   -5.366
 631    56101  5.00   -2.963   -4.181   -4.490   -4.622   -4.802   -5.216   -5.342   -5.449
 632    62946  5.00   -3.290   -4.518   -4.835   -4.972   -5.157   -5.579   -5.708   -5.817
 633    70627  5.00   -3.623   -4.859   -5.183   -5.325   -5.514   -5.942   -6.074   -6.186
 634    79245  5.00   -3.961   -5.204   -5.534   -5.680   -5.873   -6.307   -6.442   -6.555
 635    88914  5.00   -4.303   -5.552   -5.889   -6.037   -6.235   -6.673   -6.810   -6.926
 636    99763  5.00   -4.649   -5.903   -6.245   -6.397   -6.597   -7.040   -7.179   -7.296
 637   111936  5.00   -4.998   -6.257   -6.604   -6.758   -6.961   -7.408   -7.549   -7.667
 638   125595  5.00   -5.351   -6.614   -6.964   -7.120   -7.326   -7.777   -7.919   -8.039
 639   140920  5.00   -5.706   -6.972   -7.326   -7.484   -7.693   -8.146   -8.290   -8.411
 640   158115  5.00   -6.063   -7.333   -7.690   -7.850   -8.060   -8.516   -8.661   -8.783
 641   177407  5.00   -6.422   -7.695   -8.054   -8.216   -8.428   -8.887   -9.033   -9.155
 642   199055  5.00   -6.783   -8.058   -8.420   -8.583   -8.797   -9.258   -9.405   -9.528
 643   223343  5.00   -7.145   -8.423   -8.787   -8.952   -9.167   -9.629   -9.777   -9.901
 644   250595  5.00   -7.509   -8.789   -9.155   -9.321   -9.537  -10.001  -10.150  -10.274
 645   281172  5.00   -7.874   -9.156   -9.524   -9.690   -9.907  -10.373  -10.523  -10.648
 646   315481  5.00   -8.241   -9.524   -9.893  -10.060  -10.279  -10.746  -10.896  -11.021
 647   353975  5.00   -8.608   -9.892  -10.263  -10.431  -10.650  -11.118  -11.269  -11.395
 648   397167  5.00   -8.976  -10.262  -10.634  -10.802  -11.022  -11.491  -11.643  -11.769
 649   445629  5.00   -9.345  -10.632  -11.005  -11.174  -11.394  -11.865  -12.016  -12.143
 650   500004  5.00   -9.714  -11.002  -11.376  -11.546  -11.767  -12.238  -12.390  -12.517
 651   561014  5.00  -10.084  -11.373  -11.748  -11.918  -12.140  -12.612  -12.764  -12.891
 652   629469  5.00  -10.455  -11.745  -12.120  -12.291  -12.513  -12.985  -13.138  -13.266
 653   706276  5.00  -10.826  -12.116  -12.493  -12.664  -12.886  -13.359  -13.512  -13.640
 654   792455  5.00  -11.198  -12.489  -12.865  -13.037  -13.260  -13.733  -13.887  -14.015
 655   889149  5.00  -11.570  -12.861  -13.238  -13.410  -13.633  -14.108  -14.261  -14.389
 656   997642  5.00  -11.942  -13.234  -13.612  -13.784  -14.007  -14.482  -14.635  -14.764
 657  1119373  5.00  -12.315  -13.607  -13.985  -14.157  -14.381  -14.856  -15.010  -15.138
 658  1255958  5.00  -12.687  -13.980  -14.359  -14.531  -14.755  -15.230  -15.384  -15.513
 659  1409209  5.00  -13.060  -14.353  -14.732  -14.905  -15.129  -15.605  -15.759  -15.888
 660  1581159  5.00  -13.434  -14.727  -15.106  -15.279  -15.503  -15.979  -16.134  -16.262
 661  1774090  5.00  -13.807  -15.101  -15.480  -15.653  -15.878  -16.354  -16.508  -16.637
 662  1990563  5.00  -14.181  -15.475  -15.854  -16.027  -16.252  -16.729  -16.883  -17.012
 663  2233450  5.00  -14.555  -15.849  -16.229  -16.402  -16.627  -17.103  -17.258  -17.387
 664  2505973  5.00  -14.929  -16.223  -16.603  -16.776  -17.001  -17.478  -17.633  -17.762
 665  2811749  5.00  -15.303  -16.597  -16.977  -17.151  -17.376  -17.853  -18.007  -18.136
 666  3154836  5.00  -15.677  -16.971  -17.352  -17.525  -17.750  -18.227  -18.382  -18.511
 667  3539785  5.00  -16.051  -17.346  -17.726  -17.900  -18.125  -18.602  -18.757  -18.886
 668  3971706  5.00  -16.425  -17.720  -18.101  -18.274  -18.500  -18.977  -19.132  -19.261
 669  4456330  5.00  -16.800  -18.095  -18.475  -18.649  -18.874  -19.352  -19.507  -19.636
# BCs for Fluks et al. 1994 M-giant spectra:
#  n     Teff  logg        U        B        V        R        I        J        H        K
   0     3810  0.00   -4.369   -2.834   -1.282   -0.342    0.415    1.633    2.525    2.657
   1     3736  0.00   -4.611   -3.075   -1.505   -0.500    0.388    1.661    2.570    2.711
   2     3666  0.00   -4.867   -3.343   -1.745   -0.681    0.346    1.687    2.614    2.766
   3     3574  0.00   -5.083   -3.741   -2.128   -0.961    0.221    1.725    2.677    2.844
   4     3434  0.00   -5.587   -4.401   -2.825   -1.473   -0.038    1.772    2.757    2.947
   5     3309  0.00   -6.114   -5.373   -3.842   -2.217   -0.437    1.820    2.833    3.047
   6     3126  0.00   -7.073   -6.737   -5.195   -3.221   -1.082    1.873    2.918    3.152
   7     2890  0.00   -7.806   -8.070   -6.411   -3.883   -1.624    1.940    2.966    3.231
   8     2667  0.00   -8.538   -9.000   -7.274   -4.257   -1.890    1.988    2.909    3.266
   9     2500  0.00   -9.278   -9.749   -8.017   -4.612   -2.027    2.018    2.794    3.252
