# BCs for ATLAS9 + DUSTY99 + blackbody spectra:
#  n     Teff  logg        U        B        V        R        I        J        H        K
   0      500  3.50  -999999  -77.837  -59.335  -43.647  -38.637  -19.145   -9.336   -2.422
   1      500  4.00  -999999  -76.555  -58.415  -42.950  -37.962  -18.732   -9.018   -2.268
   2      500  4.50  -999999  -76.196  -57.896  -42.344  -37.347  -18.060   -8.359   -1.889
   3      500  5.00  -999999  -73.695  -55.897  -40.712  -35.755  -17.017   -7.665   -1.584
   4      500  5.50  -999999  -70.464  -53.343  -38.683  -33.785  -15.826   -6.965   -1.313
   5      500  6.00  -999999  -67.210  -50.783  -36.672  -31.841  -14.677   -6.278   -1.085
   6      600  3.50  -999999  -63.454  -48.532  -35.497  -30.796  -14.821   -6.775   -1.009
   7      600  4.00  -999999  -62.710  -47.961  -35.054  -30.370  -14.545   -6.547   -0.871
   8      600  4.50  -999999  -64.586  -49.152  -35.736  -30.989  -14.563   -6.282   -0.669
   9      600  5.00  -999999  -62.654  -47.545  -34.387  -29.675  -13.642   -5.598   -0.322
  10      600  5.50  -999999  -60.239  -45.579  -32.780  -28.119  -12.644   -4.958   -0.048
  11      600  6.00  -79.552  -57.584  -43.481  -31.126  -26.529  -11.680   -4.367    0.149
  12      700  3.50  -71.033  -52.484  -40.133  -29.121  -24.716  -11.375   -4.661    0.184
  13      700  4.00  -70.214  -51.887  -39.676  -28.773  -24.385  -11.168   -4.507    0.265
  14      700  4.50  -72.444  -53.379  -40.660  -29.335  -24.886  -11.168   -4.261    0.466
  15      700  5.00  -71.261  -52.430  -39.831  -28.592  -24.157  -10.590   -3.813    0.677
  16      700  5.50  -68.834  -50.515  -38.199  -27.176  -22.782   -9.650   -3.215    0.919
  17      700  6.00  -65.662  -48.083  -36.215  -25.562  -21.237   -8.724   -2.678    1.104
  18      800  3.50  -57.884  -42.755  -32.487  -23.190  -19.094   -8.066   -2.659    1.212
  19      800  4.00  -58.109  -42.955  -32.672  -23.355  -19.252   -8.160   -2.684    1.255
  20      800  4.50  -59.942  -44.199  -33.517  -23.840  -19.678   -8.234   -2.606    1.331
  21      800  5.00  -58.918  -43.313  -32.693  -23.075  -18.935   -7.712   -2.228    1.518
  22      800  5.50  -57.410  -41.963  -31.471  -22.018  -17.923   -7.085   -1.845    1.647
  23      800  6.00  -54.755  -39.808  -29.713  -20.670  -16.660   -6.400   -1.462    1.758
  24      900  3.50  -46.755  -34.434  -25.974  -18.380  -14.639   -5.755   -1.424    1.787
  25      900  4.00  -46.856  -34.426  -25.910  -18.265  -14.518   -5.619   -1.281    1.918
  26      900  4.50  -48.992  -35.862  -26.916  -18.876  -15.054   -5.799   -1.271    2.001
  27      900  5.00  -46.997  -34.104  -25.390  -17.628  -13.877   -5.075   -0.995    2.095
  28      900  5.50  -47.080  -34.152  -25.420  -17.644  -13.891   -5.079   -0.776    2.221
  29     1000  3.50  -41.164  -30.322  -22.779  -16.086  -12.556   -4.706   -0.824    2.168
  30     1000  4.00  -40.273  -29.604  -22.175  -15.602  -12.105   -4.414   -0.616    2.276
  31     1000  4.50  -40.321  -29.447  -21.947  -15.338  -11.840   -4.189   -0.413    2.407
  32     1000  5.00  -40.387  -29.284  -21.716  -15.079  -11.582   -3.977   -0.218    2.536
  33     1000  5.50  -39.908  -28.817  -21.299  -14.727  -11.249   -3.759   -0.056    2.590
  34     1000  6.00  -38.270  -27.600  -20.342  -14.029  -10.614   -3.397    0.167    2.661
  35     1100  3.50  -35.931  -26.459  -19.731  -13.864  -10.553   -3.645   -0.199    2.523
  36     1100  4.00  -35.535  -26.142  -19.464  -13.648  -10.353   -3.511   -0.095    2.594
  37     1100  4.50  -35.488  -25.982  -19.278  -13.455  -10.163   -3.356    0.052    2.686
  38     1100  5.00  -35.013  -25.456  -18.776  -13.008   -9.738   -3.053    0.289    2.803
  39     1100  5.50  -34.330  -24.799  -18.186  -12.510   -9.272   -2.742    0.517    2.898
  40     1100  6.00  -41.578  -30.736  -23.193  -16.500  -12.970   -5.119   -1.238    1.754
  41     1200  3.50  -31.268  -23.041  -17.003  -11.827   -8.729   -2.623    0.437    2.867
  42     1200  4.00  -31.268  -23.041  -17.003  -11.827   -8.729   -2.623    0.437    2.867
  43     1200  4.50  -31.268  -23.041  -17.003  -11.827   -8.729   -2.623    0.437    2.867
  44     1200  5.00  -31.470  -22.999  -16.874  -11.643   -8.535   -2.440    0.638    3.017
  45     1200  6.00  -29.840  -21.561  -15.629  -10.628   -7.602   -1.838    1.050    3.138
  46     1300  3.50  -27.154  -20.031  -14.588  -10.008   -7.116   -1.709    1.010    3.173
  47     1300  4.00  -27.185  -20.068  -14.623  -10.036   -7.141   -1.722    1.006    3.171
  48     1300  4.50  -27.907  -20.558  -14.993  -10.292   -7.359   -1.832    0.970    3.177
  49     1300  5.00  -27.924  -20.525  -14.939  -10.224   -7.288   -1.771    1.030    3.216
  50     1300  5.50  -27.825  -20.312  -14.714  -10.013   -7.087   -1.628    1.138    3.252
  51     1300  6.00  -31.418  -23.250  -17.241  -12.093   -9.004   -2.927    1.038    3.284
  52     1400  3.50  -23.727  -17.523  -12.580   -8.505   -5.805   -0.965    1.512    3.398
  53     1400  4.00  -23.769  -17.557  -12.608   -8.524   -5.821   -0.981    1.487    3.380
  54     1400  4.50  -24.218  -17.860  -12.828   -8.659   -5.924   -1.028    1.449    3.359
  55     1400  5.00  -24.680  -18.164  -13.056   -8.817   -6.056   -1.089    1.451    3.381
  56     1400  5.50  -24.573  -17.923  -12.813   -8.583   -5.833   -0.937    1.533    3.391
  57     1400  6.00  -24.587  -17.929  -12.816   -8.584   -5.834   -0.937    1.550    3.395
  58     1500  3.50  -21.154  -15.632  -11.045   -7.310   -4.738   -0.192    2.003    3.536
  59     1500  4.00  -21.051  -15.565  -11.008   -7.307   -4.755   -0.267    1.963    3.519
  60     1500  4.50  -21.527  -15.865  -11.223   -7.450   -4.875   -0.374    1.901    3.493
  61     1500  5.00  -21.739  -15.999  -11.322   -7.514   -4.927   -0.426    1.870    3.491
  62     1500  5.50  -21.947  -16.102  -11.392   -7.550   -4.952   -0.457    1.843    3.485
  63     1500  6.00  -21.993  -16.085  -11.374   -7.523   -4.924   -0.453    1.825    3.464
  64     1600  3.50  -19.289  -14.087   -9.720   -6.229   -3.719    0.623    2.351    3.549
  65     1600  4.00  -19.086  -14.036   -9.724   -6.261   -3.772    0.538    2.333    3.546
  66     1600  4.50  -19.175  -14.093   -9.775   -6.322   -3.862    0.403    2.292    3.534
  67     1600  5.00  -19.276  -14.177   -9.852   -6.393   -3.946    0.258    2.238    3.525
  68     1600  5.50  -19.444  -14.266   -9.922   -6.442   -3.997    0.158    2.186    3.516
  69     1600  6.00  -19.585  -14.332   -9.980   -6.480   -4.033    0.079    2.133    3.504
  70     1700  3.50  -17.481  -12.456   -8.506   -5.300   -2.795    1.312    2.579    3.515
  71     1700  4.00  -17.144  -12.072   -8.130   -5.007   -2.565    1.362    2.641    3.543
  72     1700  4.50  -15.931  -11.076   -7.399   -4.452   -2.046    1.732    2.864    3.639
  73     1700  5.00  -17.077  -12.235   -8.269   -5.081   -2.640    1.282    2.689    3.571
  74     1700  5.50  -17.350  -12.632   -8.599   -5.372   -2.967    0.971    2.562    3.532
  75     1700  6.00  -17.526  -12.797   -8.753   -5.542   -3.198    0.710    2.436    3.501
  76     1800  3.50  -15.888  -11.323   -7.784   -4.781   -2.259    1.600    2.624    3.428
  77     1800  4.00  -15.717  -11.107   -7.566   -4.633   -2.157    1.641    2.675    3.437
  78     1800  4.50  -14.792  -10.366   -6.968   -4.190   -1.793    1.829    2.804    3.476
  79     1800  5.00  -14.704  -10.336   -6.951   -4.150   -1.755    1.862    2.873    3.502
  80     1800  5.50  -15.525  -11.046   -7.439   -4.482   -2.094    1.569    2.763    3.453
  81     1800  6.00  -15.630  -11.161   -7.508   -4.513   -2.138    1.506    2.769    3.492
  82     1900  3.50  -13.433   -9.971   -7.013   -4.262   -1.718    1.888    2.688    3.362
  83     1900  4.00  -14.567  -10.283   -7.094   -4.308   -1.783    1.819    2.678    3.344
  84     1900  4.50  -15.605  -10.923   -7.474   -4.561   -2.049    1.623    2.616    3.297
  85     1900  5.00  -14.662  -10.244   -6.953   -4.167   -1.720    1.802    2.752    3.329
  86     1900  5.50  -14.705  -10.477   -7.122   -4.287   -1.883    1.681    2.733    3.291
  87     1900  6.00  -14.657  -10.515   -7.116   -4.290   -1.950    1.573    2.689    3.272
  88     2000  3.50  -11.686   -9.069   -6.597   -4.012   -1.426    2.003    2.684    3.284
  89     2000  4.00  -12.959   -9.328   -6.540   -3.943   -1.391    1.977    2.692    3.275
  90     2000  4.50  -13.759   -9.472   -6.515   -3.889   -1.360    1.972    2.714    3.255
  91     2000  5.00  -14.243   -9.718   -6.647   -3.943   -1.431    1.915    2.726    3.219
  92     2000  5.50  -14.319  -10.137   -6.927   -4.152   -1.702    1.737    2.692    3.171
  93     2000  6.00  -13.858   -9.930   -6.747   -4.043   -1.691    1.686    2.677    3.136
  94     2100  4.00  -11.439   -8.506   -6.076   -3.667   -1.112    2.058    2.681    3.204
  95     2100  5.00  -13.108   -8.773   -6.002   -3.500   -0.981    2.079    2.757    3.178
  96     2100  5.50  -13.873   -9.383   -6.444   -3.768   -1.250    1.908    2.716    3.103
  97     2100  6.00  -13.759   -9.683   -6.647   -3.931   -1.486    1.759    2.658    3.023
  98     2200  3.50   -8.915   -7.345   -5.579   -3.415   -0.890    2.123    2.654    3.143
  99     2200  4.00  -10.005   -7.690   -5.578   -3.373   -0.856    2.110    2.664    3.138
 100     2200  4.50  -11.242   -8.008   -5.630   -3.344   -0.810    2.119    2.691    3.128
 101     2200  5.00  -12.318   -8.239   -5.663   -3.287   -0.763    2.109    2.726    3.115
 102     2200  5.50  -13.104   -8.598   -5.900   -3.380   -0.855    2.040    2.738    3.063
 103     2200  6.00  -13.227   -8.736   -6.015   -3.416   -0.908    1.985    2.727    2.978
 104     2300  3.50   -7.944   -6.653   -5.071   -3.087   -0.654    2.133    2.628    3.082
 105     2300  4.00   -8.895   -6.987   -5.084   -3.058   -0.621    2.122    2.640    3.081
 106     2300  4.50  -10.098   -7.366   -5.193   -3.071   -0.595    2.127    2.663    3.072
 107     2300  5.00  -11.397   -7.702   -5.294   -3.053   -0.567    2.111    2.691    3.059
 108     2300  5.50  -12.347   -7.970   -5.450   -3.077   -0.578    2.089    2.724    3.024
 109     2300  6.00  -12.604   -8.087   -5.533   -3.069   -0.579    2.070    2.747    2.957
 110     2400  3.50   -7.187   -6.065   -4.578   -2.745   -0.433    2.124    2.598    3.025
 111     2400  4.00   -7.975   -6.355   -4.599   -2.729   -0.405    2.114    2.610    3.026
 112     2400  4.50   -9.030   -6.726   -4.726   -2.771   -0.387    2.125    2.634    3.017
 113     2400  5.50  -11.371   -7.361   -4.991   -2.776   -0.334    2.117    2.708    2.988
 114     2400  6.00  -12.075   -7.607   -5.172   -2.818   -0.368    2.083    2.724    2.925
 115     2500  3.50   -6.668   -5.611   -4.142   -2.423   -0.247    2.090    2.558    2.968
 116     2500  4.00   -7.276   -5.823   -4.145   -2.405   -0.213    2.087    2.574    2.973
 117     2500  4.50   -8.174   -6.166   -4.290   -2.476   -0.204    2.103    2.599    2.965
 118     2500  5.00   -9.277   -6.499   -4.401   -2.481   -0.166    2.109    2.635    2.966
 119     2500  5.50  -10.490   -6.843   -4.581   -2.509   -0.154    2.103    2.670    2.950
 120     2500  6.00  -11.349   -7.104   -4.773   -2.548   -0.169    2.088    2.702    2.903
 121     2600  3.50   -6.257   -5.230   -3.763   -2.139   -0.093    2.052    2.518    2.912
 122     2600  4.00   -6.736   -5.380   -3.745   -2.113   -0.054    2.048    2.535    2.919
 123     2600  4.50   -7.483   -5.674   -3.883   -2.191   -0.044    2.069    2.561    2.915
 124     2600  5.00   -8.381   -5.955   -3.968   -2.198   -0.006    2.080    2.598    2.919
 125     2600  5.50   -9.530   -6.299   -4.143   -2.233    0.012    2.082    2.636    2.912
 126     2600  6.00  -10.529   -6.622   -4.372   -2.290   -0.004    2.069    2.667    2.878
 127     2700  3.50   -5.926   -4.917   -3.458   -1.914    0.020    2.012    2.478    2.855
 128     2700  4.00   -6.284   -4.997   -3.396   -1.858    0.075    2.008    2.496    2.866
 129     2700  4.50   -6.891   -5.230   -3.508   -1.928    0.094    2.032    2.525    2.865
 130     2700  5.00   -7.636   -5.470   -3.572   -1.933    0.128    2.041    2.557    2.872
 131     2700  5.50   -8.637   -5.787   -3.724   -1.970    0.151    2.049    2.597    2.873
 132     2700  6.00   -9.673   -6.123   -3.951   -2.028    0.146    2.045    2.632    2.852
 133     2800  5.00   -7.980   -5.296   -3.245   -1.621    0.333    1.971    2.536    2.801
 134     2800  5.50   -8.939   -5.641   -3.448   -1.659    0.358    1.988    2.563    2.766
 135     2900  5.00   -7.228   -4.819   -2.853   -1.388    0.407    1.930    2.502    2.770
 136     2900  5.50   -8.122   -5.147   -3.040   -1.441    0.425    1.944    2.528    2.746
 137     3000  5.00   -6.592   -4.421   -2.527   -1.182    0.459    1.885    2.462    2.731
 138     3000  5.50   -7.354   -4.686   -2.663   -1.225    0.484    1.903    2.491    2.722
 139     3100  5.00   -6.035   -4.056   -2.234   -0.987    0.508    1.848    2.427    2.694
 140     3100  5.50   -6.669   -4.287   -2.344   -1.027    0.527    1.860    2.453    2.690
 141     3200  5.00   -5.585   -3.759   -1.998   -0.824    0.542    1.810    2.388    2.652
 142     3200  5.50   -6.074   -3.933   -2.065   -0.843    0.564    1.823    2.415    2.655
 143     3300  5.00   -5.192   -3.488   -1.787   -0.673    0.577    1.779    2.356    2.614
 144     3300  5.50   -5.570   -3.627   -1.830   -0.683    0.594    1.788    2.377    2.617
 145     3400  5.00   -4.867   -3.255   -1.609   -0.542    0.606    1.749    2.325    2.576
 146     3400  5.50   -5.143   -3.363   -1.634   -0.545    0.620    1.754    2.339    2.577
 147     3500  5.00   -4.591   -3.048   -1.453   -0.425    0.631    1.720    2.297    2.541
 148     3500  5.50   -4.779   -3.129   -1.465   -0.421    0.643    1.724    2.304    2.538
 149     3600  5.00   -4.353   -2.867   -1.317   -0.320    0.650    1.690    2.270    2.508
 150     3600  5.50   -4.464   -2.927   -1.324   -0.316    0.660    1.692    2.267    2.498
 151     3700  5.00   -4.147   -2.716   -1.204   -0.235    0.658    1.654    2.238    2.470
 152     3700  5.50   -4.211   -2.748   -1.199   -0.222    0.677    1.663    2.234    2.460
 153     3800  5.00   -3.950   -2.562   -1.090   -0.151    0.672    1.626    2.214    2.436
 154     3800  5.50   -3.967   -2.587   -1.091   -0.143    0.687    1.630    2.200    2.419
 155     3500  0.00   -5.976   -3.723   -1.853   -0.765    0.323    1.666    2.673    2.863
 156     3500  0.50   -5.564   -3.561   -1.821   -0.764    0.343    1.674    2.675    2.849
 157     3500  1.00   -5.170   -3.409   -1.788   -0.753    0.371    1.689    2.669    2.827
 158     3500  1.50   -4.811   -3.265   -1.747   -0.731    0.408    1.709    2.654    2.795
 159     3500  2.00   -4.494   -3.122   -1.695   -0.694    0.453    1.732    2.628    2.752
 160     3500  2.50   -4.225   -2.987   -1.630   -0.644    0.503    1.754    2.590    2.702
 161     3500  3.00   -4.015   -2.867   -1.550   -0.573    0.563    1.773    2.532    2.641
 162     3500  3.50   -3.863   -2.775   -1.451   -0.473    0.630    1.780    2.437    2.574
 163     3500  4.00   -3.783   -2.716   -1.362   -0.377    0.676    1.778    2.344    2.518
 164     3500  4.50   -3.800   -2.711   -1.314   -0.313    0.698    1.772    2.295    2.485
 165     3500  5.00   -3.900   -2.753   -1.305   -0.275    0.708    1.770    2.276    2.470
 166     3750  0.00   -5.357   -3.073   -1.294   -0.349    0.459    1.619    2.532    2.691
 167     3750  0.50   -5.006   -2.958   -1.275   -0.350    0.458    1.609    2.540    2.691
 168     3750  1.00   -4.691   -2.866   -1.266   -0.353    0.463    1.606    2.545    2.688
 169     3750  1.50   -4.412   -2.785   -1.260   -0.354    0.474    1.610    2.544    2.679
 170     3750  2.00   -4.164   -2.705   -1.250   -0.349    0.494    1.620    2.536    2.661
 171     3750  2.50   -3.948   -2.624   -1.231   -0.336    0.521    1.635    2.521    2.636
 172     3750  3.00   -3.777   -2.550   -1.205   -0.312    0.556    1.652    2.494    2.600
 173     3750  3.50   -3.649   -2.493   -1.168   -0.270    0.603    1.666    2.443    2.550
 174     3750  4.00   -3.535   -2.446   -1.117   -0.209    0.654    1.672    2.356    2.492
 175     3750  4.50   -3.466   -2.414   -1.072   -0.154    0.691    1.675    2.279    2.444
 176     3750  5.00   -3.471   -2.418   -1.053   -0.118    0.711    1.677    2.240    2.416
 177     4000  0.00   -4.559   -2.552   -0.926   -0.112    0.569    1.589    2.386    2.510
 178     4000  0.50   -4.241   -2.446   -0.909   -0.115    0.560    1.573    2.393    2.513
 179     4000  1.00   -3.972   -2.370   -0.905   -0.119    0.554    1.562    2.399    2.515
 180     4000  1.50   -3.756   -2.316   -0.909   -0.123    0.551    1.555    2.403    2.517
 181     4000  2.00   -3.588   -2.276   -0.916   -0.126    0.551    1.551    2.405    2.516
 182     4000  2.50   -3.463   -2.244   -0.922   -0.125    0.557    1.552    2.403    2.513
 183     4000  3.00   -3.370   -2.214   -0.924   -0.119    0.568    1.558    2.397    2.503
 184     4000  3.50   -3.307   -2.188   -0.919   -0.105    0.591    1.569    2.379    2.482
 185     4000  4.00   -3.252   -2.174   -0.906   -0.076    0.630    1.579    2.334    2.443
 186     4000  4.50   -3.182   -2.157   -0.883   -0.038    0.674    1.586    2.262    2.394
 187     4000  5.00   -3.128   -2.143   -0.862   -0.005    0.706    1.591    2.196    2.353
 188     4250  0.00   -3.809   -2.154   -0.670    0.051    0.650    1.548    2.239    2.337
 189     4250  0.50   -3.530   -2.053   -0.652    0.045    0.637    1.531    2.244    2.340
 190     4250  1.00   -3.294   -1.980   -0.646    0.038    0.627    1.519    2.248    2.342
 191     4250  1.50   -3.104   -1.929   -0.649    0.031    0.620    1.509    2.251    2.344
 192     4250  2.00   -2.958   -1.893   -0.658    0.025    0.616    1.503    2.254    2.346
 193     4250  2.50   -2.856   -1.868   -0.668    0.021    0.614    1.498    2.256    2.348
 194     4250  3.00   -2.795   -1.854   -0.680    0.020    0.614    1.497    2.256    2.349
 195     4250  3.50   -2.778   -1.850   -0.691    0.022    0.618    1.498    2.254    2.348
 196     4250  4.00   -2.790   -1.854   -0.699    0.030    0.628    1.502    2.245    2.342
 197     4250  4.50   -2.805   -1.870   -0.702    0.050    0.657    1.508    2.211    2.317
 198     4250  5.00   -2.794   -1.880   -0.696    0.076    0.692    1.514    2.156    2.280
 199     4500  0.00   -3.179   -1.837   -0.488    0.168    0.708    1.494    2.093    2.173
 200     4500  0.50   -2.948   -1.749   -0.471    0.160    0.691    1.478    2.096    2.175
 201     4500  1.00   -2.753   -1.685   -0.464    0.152    0.680    1.466    2.098    2.176
 202     4500  1.50   -2.597   -1.640   -0.465    0.144    0.671    1.457    2.100    2.177
 203     4500  2.00   -2.475   -1.607   -0.470    0.136    0.665    1.450    2.102    2.179
 204     4500  2.50   -2.386   -1.585   -0.479    0.131    0.661    1.445    2.103    2.181
 205     4500  3.00   -2.329   -1.569   -0.489    0.127    0.659    1.441    2.104    2.182
 206     4500  3.50   -2.307   -1.562   -0.500    0.127    0.659    1.440    2.104    2.184
 207     4500  4.00   -2.319   -1.564   -0.511    0.129    0.662    1.441    2.103    2.185
 208     4500  4.50   -2.356   -1.575   -0.523    0.136    0.670    1.445    2.098    2.184
 209     4500  5.00   -2.404   -1.597   -0.532    0.149    0.690    1.450    2.077    2.170
 210     4750  0.00   -2.631   -1.550   -0.347    0.248    0.741    1.430    1.948    2.015
 211     4750  0.50   -2.439   -1.481   -0.335    0.239    0.724    1.414    1.952    2.017
 212     4750  1.00   -2.278   -1.430   -0.331    0.230    0.711    1.403    1.953    2.018
 213     4750  1.50   -2.149   -1.394   -0.331    0.222    0.701    1.393    1.954    2.018
 214     4750  2.00   -2.051   -1.369   -0.334    0.214    0.693    1.387    1.955    2.019
 215     4750  2.50   -1.979   -1.352   -0.340    0.208    0.688    1.382    1.956    2.020
 216     4750  3.00   -1.931   -1.339   -0.346    0.203    0.684    1.378    1.956    2.022
 217     4750  3.50   -1.909   -1.331   -0.353    0.201    0.683    1.376    1.957    2.024
 218     4750  4.00   -1.914   -1.329   -0.361    0.202    0.684    1.376    1.956    2.026
 219     4750  4.50   -1.942   -1.332   -0.371    0.206    0.688    1.378    1.955    2.028
 220     4750  5.00   -1.995   -1.345   -0.381    0.213    0.695    1.381    1.952    2.029
 221     5000  0.00   -2.130   -1.276   -0.231    0.301    0.750    1.354    1.800    1.864
 222     5000  0.50   -1.977   -1.231   -0.228    0.290    0.733    1.341    1.807    1.866
 223     5000  1.00   -1.844   -1.195   -0.228    0.280    0.720    1.330    1.810    1.867
 224     5000  1.50   -1.737   -1.171   -0.230    0.271    0.709    1.321    1.811    1.867
 225     5000  2.00   -1.655   -1.155   -0.234    0.263    0.701    1.315    1.812    1.868
 226     5000  2.50   -1.596   -1.145   -0.239    0.256    0.695    1.310    1.813    1.868
 227     5000  3.00   -1.558   -1.139   -0.244    0.252    0.691    1.306    1.813    1.869
 228     5000  3.50   -1.542   -1.136   -0.248    0.249    0.688    1.304    1.813    1.870
 229     5000  4.00   -1.546   -1.135   -0.252    0.250    0.689    1.303    1.813    1.872
 230     5000  4.50   -1.570   -1.137   -0.257    0.253    0.692    1.304    1.813    1.874
 231     5000  5.00   -1.612   -1.142   -0.263    0.259    0.697    1.307    1.812    1.876
 232     5250  0.00   -1.689   -1.020   -0.134    0.333    0.735    1.268    1.649    1.712
 233     5250  0.50   -1.575   -0.997   -0.140    0.321    0.721    1.259    1.660    1.718
 234     5250  1.00   -1.471   -0.980   -0.145    0.310    0.710    1.251    1.667    1.721
 235     5250  1.50   -1.383   -0.969   -0.152    0.300    0.700    1.243    1.670    1.722
 236     5250  2.00   -1.315   -0.964   -0.159    0.291    0.692    1.236    1.672    1.723
 237     5250  2.50   -1.264   -0.962   -0.165    0.284    0.685    1.231    1.673    1.723
 238     5250  3.00   -1.232   -0.964   -0.170    0.279    0.681    1.228    1.674    1.723
 239     5250  3.50   -1.218   -0.967   -0.174    0.276    0.679    1.226    1.675    1.724
 240     5250  4.00   -1.221   -0.971   -0.176    0.277    0.679    1.225    1.675    1.725
 241     5250  4.50   -1.243   -0.975   -0.178    0.280    0.682    1.226    1.675    1.727
 242     5250  5.00   -1.279   -0.980   -0.179    0.286    0.687    1.229    1.674    1.729
 243     5500  0.00   -1.331   -0.793   -0.057    0.348    0.705    1.174    1.497    1.556
 244     5500  0.50   -1.246   -0.788   -0.068    0.335    0.694    1.170    1.514    1.568
 245     5500  1.00   -1.165   -0.786   -0.079    0.324    0.684    1.164    1.524    1.575
 246     5500  1.50   -1.094   -0.788   -0.090    0.314    0.676    1.159    1.530    1.578
 247     5500  2.00   -1.037   -0.793   -0.100    0.304    0.669    1.153    1.534    1.580
 248     5500  2.50   -0.992   -0.801   -0.109    0.296    0.663    1.149    1.536    1.581
 249     5500  3.00   -0.962   -0.810   -0.116    0.291    0.658    1.145    1.538    1.581
 250     5500  3.50   -0.945   -0.820   -0.121    0.287    0.656    1.143    1.540    1.582
 251     5500  4.00   -0.944   -0.829   -0.124    0.287    0.656    1.142    1.541    1.583
 252     5500  4.50   -0.959   -0.837   -0.125    0.290    0.659    1.143    1.541    1.585
 253     5500  5.00   -0.988   -0.845   -0.124    0.296    0.665    1.146    1.541    1.587
 254     5750  0.00   -1.050   -0.601    0.004    0.349    0.664    1.075    1.346    1.401
 255     5750  0.50   -0.994   -0.610   -0.011    0.339    0.657    1.077    1.369    1.419
 256     5750  1.00   -0.932   -0.618   -0.026    0.328    0.649    1.075    1.383    1.429
 257     5750  1.50   -0.874   -0.629   -0.040    0.317    0.643    1.071    1.392    1.436
 258     5750  2.00   -0.823   -0.643   -0.053    0.308    0.636    1.067    1.398    1.439
 259     5750  2.50   -0.782   -0.660   -0.065    0.299    0.631    1.063    1.403    1.442
 260     5750  3.00   -0.751   -0.677   -0.076    0.292    0.626    1.060    1.406    1.443
 261     5750  3.50   -0.730   -0.693   -0.084    0.287    0.624    1.057    1.408    1.444
 262     5750  4.00   -0.722   -0.707   -0.088    0.285    0.624    1.057    1.410    1.446
 263     5750  4.50   -0.727   -0.720   -0.090    0.287    0.626    1.058    1.412    1.448
 264     5750  5.00   -0.746   -0.730   -0.089    0.293    0.632    1.060    1.412    1.450
 265     6000  0.00   -0.818   -0.434    0.048    0.339    0.614    0.972    1.197    1.247
 266     6000  0.50   -0.795   -0.457    0.034    0.333    0.612    0.981    1.226    1.272
 267     6000  1.00   -0.755   -0.475    0.018    0.324    0.608    0.983    1.245    1.286
 268     6000  1.50   -0.710   -0.494    0.002    0.315    0.604    0.983    1.257    1.296
 269     6000  2.00   -0.667   -0.515   -0.014    0.305    0.599    0.980    1.266    1.302
 270     6000  2.50   -0.629   -0.538   -0.030    0.295    0.594    0.977    1.272    1.306
 271     6000  3.00   -0.596   -0.561   -0.044    0.286    0.589    0.974    1.276    1.308
 272     6000  3.50   -0.571   -0.584   -0.056    0.279    0.586    0.971    1.280    1.310
 273     6000  4.00   -0.555   -0.604   -0.064    0.275    0.585    0.970    1.283    1.312
 274     6000  4.50   -0.549   -0.622   -0.068    0.275    0.587    0.970    1.286    1.314
 275     6000  5.00   -0.556   -0.635   -0.068    0.280    0.592    0.973    1.287    1.317
 276     6250  0.50   -0.626   -0.321    0.067    0.317    0.560    0.882    1.086    1.128
 277     6250  1.00   -0.612   -0.350    0.054    0.314    0.561    0.890    1.109    1.147
 278     6250  1.50   -0.584   -0.377    0.037    0.307    0.560    0.893    1.125    1.160
 279     6250  2.00   -0.552   -0.405    0.019    0.297    0.557    0.893    1.136    1.168
 280     6250  2.50   -0.519   -0.433    0.001    0.287    0.553    0.891    1.144    1.174
 281     6250  3.00   -0.487   -0.463   -0.017    0.277    0.548    0.888    1.150    1.178
 282     6250  3.50   -0.459   -0.491   -0.033    0.267    0.544    0.885    1.155    1.181
 283     6250  4.00   -0.434   -0.517   -0.046    0.260    0.542    0.883    1.159    1.183
 284     6250  4.50   -0.418   -0.539   -0.054    0.257    0.542    0.883    1.163    1.185
 285     6250  5.00   -0.412   -0.557   -0.057    0.259    0.546    0.885    1.166    1.188
 286     6500  0.50   -0.473   -0.198    0.088    0.292    0.501    0.781    0.950    0.987
 287     6500  1.00   -0.487   -0.237    0.078    0.295    0.508    0.795    0.977    1.011
 288     6500  1.50   -0.480   -0.274    0.065    0.293    0.511    0.803    0.995    1.027
 289     6500  2.00   -0.461   -0.308    0.047    0.286    0.511    0.806    1.009    1.038
 290     6500  2.50   -0.437   -0.342    0.027    0.276    0.509    0.806    1.019    1.046
 291     6500  3.00   -0.409   -0.377    0.006    0.265    0.505    0.804    1.027    1.052
 292     6500  3.50   -0.380   -0.412   -0.014    0.254    0.501    0.801    1.033    1.055
 293     6500  4.00   -0.352   -0.444   -0.031    0.244    0.497    0.798    1.038    1.058
 294     6500  4.50   -0.328   -0.471   -0.044    0.237    0.496    0.796    1.043    1.060
 295     6500  5.00   -0.310   -0.493   -0.052    0.235    0.498    0.797    1.048    1.064
 296     6750  0.50   -0.348   -0.106    0.105    0.267    0.444    0.683    0.821    0.854
 297     6750  1.00   -0.372   -0.134    0.093    0.267    0.449    0.698    0.847    0.878
 298     6750  1.50   -0.388   -0.178    0.084    0.271    0.457    0.710    0.869    0.897
 299     6750  2.00   -0.386   -0.222    0.069    0.269    0.462    0.717    0.885    0.911
 300     6750  2.50   -0.372   -0.262    0.049    0.261    0.462    0.720    0.897    0.922
 301     6750  3.00   -0.351   -0.302    0.027    0.250    0.460    0.719    0.906    0.929
 302     6750  3.50   -0.326   -0.342    0.004    0.238    0.456    0.717    0.914    0.934
 303     6750  4.00   -0.298   -0.380   -0.018    0.226    0.452    0.714    0.921    0.937
 304     6750  4.50   -0.268   -0.413   -0.036    0.216    0.449    0.712    0.927    0.940
 305     6750  5.00   -0.241   -0.441   -0.049    0.210    0.448    0.711    0.932    0.943
 306     7000  0.50   -0.240   -0.037    0.114    0.241    0.389    0.588    0.700    0.729
 307     7000  1.00   -0.274   -0.057    0.104    0.241    0.392    0.604    0.725    0.752
 308     7000  1.50   -0.301   -0.091    0.094    0.242    0.398    0.617    0.746    0.771
 309     7000  2.00   -0.318   -0.141    0.083    0.246    0.407    0.628    0.764    0.788
 310     7000  2.50   -0.318   -0.190    0.066    0.242    0.411    0.634    0.778    0.800
 311     7000  3.00   -0.306   -0.235    0.044    0.233    0.412    0.635    0.789    0.809
 312     7000  3.50   -0.286   -0.280    0.019    0.221    0.409    0.634    0.798    0.816
 313     7000  4.00   -0.261   -0.323   -0.005    0.208    0.405    0.632    0.806    0.820
 314     7000  4.50   -0.230   -0.363   -0.028    0.195    0.402    0.629    0.813    0.824
 315     7000  5.00   -0.198   -0.396   -0.047    0.185    0.399    0.627    0.820    0.827
 316     7250  0.50   -0.154    0.001    0.117    0.216    0.338    0.499    0.589    0.613
 317     7250  1.00   -0.188   -0.002    0.108    0.213    0.337    0.514    0.611    0.634
 318     7250  1.50   -0.225   -0.028    0.099    0.214    0.342    0.527    0.630    0.652
 319     7250  2.00   -0.252   -0.067    0.088    0.215    0.348    0.537    0.646    0.668
 320     7250  2.50   -0.268   -0.122    0.076    0.218    0.357    0.546    0.662    0.682
 321     7250  3.00   -0.268   -0.175    0.056    0.213    0.361    0.551    0.675    0.693
 322     7250  3.50   -0.256   -0.225    0.032    0.202    0.360    0.552    0.685    0.701
 323     7250  4.00   -0.235   -0.273    0.005    0.188    0.358    0.551    0.694    0.707
 324     7250  4.50   -0.206   -0.318   -0.021    0.174    0.354    0.548    0.702    0.711
 325     7250  5.00   -0.173   -0.358   -0.044    0.161    0.351    0.545    0.710    0.715
 326     7500  0.50   -0.098   -0.010    0.110    0.197    0.299    0.420    0.491    0.509
 327     7500  1.00   -0.112    0.030    0.103    0.183    0.284    0.427    0.504    0.522
 328     7500  1.50   -0.154    0.014    0.097    0.184    0.287    0.439    0.521    0.539
 329     7500  2.00   -0.192   -0.017    0.088    0.185    0.292    0.449    0.536    0.554
 330     7500  2.50   -0.220   -0.061    0.076    0.186    0.298    0.458    0.550    0.568
 331     7500  3.00   -0.234   -0.119    0.062    0.186    0.306    0.466    0.563    0.580
 332     7500  3.50   -0.231   -0.175    0.040    0.179    0.309    0.470    0.575    0.590
 333     7500  4.00   -0.216   -0.227    0.013    0.167    0.309    0.470    0.585    0.597
 334     7500  4.50   -0.191   -0.277   -0.015    0.152    0.306    0.468    0.594    0.602
 335     7500  5.00   -0.159   -0.323   -0.042    0.137    0.302    0.465    0.603    0.606
 336     7750  1.00   -0.052    0.036    0.088    0.151    0.234    0.344    0.405    0.418
 337     7750  1.50   -0.091    0.039    0.086    0.150    0.232    0.354    0.418    0.432
 338     7750  2.00   -0.137    0.016    0.081    0.152    0.236    0.364    0.431    0.445
 339     7750  2.50   -0.174   -0.021    0.072    0.153    0.241    0.373    0.443    0.458
 340     7750  3.00   -0.199   -0.069    0.059    0.153    0.247    0.380    0.455    0.470
 341     7750  3.50   -0.208   -0.130    0.042    0.152    0.255    0.387    0.468    0.481
 342     7750  4.00   -0.201   -0.187    0.018    0.143    0.257    0.389    0.479    0.490
 343     7750  4.50   -0.182   -0.242   -0.011    0.129    0.257    0.389    0.489    0.496
 344     7750  5.00   -0.152   -0.292   -0.040    0.113    0.254    0.386    0.499    0.500
 345     8000  1.00   -0.011    0.006    0.060    0.117    0.188    0.265    0.315    0.322
 346     8000  1.50   -0.037    0.043    0.065    0.112    0.178    0.271    0.321    0.330
 347     8000  2.00   -0.084    0.032    0.064    0.114    0.179    0.280    0.331    0.342
 348     8000  2.50   -0.129    0.003    0.059    0.117    0.184    0.289    0.342    0.354
 349     8000  3.00   -0.165   -0.037    0.049    0.117    0.189    0.296    0.352    0.365
 350     8000  3.50   -0.186   -0.090    0.035    0.117    0.196    0.302    0.363    0.376
 351     8000  4.00   -0.189   -0.152    0.017    0.114    0.203    0.308    0.375    0.385
 352     8000  4.50   -0.176   -0.210   -0.010    0.103    0.205    0.310    0.387    0.393
 353     8000  5.00   -0.151   -0.265   -0.040    0.087    0.204    0.308    0.397    0.398
 354     8250  1.00    0.013   -0.057    0.009    0.074    0.141    0.188    0.231    0.234
 355     8250  1.50    0.002    0.025    0.033    0.070    0.123    0.190    0.229    0.234
 356     8250  2.00   -0.040    0.031    0.037    0.072    0.122    0.197    0.236    0.243
 357     8250  2.50   -0.089    0.011    0.036    0.076    0.125    0.206    0.244    0.253
 358     8250  3.00   -0.132   -0.023    0.031    0.078    0.131    0.213    0.253    0.264
 359     8250  3.50   -0.163   -0.066    0.020    0.078    0.136    0.219    0.263    0.274
 360     8250  4.00   -0.177   -0.123    0.006    0.077    0.144    0.225    0.274    0.283
 361     8250  4.50   -0.171   -0.184   -0.014    0.073    0.151    0.230    0.286    0.292
 362     8250  5.00   -0.153   -0.242   -0.042    0.060    0.153    0.230    0.298    0.298
 363     8500  1.50    0.025   -0.012   -0.009    0.025    0.069    0.111    0.143    0.143
 364     8500  2.00   -0.010    0.012    0.001    0.025    0.063    0.116    0.145    0.148
 365     8500  2.50   -0.058    0.002    0.003    0.029    0.065    0.123    0.151    0.157
 366     8500  3.00   -0.103   -0.023    0.002    0.033    0.070    0.131    0.159    0.166
 367     8500  3.50   -0.141   -0.060   -0.004    0.035    0.076    0.137    0.167    0.176
 368     8500  4.00   -0.165   -0.107   -0.014    0.035    0.083    0.143    0.177    0.185
 369     8500  4.50   -0.169   -0.164   -0.028    0.035    0.092    0.149    0.188    0.194
 370     8500  5.00   -0.156   -0.224   -0.050    0.029    0.099    0.153    0.201    0.201
 371     8750  1.50    0.041   -0.059   -0.058   -0.025    0.015    0.033    0.060    0.055
 372     8750  2.00    0.011   -0.019   -0.042   -0.024    0.006    0.037    0.059    0.057
 373     8750  2.50   -0.034   -0.018   -0.037   -0.021    0.005    0.042    0.062    0.063
 374     8750  3.00   -0.082   -0.037   -0.035   -0.016    0.008    0.049    0.068    0.071
 375     8750  3.50   -0.124   -0.068   -0.037   -0.012    0.014    0.055    0.074    0.080
 376     8750  4.00   -0.155   -0.108   -0.043   -0.010    0.021    0.061    0.083    0.089
 377     8750  4.50   -0.170   -0.157   -0.053   -0.010    0.029    0.067    0.093    0.097
 378     8750  5.00   -0.161   -0.213   -0.065   -0.009    0.041    0.073    0.106    0.106
 379     9000  1.50    0.051   -0.111   -0.111   -0.077   -0.042   -0.044   -0.022   -0.029
 380     9000  2.00    0.023   -0.057   -0.089   -0.074   -0.052   -0.041   -0.025   -0.031
 381     9000  2.50   -0.019   -0.048   -0.081   -0.072   -0.056   -0.037   -0.024   -0.027
 382     9000  3.00   -0.068   -0.061   -0.078   -0.069   -0.055   -0.032   -0.021   -0.020
 383     9000  3.50   -0.114   -0.086   -0.077   -0.064   -0.050   -0.026   -0.015   -0.013
 384     9000  4.00   -0.149   -0.121   -0.079   -0.061   -0.043   -0.020   -0.008   -0.005
 385     9000  4.50   -0.170   -0.163   -0.085   -0.059   -0.035   -0.015    0.000    0.004
 386     9000  5.00   -0.170   -0.213   -0.094   -0.057   -0.023   -0.008    0.012    0.012
 387     9250  2.00    0.029   -0.101   -0.138   -0.126   -0.109   -0.117   -0.105   -0.115
 388     9250  2.50   -0.011   -0.085   -0.129   -0.125   -0.116   -0.115   -0.107   -0.114
 389     9250  3.00   -0.059   -0.091   -0.124   -0.122   -0.117   -0.111   -0.106   -0.109
 390     9250  3.50   -0.106   -0.112   -0.122   -0.118   -0.114   -0.106   -0.102   -0.103
 391     9250  4.00   -0.146   -0.142   -0.122   -0.114   -0.108   -0.101   -0.097   -0.096
 392     9250  4.50   -0.172   -0.180   -0.124   -0.111   -0.099   -0.095   -0.089   -0.088
 393     9250  5.00   -0.181   -0.225   -0.130   -0.109   -0.089   -0.090   -0.079   -0.080
 394     9500  2.00    0.031   -0.147   -0.189   -0.179   -0.167   -0.191   -0.184   -0.197
 395     9500  2.50   -0.007   -0.126   -0.178   -0.178   -0.174   -0.190   -0.187   -0.198
 396     9500  3.00   -0.053   -0.128   -0.173   -0.176   -0.177   -0.188   -0.187   -0.195
 397     9500  3.50   -0.101   -0.143   -0.170   -0.173   -0.177   -0.184   -0.186   -0.190
 398     9500  4.00   -0.144   -0.170   -0.168   -0.169   -0.172   -0.180   -0.182   -0.184
 399     9500  4.50   -0.176   -0.204   -0.168   -0.165   -0.164   -0.175   -0.176   -0.177
 400     9500  5.00   -0.192   -0.246   -0.171   -0.162   -0.155   -0.169   -0.167   -0.169
 401     9750  2.00    0.030   -0.194   -0.240   -0.231   -0.224   -0.264   -0.260   -0.276
 402     9750  2.50   -0.008   -0.169   -0.228   -0.231   -0.233   -0.264   -0.265   -0.279
 403     9750  3.00   -0.052   -0.167   -0.223   -0.230   -0.237   -0.263   -0.267   -0.278
 404     9750  3.50   -0.100   -0.180   -0.219   -0.228   -0.238   -0.260   -0.267   -0.275
 405     9750  4.00   -0.145   -0.203   -0.217   -0.224   -0.235   -0.257   -0.265   -0.270
 406     9750  4.50   -0.182   -0.234   -0.215   -0.220   -0.229   -0.253   -0.260   -0.264
 407     9750  5.00   -0.203   -0.272   -0.216   -0.216   -0.220   -0.248   -0.252   -0.257
 408    10000  2.00    0.027   -0.241   -0.292   -0.284   -0.282   -0.335   -0.335   -0.354
 409    10000  2.50   -0.012   -0.214   -0.279   -0.284   -0.290   -0.336   -0.340   -0.358
 410    10000  3.00   -0.055   -0.210   -0.273   -0.284   -0.297   -0.336   -0.344   -0.358
 411    10000  3.50   -0.102   -0.219   -0.270   -0.283   -0.299   -0.335   -0.346   -0.357
 412    10000  4.00   -0.148   -0.239   -0.267   -0.280   -0.298   -0.333   -0.345   -0.353
 413    10000  4.50   -0.187   -0.267   -0.265   -0.276   -0.292   -0.329   -0.341   -0.348
 414    10000  5.00   -0.213   -0.302   -0.263   -0.271   -0.284   -0.324   -0.335   -0.342
 415    10250  2.00    0.021   -0.288   -0.343   -0.337   -0.339   -0.405   -0.409   -0.429
 416    10250  2.50   -0.018   -0.259   -0.329   -0.337   -0.348   -0.406   -0.414   -0.434
 417    10250  3.00   -0.061   -0.254   -0.324   -0.338   -0.355   -0.408   -0.419   -0.437
 418    10250  3.50   -0.107   -0.261   -0.321   -0.338   -0.359   -0.408   -0.422   -0.436
 419    10250  4.00   -0.152   -0.278   -0.319   -0.336   -0.359   -0.406   -0.422   -0.434
 420    10250  4.50   -0.192   -0.303   -0.316   -0.332   -0.355   -0.404   -0.420   -0.430
 421    10250  5.00   -0.222   -0.335   -0.313   -0.328   -0.347   -0.400   -0.415   -0.425
 422    10500  2.00    0.012   -0.335   -0.394   -0.390   -0.396   -0.474   -0.481   -0.503
 423    10500  2.50   -0.027   -0.305   -0.380   -0.389   -0.405   -0.475   -0.487   -0.509
 424    10500  3.00   -0.069   -0.298   -0.375   -0.391   -0.413   -0.477   -0.492   -0.512
 425    10500  3.50   -0.114   -0.304   -0.373   -0.392   -0.418   -0.479   -0.496   -0.514
 426    10500  4.00   -0.159   -0.319   -0.370   -0.392   -0.419   -0.479   -0.498   -0.512
 427    10500  4.50   -0.200   -0.342   -0.367   -0.388   -0.417   -0.477   -0.497   -0.509
 428    10500  5.00   -0.233   -0.371   -0.363   -0.384   -0.410   -0.474   -0.493   -0.505
 429    10750  2.00    0.002   -0.382   -0.445   -0.443   -0.452   -0.541   -0.551   -0.575
 430    10750  2.50   -0.037   -0.351   -0.430   -0.441   -0.461   -0.543   -0.558   -0.582
 431    10750  3.00   -0.080   -0.343   -0.425   -0.444   -0.470   -0.546   -0.564   -0.586
 432    10750  3.50   -0.124   -0.348   -0.424   -0.446   -0.476   -0.548   -0.569   -0.589
 433    10750  4.00   -0.168   -0.362   -0.422   -0.446   -0.479   -0.549   -0.572   -0.589
 434    10750  4.50   -0.209   -0.382   -0.419   -0.444   -0.477   -0.548   -0.572   -0.587
 435    10750  5.00   -0.244   -0.409   -0.415   -0.440   -0.472   -0.546   -0.569   -0.583
 436    11000  2.00   -0.011   -0.429   -0.496   -0.495   -0.509   -0.608   -0.621   -0.646
 437    11000  2.50   -0.050   -0.397   -0.481   -0.494   -0.517   -0.609   -0.627   -0.653
 438    11000  3.00   -0.092   -0.389   -0.476   -0.496   -0.526   -0.613   -0.634   -0.659
 439    11000  3.50   -0.136   -0.393   -0.474   -0.499   -0.533   -0.616   -0.640   -0.662
 440    11000  4.00   -0.179   -0.405   -0.473   -0.500   -0.537   -0.618   -0.643   -0.663
 441    11000  4.50   -0.220   -0.424   -0.471   -0.499   -0.537   -0.618   -0.645   -0.662
 442    11000  5.00   -0.255   -0.449   -0.467   -0.496   -0.533   -0.616   -0.643   -0.660
 443    11250  2.00   -0.026   -0.475   -0.546   -0.548   -0.565   -0.674   -0.690   -0.717
 444    11250  2.50   -0.065   -0.443   -0.531   -0.546   -0.573   -0.675   -0.696   -0.723
 445    11250  3.00   -0.106   -0.434   -0.526   -0.549   -0.582   -0.679   -0.703   -0.729
 446    11250  3.50   -0.150   -0.438   -0.525   -0.552   -0.590   -0.683   -0.709   -0.733
 447    11250  4.00   -0.192   -0.450   -0.524   -0.554   -0.594   -0.685   -0.713   -0.736
 448    11250  4.50   -0.233   -0.467   -0.522   -0.554   -0.595   -0.686   -0.715   -0.736
 449    11250  5.00   -0.268   -0.490   -0.519   -0.551   -0.592   -0.685   -0.715   -0.734
 450    11500  2.00   -0.043   -0.522   -0.596   -0.600   -0.621   -0.739   -0.757   -0.786
 451    11500  2.50   -0.081   -0.488   -0.580   -0.598   -0.628   -0.740   -0.763   -0.792
 452    11500  3.00   -0.122   -0.479   -0.576   -0.601   -0.637   -0.744   -0.770   -0.799
 453    11500  3.50   -0.165   -0.483   -0.575   -0.604   -0.645   -0.748   -0.777   -0.803
 454    11500  4.00   -0.207   -0.494   -0.575   -0.607   -0.651   -0.751   -0.782   -0.807
 455    11500  4.50   -0.247   -0.511   -0.573   -0.608   -0.653   -0.753   -0.785   -0.807
 456    11500  5.00   -0.282   -0.532   -0.570   -0.606   -0.651   -0.753   -0.785   -0.806
 457    11750  2.00   -0.061   -0.568   -0.646   -0.653   -0.677   -0.803   -0.824   -0.854
 458    11750  2.50   -0.099   -0.533   -0.630   -0.649   -0.683   -0.804   -0.829   -0.860
 459    11750  3.00   -0.140   -0.524   -0.625   -0.652   -0.692   -0.808   -0.837   -0.867
 460    11750  3.50   -0.182   -0.528   -0.625   -0.656   -0.701   -0.812   -0.844   -0.872
 461    11750  4.00   -0.223   -0.538   -0.625   -0.659   -0.707   -0.816   -0.849   -0.876
 462    11750  4.50   -0.262   -0.554   -0.624   -0.661   -0.709   -0.819   -0.853   -0.878
 463    11750  5.00   -0.297   -0.575   -0.621   -0.659   -0.708   -0.819   -0.854   -0.877
 464    12000  2.50   -0.118   -0.578   -0.679   -0.701   -0.738   -0.867   -0.895   -0.927
 465    12000  3.00   -0.158   -0.569   -0.674   -0.703   -0.747   -0.870   -0.902   -0.934
 466    12000  3.50   -0.200   -0.573   -0.674   -0.707   -0.755   -0.875   -0.909   -0.939
 467    12000  4.00   -0.241   -0.583   -0.674   -0.711   -0.762   -0.880   -0.915   -0.944
 468    12000  4.50   -0.279   -0.598   -0.674   -0.713   -0.765   -0.883   -0.919   -0.946
 469    12000  5.00   -0.314   -0.618   -0.672   -0.713   -0.765   -0.884   -0.921   -0.947
 470    12250  2.50   -0.138   -0.623   -0.728   -0.751   -0.792   -0.929   -0.959   -0.993
 471    12250  3.00   -0.178   -0.614   -0.723   -0.754   -0.801   -0.932   -0.966   -1.000
 472    12250  3.50   -0.219   -0.617   -0.723   -0.758   -0.809   -0.937   -0.973   -1.005
 473    12250  4.00   -0.259   -0.627   -0.723   -0.762   -0.816   -0.942   -0.980   -1.010
 474    12250  4.50   -0.297   -0.642   -0.724   -0.765   -0.820   -0.946   -0.984   -1.013
 475    12250  5.00   -0.332   -0.661   -0.722   -0.765   -0.821   -0.948   -0.987   -1.015
 476    12500  2.50   -0.160   -0.667   -0.776   -0.802   -0.846   -0.990   -1.022   -1.058
 477    12500  3.00   -0.199   -0.658   -0.772   -0.805   -0.854   -0.994   -1.029   -1.065
 478    12500  3.50   -0.239   -0.661   -0.771   -0.809   -0.863   -0.998   -1.037   -1.070
 479    12500  4.00   -0.279   -0.671   -0.772   -0.813   -0.870   -1.003   -1.043   -1.075
 480    12500  4.50   -0.316   -0.686   -0.772   -0.816   -0.874   -1.007   -1.048   -1.079
 481    12500  5.00   -0.350   -0.704   -0.771   -0.816   -0.875   -1.010   -1.051   -1.081
 482    12750  2.50   -0.182   -0.711   -0.824   -0.852   -0.899   -1.050   -1.085   -1.122
 483    12750  3.00   -0.221   -0.702   -0.820   -0.855   -0.907   -1.054   -1.092   -1.128
 484    12750  3.50   -0.260   -0.705   -0.819   -0.859   -0.916   -1.059   -1.099   -1.134
 485    12750  4.00   -0.299   -0.715   -0.820   -0.863   -0.923   -1.064   -1.106   -1.140
 486    12750  4.50   -0.336   -0.729   -0.821   -0.866   -0.927   -1.068   -1.111   -1.144
 487    12750  5.00   -0.370   -0.747   -0.820   -0.867   -0.929   -1.071   -1.114   -1.146
 488    13000  2.50   -0.205   -0.754   -0.871   -0.901   -0.951   -1.109   -1.146   -1.185
 489    13000  3.00   -0.244   -0.746   -0.867   -0.904   -0.960   -1.113   -1.153   -1.191
 490    13000  3.50   -0.282   -0.749   -0.867   -0.908   -0.968   -1.118   -1.160   -1.197
 491    13000  4.00   -0.320   -0.758   -0.868   -0.912   -0.975   -1.123   -1.167   -1.203
 492    13000  4.50   -0.357   -0.772   -0.869   -0.916   -0.980   -1.127   -1.173   -1.207
 493    13000  5.00   -0.390   -0.789   -0.868   -0.917   -0.982   -1.131   -1.176   -1.210
 494    14000  2.00   -0.251   -0.960   -1.068   -1.092   -1.144   -1.333   -1.373   -1.415
 495    14000  2.50   -0.297   -0.921   -1.052   -1.091   -1.153   -1.336   -1.381   -1.425
 496    14000  3.00   -0.339   -0.914   -1.051   -1.096   -1.163   -1.341   -1.389   -1.433
 497    14000  3.50   -0.376   -0.918   -1.052   -1.101   -1.172   -1.347   -1.396   -1.439
 498    14000  4.00   -0.411   -0.927   -1.053   -1.105   -1.178   -1.352   -1.403   -1.444
 499    14000  4.50   -0.444   -0.940   -1.054   -1.108   -1.183   -1.356   -1.408   -1.449
 500    14000  5.00   -0.475   -0.956   -1.054   -1.110   -1.186   -1.360   -1.413   -1.453
 501    15000  2.50   -0.388   -1.078   -1.222   -1.268   -1.341   -1.547   -1.599   -1.649
 502    15000  3.00   -0.435   -1.073   -1.224   -1.277   -1.355   -1.555   -1.610   -1.659
 503    15000  3.50   -0.474   -1.079   -1.227   -1.284   -1.364   -1.561   -1.618   -1.666
 504    15000  4.00   -0.508   -1.089   -1.230   -1.289   -1.371   -1.567   -1.624   -1.671
 505    15000  4.50   -0.538   -1.102   -1.231   -1.292   -1.376   -1.571   -1.630   -1.675
 506    15000  5.00   -0.565   -1.117   -1.231   -1.294   -1.379   -1.575   -1.634   -1.679
 507    16000  2.50   -0.474   -1.225   -1.380   -1.434   -1.516   -1.742   -1.801   -1.856
 508    16000  3.00   -0.528   -1.223   -1.386   -1.446   -1.534   -1.754   -1.815   -1.869
 509    16000  3.50   -0.571   -1.231   -1.393   -1.456   -1.546   -1.763   -1.825   -1.878
 510    16000  4.00   -0.605   -1.243   -1.397   -1.463   -1.554   -1.769   -1.832   -1.884
 511    16000  4.50   -0.635   -1.256   -1.399   -1.467   -1.559   -1.773   -1.838   -1.888
 512    16000  5.00   -0.659   -1.270   -1.399   -1.469   -1.562   -1.777   -1.842   -1.892
 513    17000  2.50   -0.554   -1.361   -1.527   -1.586   -1.678   -1.922   -1.988   -2.047
 514    17000  3.00   -0.616   -1.362   -1.537   -1.604   -1.701   -1.939   -2.006   -2.065
 515    17000  3.50   -0.664   -1.374   -1.548   -1.618   -1.716   -1.951   -2.019   -2.076
 516    17000  4.00   -0.701   -1.388   -1.554   -1.627   -1.726   -1.958   -2.028   -2.084
 517    17000  4.50   -0.730   -1.402   -1.558   -1.632   -1.732   -1.964   -2.033   -2.089
 518    17000  5.00   -0.754   -1.416   -1.559   -1.634   -1.735   -1.967   -2.037   -2.092
 519    18000  2.50   -0.628   -1.490   -1.663   -1.728   -1.827   -2.089   -2.161   -2.225
 520    18000  3.00   -0.699   -1.493   -1.678   -1.751   -1.856   -2.111   -2.184   -2.247
 521    18000  3.50   -0.752   -1.508   -1.693   -1.769   -1.875   -2.126   -2.200   -2.261
 522    18000  4.00   -0.792   -1.524   -1.702   -1.781   -1.888   -2.136   -2.210   -2.271
 523    18000  4.50   -0.823   -1.539   -1.708   -1.787   -1.895   -2.142   -2.217   -2.277
 524    18000  5.00   -0.846   -1.554   -1.709   -1.791   -1.899   -2.147   -2.221   -2.281
 525    19000  2.50   -0.696   -1.610   -1.790   -1.858   -1.964   -2.241   -2.319   -2.388
 526    19000  3.00   -0.776   -1.614   -1.809   -1.888   -2.000   -2.271   -2.350   -2.417
 527    19000  3.50   -0.835   -1.633   -1.828   -1.910   -2.024   -2.290   -2.369   -2.435
 528    19000  4.00   -0.879   -1.652   -1.841   -1.925   -2.040   -2.303   -2.382   -2.446
 529    19000  4.50   -0.911   -1.669   -1.849   -1.934   -2.049   -2.311   -2.390   -2.454
 530    19000  5.00   -0.936   -1.685   -1.852   -1.938   -2.053   -2.316   -2.395   -2.458
 531    20000  3.00   -0.847   -1.728   -1.931   -2.015   -2.134   -2.420   -2.504   -2.575
 532    20000  3.50   -0.913   -1.750   -1.955   -2.043   -2.164   -2.443   -2.527   -2.597
 533    20000  4.00   -0.960   -1.772   -1.971   -2.061   -2.182   -2.459   -2.542   -2.611
 534    20000  4.50   -0.995   -1.791   -1.981   -2.072   -2.193   -2.469   -2.552   -2.620
 535    20000  5.00   -1.021   -1.808   -1.986   -2.078   -2.199   -2.475   -2.558   -2.626
 536    21000  3.00   -0.915   -1.835   -2.045   -2.133   -2.258   -2.557   -2.646   -2.722
 537    21000  3.50   -0.986   -1.860   -2.073   -2.166   -2.294   -2.587   -2.675   -2.749
 538    21000  4.00   -1.038   -1.885   -2.094   -2.188   -2.316   -2.605   -2.693   -2.766
 539    21000  4.50   -1.075   -1.906   -2.106   -2.201   -2.329   -2.617   -2.705   -2.777
 540    21000  5.00   -1.102   -1.925   -2.113   -2.209   -2.337   -2.625   -2.712   -2.784
 541    22000  3.00   -0.978   -1.936   -2.152   -2.244   -2.374   -2.685   -2.778   -2.858
 542    22000  3.50   -1.055   -1.964   -2.185   -2.282   -2.415   -2.721   -2.814   -2.892
 543    22000  4.00   -1.111   -1.991   -2.208   -2.307   -2.442   -2.743   -2.836   -2.912
 544    22000  4.50   -1.151   -2.015   -2.224   -2.324   -2.457   -2.758   -2.849   -2.925
 545    22000  5.00   -1.180   -2.035   -2.232   -2.333   -2.466   -2.767   -2.858   -2.933
 546    23000  3.00   -1.040   -2.031   -2.253   -2.348   -2.483   -2.805   -2.902   -2.985
 547    23000  3.50   -1.120   -2.061   -2.289   -2.390   -2.529   -2.846   -2.944   -3.026
 548    23000  4.00   -1.180   -2.091   -2.316   -2.420   -2.559   -2.873   -2.970   -3.050
 549    23000  4.50   -1.223   -2.117   -2.334   -2.439   -2.578   -2.890   -2.986   -3.065
 550    23000  5.00   -1.253   -2.138   -2.345   -2.450   -2.589   -2.900   -2.996   -3.074
 551    24000  3.00   -1.098   -2.119   -2.348   -2.447   -2.586   -2.918   -3.019   -3.105
 552    24000  3.50   -1.183   -2.154   -2.388   -2.493   -2.636   -2.964   -3.066   -3.151
 553    24000  4.00   -1.246   -2.186   -2.418   -2.525   -2.670   -2.995   -3.096   -3.180
 554    24000  4.50   -1.291   -2.213   -2.439   -2.547   -2.692   -3.014   -3.115   -3.197
 555    24000  5.00   -1.323   -2.236   -2.451   -2.561   -2.705   -3.027   -3.126   -3.209
 556    25000  3.00   -1.149   -2.199   -2.434   -2.536   -2.679   -3.023   -3.127   -3.217
 557    25000  3.50   -1.244   -2.241   -2.482   -2.590   -2.738   -3.076   -3.182   -3.270
 558    25000  4.00   -1.308   -2.275   -2.515   -2.625   -2.775   -3.109   -3.215   -3.302
 559    25000  4.50   -1.356   -2.304   -2.537   -2.649   -2.799   -3.132   -3.236   -3.323
 560    25000  5.00   -1.390   -2.328   -2.552   -2.665   -2.814   -3.147   -3.250   -3.336
 561    26000  3.00   -1.193   -2.273   -2.511   -2.614   -2.760   -3.113   -3.221   -3.314
 562    26000  3.50   -1.301   -2.322   -2.570   -2.682   -2.835   -3.183   -3.292   -3.384
 563    26000  4.00   -1.369   -2.360   -2.606   -2.720   -2.874   -3.218   -3.327   -3.418
 564    26000  4.50   -1.417   -2.390   -2.630   -2.746   -2.901   -3.243   -3.351   -3.441
 565    26000  5.00   -1.452   -2.415   -2.646   -2.763   -2.918   -3.259   -3.367   -3.456
 566    27000  3.50   -1.351   -2.395   -2.650   -2.766   -2.924   -3.282   -3.395   -3.490
 567    27000  4.00   -1.425   -2.439   -2.692   -2.810   -2.969   -3.322   -3.434   -3.528
 568    27000  4.50   -1.475   -2.471   -2.718   -2.838   -2.997   -3.348   -3.460   -3.553
 569    27000  5.00   -1.511   -2.497   -2.735   -2.856   -3.015   -3.366   -3.477   -3.570
 570    28000  3.50   -1.395   -2.461   -2.723   -2.842   -3.004   -3.371   -3.487   -3.586
 571    28000  4.00   -1.478   -2.512   -2.772   -2.894   -3.058   -3.420   -3.536   -3.633
 572    28000  4.50   -1.530   -2.547   -2.801   -2.924   -3.088   -3.448   -3.563   -3.659
 573    28000  5.00   -1.566   -2.574   -2.820   -2.943   -3.107   -3.466   -3.581   -3.677
 574    29000  3.50   -1.436   -2.524   -2.791   -2.912   -3.076   -3.451   -3.570   -3.671
 575    29000  4.00   -1.524   -2.578   -2.846   -2.971   -3.139   -3.510   -3.629   -3.729
 576    29000  4.50   -1.581   -2.618   -2.879   -3.005   -3.173   -3.542   -3.660   -3.759
 577    29000  5.00   -1.618   -2.646   -2.899   -3.026   -3.193   -3.561   -3.679   -3.778
 578    30000  3.50   -1.482   -2.589   -2.859   -2.980   -3.145   -3.525   -3.646   -3.748
 579    30000  4.00   -1.566   -2.640   -2.913   -3.042   -3.213   -3.592   -3.714   -3.817
 580    30000  4.50   -1.627   -2.682   -2.951   -3.080   -3.252   -3.629   -3.751   -3.852
 581    30000  5.00   -1.666   -2.713   -2.973   -3.103   -3.274   -3.651   -3.771   -3.873
 582    31000  3.50   -1.536   -2.659   -2.931   -3.051   -3.216   -3.599   -3.721   -3.824
 583    31000  4.00   -1.607   -2.699   -2.978   -3.109   -3.282   -3.668   -3.793   -3.897
 584    31000  4.50   -1.669   -2.743   -3.017   -3.150   -3.325   -3.710   -3.834   -3.938
 585    31000  5.00   -1.710   -2.775   -3.042   -3.175   -3.350   -3.734   -3.857   -3.961
 586    32000  4.00   -1.651   -2.759   -3.042   -3.174   -3.349   -3.740   -3.866   -3.972
 587    32000  4.50   -1.710   -2.801   -3.081   -3.216   -3.394   -3.785   -3.911   -4.017
 588    32000  5.00   -1.752   -2.834   -3.107   -3.243   -3.421   -3.812   -3.937   -4.043
 589    33000  4.00   -1.702   -2.823   -3.110   -3.242   -3.418   -3.812   -3.939   -4.046
 590    33000  4.50   -1.752   -2.858   -3.143   -3.280   -3.460   -3.856   -3.984   -4.091
 591    33000  5.00   -1.793   -2.890   -3.170   -3.308   -3.489   -3.885   -4.012   -4.120
 592    34000  4.00   -1.760   -2.892   -3.180   -3.313   -3.488   -3.885   -4.012   -4.120
 593    34000  4.50   -1.799   -2.917   -3.208   -3.346   -3.527   -3.927   -4.055   -4.164
 594    34000  5.00   -1.836   -2.947   -3.232   -3.372   -3.554   -3.955   -4.084   -4.192
 595    35000  4.00   -1.823   -2.964   -3.255   -3.387   -3.562   -3.958   -4.085   -4.193
 596    35000  4.50   -1.852   -2.980   -3.274   -3.413   -3.594   -3.997   -4.126   -4.235
 597    35000  5.00   -1.882   -3.005   -3.295   -3.436   -3.620   -4.024   -4.154   -4.264
 598    36000  4.00   -1.892   -3.040   -3.333   -3.465   -3.639   -4.035   -4.161   -4.270
 599    36000  4.50   -1.909   -3.047   -3.343   -3.483   -3.663   -4.067   -4.197   -4.306
 600    36000  5.00   -1.934   -3.066   -3.360   -3.502   -3.686   -4.093   -4.224   -4.334
 601    37000  4.00   -1.965   -3.119   -3.414   -3.545   -3.719   -4.114   -4.241   -4.349
 602    37000  4.50   -1.972   -3.117   -3.416   -3.555   -3.735   -4.139   -4.269   -4.379
 603    37000  5.00   -1.990   -3.130   -3.427   -3.570   -3.754   -4.162   -4.293   -4.403
 604    38000  4.00   -2.040   -3.199   -3.495   -3.627   -3.800   -4.196   -4.322   -4.431
 605    38000  4.50   -2.040   -3.190   -3.491   -3.631   -3.810   -4.213   -4.343   -4.453
 606    38000  5.00   -2.050   -3.197   -3.497   -3.640   -3.823   -4.232   -4.363   -4.474
 607    39000  4.00   -2.114   -3.278   -3.576   -3.708   -3.882   -4.279   -4.405   -4.514
 608    39000  4.50   -2.109   -3.265   -3.569   -3.708   -3.887   -4.290   -4.419   -4.530
 609    39000  5.00   -2.114   -3.267   -3.570   -3.713   -3.895   -4.304   -4.434   -4.546
 610    40000  4.50   -2.181   -3.340   -3.646   -3.786   -3.965   -4.368   -4.498   -4.609
 611    40000  5.00   -2.182   -3.339   -3.644   -3.788   -3.970   -4.378   -4.508   -4.620
 612    41000  4.50   -2.252   -3.416   -3.724   -3.864   -4.043   -4.447   -4.577   -4.688
 613    41000  5.00   -2.251   -3.412   -3.719   -3.863   -4.045   -4.453   -4.584   -4.696
 614    42000  4.50   -2.323   -3.490   -3.800   -3.941   -4.121   -4.525   -4.655   -4.767
 615    42000  5.00   -2.321   -3.485   -3.795   -3.939   -4.121   -4.529   -4.660   -4.773
 616    43000  4.50   -2.393   -3.563   -3.874   -4.016   -4.197   -4.602   -4.733   -4.845
 617    43000  5.00   -2.390   -3.558   -3.870   -4.015   -4.197   -4.605   -4.737   -4.850
 618    44000  4.50   -2.461   -3.634   -3.947   -4.089   -4.271   -4.678   -4.809   -4.922
 619    44000  5.00   -2.459   -3.629   -3.943   -4.089   -4.272   -4.681   -4.813   -4.926
 620    45000  4.50   -2.528   -3.704   -4.019   -4.161   -4.343   -4.751   -4.883   -4.996
 621    45000  5.00   -2.527   -3.700   -4.016   -4.162   -4.346   -4.755   -4.888   -5.001
 622    46000  4.50   -2.593   -3.773   -4.088   -4.231   -4.414   -4.824   -4.956   -5.070
 623    46000  5.00   -2.593   -3.769   -4.086   -4.233   -4.418   -4.828   -4.961   -5.075
 624    47000  4.50   -2.657   -3.840   -4.157   -4.300   -4.484   -4.894   -5.027   -5.141
 625    47000  5.00   -2.658   -3.837   -4.156   -4.303   -4.488   -4.900   -5.033   -5.148
 626    48000  4.50   -2.721   -3.906   -4.224   -4.367   -4.552   -4.964   -5.096   -5.212
 627    48000  5.00   -2.722   -3.903   -4.224   -4.371   -4.557   -4.970   -5.103   -5.219
 628    49000  4.50   -2.783   -3.970   -4.289   -4.433   -4.619   -5.032   -5.165   -5.281
 629    49000  5.00   -2.785   -3.969   -4.290   -4.438   -4.625   -5.039   -5.172   -5.289
 630    50000  5.00   -2.846   -4.033   -4.355   -4.504   -4.691   -5.106   -5.240   -5.357
 631    56101  5.00   -2.963   -4.181   -4.490   -4.622   -4.802   -5.216   -5.342   -5.449
 632    62946  5.00   -3.290   -4.518   -4.835   -4.972   -5.157   -5.579   -5.708   -5.817
 633    70627  5.00   -3.623   -4.859   -5.183   -5.325   -5.514   -5.942   -6.074   -6.186
 634    79245  5.00   -3.961   -5.204   -5.534   -5.680   -5.873   -6.307   -6.442   -6.555
 635    88914  5.00   -4.303   -5.552   -5.889   -6.037   -6.235   -6.673   -6.810   -6.926
 636    99763  5.00   -4.649   -5.903   -6.245   -6.397   -6.597   -7.040   -7.179   -7.296
 637   111936  5.00   -4.998   -6.257   -6.604   -6.758   -6.961   -7.408   -7.549   -7.667
 638   125595  5.00   -5.351   -6.614   -6.964   -7.120   -7.326   -7.777   -7.919   -8.039
 639   140920  5.00   -5.706   -6.972   -7.326   -7.484   -7.693   -8.146   -8.290   -8.411
 640   158115  5.00   -6.063   -7.333   -7.690   -7.850   -8.060   -8.516   -8.661   -8.783
 641   177407  5.00   -6.422   -7.695   -8.054   -8.216   -8.428   -8.887   -9.033   -9.155
 642   199055  5.00   -6.783   -8.058   -8.420   -8.583   -8.797   -9.258   -9.405   -9.528
 643   223343  5.00   -7.145   -8.423   -8.787   -8.952   -9.167   -9.629   -9.777   -9.901
 644   250595  5.00   -7.509   -8.789   -9.155   -9.321   -9.537  -10.001  -10.150  -10.274
 645   281172  5.00   -7.874   -9.156   -9.524   -9.690   -9.907  -10.373  -10.523  -10.648
 646   315481  5.00   -8.241   -9.524   -9.893  -10.060  -10.279  -10.746  -10.896  -11.021
 647   353975  5.00   -8.608   -9.892  -10.263  -10.431  -10.650  -11.118  -11.269  -11.395
 648   397167  5.00   -8.976  -10.262  -10.634  -10.802  -11.022  -11.491  -11.643  -11.769
 649   445629  5.00   -9.345  -10.632  -11.005  -11.174  -11.394  -11.865  -12.016  -12.143
 650   500004  5.00   -9.714  -11.002  -11.376  -11.546  -11.767  -12.238  -12.390  -12.517
 651   561014  5.00  -10.084  -11.373  -11.748  -11.918  -12.140  -12.612  -12.764  -12.891
 652   629469  5.00  -10.455  -11.745  -12.120  -12.291  -12.513  -12.985  -13.138  -13.266
 653   706276  5.00  -10.826  -12.116  -12.493  -12.664  -12.886  -13.359  -13.512  -13.640
 654   792455  5.00  -11.198  -12.489  -12.865  -13.037  -13.260  -13.733  -13.887  -14.015
 655   889149  5.00  -11.570  -12.861  -13.238  -13.410  -13.633  -14.108  -14.261  -14.389
 656   997642  5.00  -11.942  -13.234  -13.612  -13.784  -14.007  -14.482  -14.635  -14.764
 657  1119373  5.00  -12.315  -13.607  -13.985  -14.157  -14.381  -14.856  -15.010  -15.138
 658  1255958  5.00  -12.687  -13.980  -14.359  -14.531  -14.755  -15.230  -15.384  -15.513
 659  1409209  5.00  -13.060  -14.353  -14.732  -14.905  -15.129  -15.605  -15.759  -15.888
 660  1581159  5.00  -13.434  -14.727  -15.106  -15.279  -15.503  -15.979  -16.134  -16.262
 661  1774090  5.00  -13.807  -15.101  -15.480  -15.653  -15.878  -16.354  -16.508  -16.637
 662  1990563  5.00  -14.181  -15.475  -15.854  -16.027  -16.252  -16.729  -16.883  -17.012
 663  2233450  5.00  -14.555  -15.849  -16.229  -16.402  -16.627  -17.103  -17.258  -17.387
 664  2505973  5.00  -14.929  -16.223  -16.603  -16.776  -17.001  -17.478  -17.633  -17.762
 665  2811749  5.00  -15.303  -16.597  -16.977  -17.151  -17.376  -17.853  -18.007  -18.136
 666  3154836  5.00  -15.677  -16.971  -17.352  -17.525  -17.750  -18.227  -18.382  -18.511
 667  3539785  5.00  -16.051  -17.346  -17.726  -17.900  -18.125  -18.602  -18.757  -18.886
 668  3971706  5.00  -16.425  -17.720  -18.101  -18.274  -18.500  -18.977  -19.132  -19.261
 669  4456330  5.00  -16.800  -18.095  -18.475  -18.649  -18.874  -19.352  -19.507  -19.636
# BCs for Fluks et al. 1994 M-giant spectra:
#  n     Teff  logg        U        B        V        R        I        J        H        K
   0     3810  0.00   -4.369   -2.834   -1.282   -0.342    0.415    1.633    2.525    2.657
   1     3736  0.00   -4.611   -3.075   -1.505   -0.500    0.388    1.661    2.570    2.711
   2     3666  0.00   -4.867   -3.343   -1.745   -0.681    0.346    1.687    2.614    2.766
   3     3574  0.00   -5.083   -3.741   -2.128   -0.961    0.221    1.725    2.677    2.844
   4     3434  0.00   -5.587   -4.401   -2.825   -1.473   -0.038    1.772    2.757    2.947
   5     3309  0.00   -6.114   -5.373   -3.842   -2.217   -0.437    1.820    2.833    3.047
   6     3126  0.00   -7.073   -6.737   -5.195   -3.221   -1.082    1.873    2.918    3.152
   7     2890  0.00   -7.806   -8.070   -6.411   -3.883   -1.624    1.940    2.966    3.231
   8     2667  0.00   -8.538   -9.000   -7.274   -4.257   -1.890    1.988    2.909    3.266
   9     2500  0.00   -9.278   -9.749   -8.017   -4.612   -2.027    2.018    2.794    3.252
