# BCs for ATLAS9 + DUSTY99 + blackbody spectra:
#  n     Teff  logg        u        g        r        i        z
   0      500  3.50  -999999  -75.426  -56.344  -43.599  -32.213
   1      500  4.00  -999999  -74.184  -55.412  -42.855  -31.659
   2      500  4.50  -999999  -73.813  -54.918  -42.260  -31.021
   3      500  5.00  -999999  -71.368  -52.914  -40.544  -29.660
   4      500  5.50  -999999  -68.196  -50.346  -38.398  -28.014
   5      500  6.00  -999999  -64.992  -47.769  -36.268  -26.405
   6      600  3.50  -999999  -61.322  -45.433  -34.897  -25.898
   7      600  4.00  -999999  -60.586  -44.858  -34.431  -25.539
   8      600  4.50  -999999  -62.429  -46.093  -35.198  -25.908
   9      600  5.00  -999999  -60.516  -44.488  -33.794  -24.755
  10      600  5.50  -999999  -58.122  -42.519  -32.115  -23.420
  11      600  6.00  -83.453  -55.492  -40.411  -30.379  -22.083
  12      700  3.50  -73.659  -50.448  -37.000  -28.178  -20.899
  13      700  4.00  -72.828  -49.855  -36.543  -27.815  -20.620
  14      700  4.50  -75.104  -51.333  -37.543  -28.432  -20.928
  15      700  5.00  -73.878  -50.388  -36.722  -27.672  -20.256
  16      700  5.50  -71.387  -48.481  -35.102  -26.217  -19.031
  17      700  6.00  -68.144  -46.061  -33.126  -24.546  -17.712
  18      800  3.50  -60.228  -40.772  -29.414  -22.025  -16.153
  19      800  4.00  -60.458  -40.971  -29.597  -22.194  -16.292
  20      800  4.50  -62.323  -42.205  -30.434  -22.711  -16.583
  21      800  5.00  -61.277  -41.321  -29.620  -21.934  -15.913
  22      800  5.50  -59.737  -39.974  -28.411  -20.852  -15.032
  23      800  6.00  -57.034  -37.827  -26.674  -19.462  -13.977
  24      900  3.50  -48.877  -32.507  -23.057  -17.083  -12.457
  25      900  4.00  -48.985  -32.496  -22.988  -16.969  -12.333
  26      900  4.50  -51.167  -33.915  -23.952  -17.599  -12.746
  27      900  5.00  -49.149  -32.163  -22.457  -16.332  -11.721
  28      900  5.50  -49.234  -32.210  -22.485  -16.348  -11.731
  29     1000  3.50  -43.169  -28.440  -20.001  -14.758  -10.726
  30     1000  4.00  -42.263  -27.729  -19.419  -14.272  -10.328
  31     1000  4.50  -42.328  -27.565  -19.183  -14.007  -10.078
  32     1000  5.00  -42.417  -27.395  -18.946  -13.746   -9.835
  33     1000  5.50  -41.939  -26.931  -18.541  -13.394   -9.538
  34     1000  6.00  -40.268  -25.730  -17.633  -12.695   -8.990
  35     1100  3.50  -37.814  -24.635  -17.121  -12.535   -9.032
  36     1100  4.00  -37.410  -24.323  -16.866  -12.320   -8.853
  37     1100  4.50  -37.378  -24.158  -16.677  -12.126   -8.675
  38     1100  5.00  -36.911  -23.632  -16.187  -11.680   -8.289
  39     1100  5.50  -36.230  -22.979  -15.617  -11.184   -7.870
  40     1100  6.00  -43.583  -28.854  -20.415  -15.172  -11.140
  41     1200  3.50  -33.025  -21.284  -14.570  -10.521   -7.459
  42     1200  4.00  -33.025  -21.284  -14.570  -10.521   -7.459
  43     1200  4.50  -33.025  -21.284  -14.570  -10.521   -7.459
  44     1200  5.00  -33.254  -21.230  -14.422  -10.335   -7.269
  45     1200  6.00  -31.614  -19.808  -13.237   -9.335   -6.434
  46     1300  3.50  -28.790  -18.349  -12.335   -8.746   -6.059
  47     1300  4.00  -28.821  -18.386  -12.367   -8.773   -6.081
  48     1300  4.50  -29.567  -18.859  -12.699   -9.019   -6.266
  49     1300  5.00  -29.588  -18.822  -12.639   -8.951   -6.198
  50     1300  5.50  -29.505  -18.604  -12.414   -8.741   -6.012
  51     1300  6.00  -33.168  -21.497  -14.816  -10.789   -7.743
  52     1400  3.50  -25.259  -15.919  -10.499   -7.299   -4.921
  53     1400  4.00  -25.301  -15.952  -10.523   -7.316   -4.935
  54     1400  4.50  -25.765  -16.240  -10.709   -7.442   -5.018
  55     1400  5.00  -26.244  -16.531  -10.911   -7.591   -5.130
  56     1400  5.50  -26.156  -16.282  -10.659   -7.362   -4.923
  57     1400  6.00  -26.172  -16.287  -10.661   -7.364   -4.924
  58     1500  3.50  -22.608  -14.096   -9.093   -6.154   -3.948
  59     1500  4.00  -22.501  -14.034   -9.068   -6.156   -3.987
  60     1500  4.50  -22.995  -14.315   -9.251   -6.288   -4.099
  61     1500  5.00  -23.214  -14.440   -9.333   -6.347   -4.145
  62     1500  5.50  -23.433  -14.534   -9.384   -6.381   -4.166
  63     1500  6.00  -23.488  -14.512   -9.354   -6.355   -4.139
  64     1600  3.50  -20.702  -12.588   -7.862   -5.116   -2.947
  65     1600  4.00  -20.483  -12.553   -7.881   -5.151   -3.038
  66     1600  4.50  -20.577  -12.608   -7.931   -5.218   -3.161
  67     1600  5.00  -20.679  -12.690   -8.002   -5.289   -3.265
  68     1600  5.50  -20.855  -12.772   -8.056   -5.336   -3.323
  69     1600  6.00  -21.006  -12.830   -8.098   -5.373   -3.359
  70     1700  3.50  -18.968  -11.019   -6.816   -4.212   -2.014
  71     1700  4.00  -18.593  -10.641   -6.446   -3.948   -1.872
  72     1700  4.50  -17.404   -9.707   -5.812   -3.415   -1.417
  73     1700  5.00  -18.457  -10.810   -6.543   -4.026   -2.012
  74     1700  5.50  -18.710  -11.201   -6.844   -4.322   -2.355
  75     1700  6.00  -18.890  -11.363   -6.994   -4.499   -2.599
  76     1800  3.50  -17.527   -9.963   -6.251   -3.690   -1.498
  77     1800  4.00  -17.185   -9.761   -6.039   -3.567   -1.459
  78     1800  4.50  -16.210   -9.064   -5.490   -3.169   -1.187
  79     1800  5.00  -16.087   -9.043   -5.457   -3.134   -1.188
  80     1800  5.50  -16.877   -9.702   -5.825   -3.481   -1.549
  81     1800  6.00  -16.975   -9.805   -5.858   -3.525   -1.603
  82     1900  3.50  -14.996   -8.766   -5.716   -3.156   -0.988
  83     1900  4.00  -16.116   -9.002   -5.726   -3.214   -1.101
  84     1900  4.50  -17.063   -9.589   -5.980   -3.476   -1.406
  85     1900  5.00  -16.059   -8.959   -5.497   -3.129   -1.163
  86     1900  5.50  -16.039   -9.193   -5.593   -3.294   -1.357
  87     1900  6.00  -15.982   -9.228   -5.553   -3.348   -1.455
  88     2000  3.50  -13.075   -8.029   -5.522   -2.869   -0.721
  89     2000  4.00  -14.452   -8.149   -5.382   -2.820   -0.748
  90     2000  4.50  -15.259   -8.234   -5.279   -2.785   -0.777
  91     2000  5.00  -15.694   -8.457   -5.306   -2.865   -0.903
  92     2000  5.50  -15.647   -8.874   -5.474   -3.131   -1.197
  93     2000  6.00  -15.163   -8.696   -5.270   -3.110   -1.236
  94     2100  4.00  -12.780   -7.449   -5.123   -2.524   -0.511
  95     2100  5.00  -14.558   -7.568   -4.868   -2.391   -0.507
  96     2100  5.50  -15.276   -8.144   -5.126   -2.697   -0.801
  97     2100  6.00  -15.070   -8.455   -5.206   -2.957   -1.049
  98     2200  3.50  -10.055   -6.616   -4.893   -2.265   -0.298
  99     2200  4.00  -11.206   -6.771   -4.809   -2.228   -0.310
 100     2200  4.50  -12.532   -6.942   -4.776   -2.191   -0.310
 101     2200  5.00  -13.703   -7.082   -4.689   -2.145   -0.328
 102     2200  5.50  -14.523   -7.397   -4.760   -2.266   -0.464
 103     2200  6.00  -14.607   -7.527   -4.723   -2.386   -0.551
 104     2300  3.50   -9.020   -6.025   -4.487   -1.962   -0.144
 105     2300  4.00  -10.014   -6.177   -4.436   -1.931   -0.151
 106     2300  4.50  -11.285   -6.396   -4.476   -1.922   -0.157
 107     2300  5.00  -12.681   -6.607   -4.457   -1.900   -0.182
 108     2300  5.50  -13.717   -6.809   -4.473   -1.937   -0.240
 109     2300  6.00  -13.977   -6.904   -4.397   -1.986   -0.280
 110     2400  3.50   -8.222   -5.499   -4.033   -1.665   -0.016
 111     2400  4.00   -9.039   -5.633   -4.014   -1.641   -0.020
 112     2400  4.50  -10.140   -5.851   -4.104   -1.648   -0.021
 113     2400  5.50  -12.632   -6.256   -4.159   -1.627   -0.054
 114     2400  6.00  -13.403   -6.453   -4.160   -1.704   -0.122
 115     2500  3.50   -7.683   -5.068   -3.591   -1.402    0.075
 116     2500  4.00   -8.307   -5.157   -3.577   -1.372    0.082
 117     2500  4.50   -9.237   -5.369   -3.713   -1.396    0.084
 118     2500  5.00  -10.386   -5.565   -3.763   -1.371    0.089
 119     2500  5.50  -11.665   -5.796   -3.839   -1.374    0.064
 120     2500  6.00  -12.595   -5.991   -3.875   -1.421    0.020
 121     2600  3.50   -7.258   -4.696   -3.199   -1.180    0.144
 122     2600  4.00   -7.747   -4.747   -3.174   -1.143    0.157
 123     2600  4.50   -8.517   -4.935   -3.322   -1.167    0.167
 124     2600  5.00   -9.444   -5.096   -3.366   -1.142    0.179
 125     2600  5.50  -10.636   -5.322   -3.463   -1.140    0.168
 126     2600  6.00  -11.692   -5.560   -3.560   -1.179    0.125
 127     2700  3.50   -6.917   -4.388   -2.886   -1.011    0.190
 128     2700  4.00   -7.279   -4.386   -2.821   -0.954    0.215
 129     2700  4.50   -7.903   -4.537   -2.953   -0.968    0.234
 130     2700  5.00   -8.668   -4.672   -2.985   -0.945    0.246
 131     2700  5.50   -9.699   -4.877   -3.080   -0.938    0.245
 132     2700  6.00  -10.776   -5.117   -3.201   -0.959    0.217
 133     2800  5.00   -7.986   -4.269   -2.617   -0.766    0.306
 134     2800  5.50   -8.873   -4.460   -2.709   -0.765    0.304
 135     2900  5.00   -7.427   -3.927   -2.307   -0.629    0.341
 136     2900  5.50   -8.151   -4.074   -2.365   -0.618    0.348
 137     3000  5.00   -6.943   -3.620   -2.037   -0.514    0.368
 138     3000  5.50   -7.536   -3.733   -2.068   -0.499    0.379
 139     3100  5.00   -6.521   -3.343   -1.800   -0.415    0.390
 140     3100  5.50   -6.993   -3.426   -1.802   -0.396    0.399
 141     3200  5.00   -6.154   -3.094   -1.591   -0.328    0.409
 142     3200  5.50   -6.520   -3.149   -1.567   -0.305    0.416
 143     3300  5.00   -5.838   -2.872   -1.409   -0.252    0.424
 144     3300  5.50   -6.116   -2.903   -1.364   -0.226    0.430
 145     3400  5.00   -5.576   -2.676   -1.249   -0.186    0.436
 146     3400  5.50   -5.773   -2.686   -1.190   -0.157    0.440
 147     3500  5.00   -5.319   -2.488   -1.084   -0.127    0.434
 148     3500  5.50   -5.446   -2.483   -1.022   -0.096    0.443
 149     3600  5.00   -5.145   -2.337   -0.958   -0.076    0.438
 150     3600  5.50   -5.212   -2.318   -0.891   -0.045    0.446
 151     3700  5.00   -5.008   -2.205   -0.843   -0.034    0.435
 152     3700  5.50   -5.018   -2.174   -0.774   -0.001    0.446
 153     3800  5.00   -4.897   -2.084   -0.737    0.003    0.430
 154     3800  5.50   -4.855   -2.044   -0.668    0.039    0.443
 155     3500  0.00   -7.072   -3.100   -1.509   -0.465    0.161
 156     3500  0.50   -6.725   -3.076   -1.586   -0.481    0.167
 157     3500  1.00   -6.382   -3.049   -1.649   -0.488    0.179
 158     3500  1.50   -6.042   -3.005   -1.684   -0.482    0.199
 159     3500  2.00   -5.712   -2.940   -1.689   -0.460    0.227
 160     3500  2.50   -5.407   -2.849   -1.657   -0.421    0.266
 161     3500  3.00   -5.134   -2.736   -1.590   -0.364    0.315
 162     3500  3.50   -4.908   -2.608   -1.473   -0.285    0.377
 163     3500  4.00   -4.724   -2.467   -1.302   -0.186    0.447
 164     3500  4.50   -4.611   -2.353   -1.124   -0.101    0.496
 165     3500  5.00   -4.622   -2.304   -0.989   -0.047    0.518
 166     3750  0.00   -6.559   -2.340   -0.772   -0.160    0.241
 167     3750  0.50   -6.240   -2.316   -0.799   -0.171    0.241
 168     3750  1.00   -5.940   -2.302   -0.833   -0.181    0.245
 169     3750  1.50   -5.659   -2.288   -0.869   -0.187    0.254
 170     3750  2.00   -5.391   -2.270   -0.903   -0.189    0.266
 171     3750  2.50   -5.146   -2.245   -0.929   -0.185    0.284
 172     3750  3.00   -4.923   -2.208   -0.940   -0.171    0.307
 173     3750  3.50   -4.735   -2.164   -0.926   -0.143    0.340
 174     3750  4.00   -4.589   -2.111   -0.871   -0.091    0.388
 175     3750  4.50   -4.438   -2.040   -0.778   -0.026    0.436
 176     3750  5.00   -4.350   -1.987   -0.691    0.027    0.469
 177     4000  0.00   -5.797   -1.823   -0.443    0.006    0.297
 178     4000  0.50   -5.515   -1.794   -0.453   -0.002    0.291
 179     4000  1.00   -5.259   -1.779   -0.464   -0.007    0.288
 180     4000  1.50   -5.033   -1.772   -0.476   -0.012    0.287
 181     4000  2.00   -4.828   -1.767   -0.490   -0.016    0.289
 182     4000  2.50   -4.655   -1.765   -0.504   -0.019    0.293
 183     4000  3.00   -4.515   -1.762   -0.518   -0.019    0.301
 184     4000  3.50   -4.404   -1.762   -0.528   -0.014    0.315
 185     4000  4.00   -4.321   -1.758   -0.525    0.005    0.340
 186     4000  4.50   -4.232   -1.745   -0.496    0.045    0.379
 187     4000  5.00   -4.128   -1.718   -0.451    0.091    0.417
 188     4250  0.00   -4.968   -1.459   -0.241    0.114    0.336
 189     4250  0.50   -4.731   -1.424   -0.249    0.105    0.328
 190     4250  1.00   -4.519   -1.403   -0.258    0.098    0.323
 191     4250  1.50   -4.326   -1.393   -0.268    0.094    0.319
 192     4250  2.00   -4.159   -1.386   -0.276    0.090    0.317
 193     4250  2.50   -4.024   -1.385   -0.284    0.087    0.315
 194     4250  3.00   -3.933   -1.390   -0.289    0.086    0.315
 195     4250  3.50   -3.879   -1.401   -0.294    0.086    0.317
 196     4250  4.00   -3.861   -1.419   -0.297    0.090    0.324
 197     4250  4.50   -3.854   -1.438   -0.293    0.105    0.341
 198     4250  5.00   -3.824   -1.450   -0.277    0.135    0.372
 199     4500  0.00   -4.270   -1.192   -0.100    0.194    0.360
 200     4500  0.50   -4.081   -1.157   -0.108    0.182    0.350
 201     4500  1.00   -3.915   -1.135   -0.117    0.173    0.344
 202     4500  1.50   -3.765   -1.123   -0.126    0.167    0.340
 203     4500  2.00   -3.631   -1.115   -0.135    0.162    0.337
 204     4500  2.50   -3.517   -1.110   -0.142    0.158    0.333
 205     4500  3.00   -3.436   -1.112   -0.148    0.156    0.331
 206     4500  3.50   -3.392   -1.119   -0.151    0.155    0.331
 207     4500  4.00   -3.384   -1.135   -0.153    0.158    0.333
 208     4500  4.50   -3.404   -1.158   -0.152    0.163    0.338
 209     4500  5.00   -3.440   -1.184   -0.148    0.175    0.350
 210     4750  0.00   -3.698   -0.973   -0.003    0.251    0.370
 211     4750  0.50   -3.538   -0.943   -0.010    0.236    0.359
 212     4750  1.00   -3.400   -0.923   -0.018    0.225    0.351
 213     4750  1.50   -3.281   -0.911   -0.026    0.217    0.346
 214     4750  2.00   -3.175   -0.904   -0.035    0.211    0.342
 215     4750  2.50   -3.084   -0.898   -0.042    0.205    0.338
 216     4750  3.00   -3.015   -0.895   -0.048    0.201    0.335
 217     4750  3.50   -2.973   -0.897   -0.052    0.199    0.333
 218     4750  4.00   -2.960   -0.905   -0.054    0.200    0.333
 219     4750  4.50   -2.975   -0.920   -0.054    0.203    0.336
 220     4750  5.00   -3.014   -0.941   -0.052    0.210    0.341
 221     5000  0.00   -3.219   -0.778    0.064    0.282    0.367
 222     5000  0.50   -3.075   -0.756    0.056    0.267    0.354
 223     5000  1.00   -2.949   -0.742    0.048    0.255    0.345
 224     5000  1.50   -2.843   -0.733    0.040    0.245    0.338
 225     5000  2.00   -2.754   -0.729    0.032    0.238    0.333
 226     5000  2.50   -2.681   -0.725    0.025    0.231    0.328
 227     5000  3.00   -2.624   -0.723    0.019    0.226    0.324
 228     5000  3.50   -2.588   -0.722    0.015    0.223    0.321
 229     5000  4.00   -2.575   -0.725    0.013    0.222    0.320
 230     5000  4.50   -2.584   -0.732    0.014    0.224    0.322
 231     5000  5.00   -2.613   -0.745    0.016    0.229    0.325
 232     5250  0.00   -2.803   -0.597    0.110    0.288    0.348
 233     5250  0.50   -2.683   -0.588    0.101    0.275    0.335
 234     5250  1.00   -2.571   -0.582    0.092    0.263    0.325
 235     5250  1.50   -2.475   -0.579    0.083    0.253    0.317
 236     5250  2.00   -2.393   -0.579    0.075    0.245    0.311
 237     5250  2.50   -2.327   -0.580    0.068    0.239    0.306
 238     5250  3.00   -2.278   -0.582    0.063    0.233    0.302
 239     5250  3.50   -2.246   -0.583    0.059    0.230    0.299
 240     5250  4.00   -2.233   -0.585    0.057    0.229    0.297
 241     5250  4.50   -2.240   -0.589    0.058    0.230    0.298
 242     5250  5.00   -2.264   -0.595    0.060    0.234    0.301
 243     5500  0.00   -2.445   -0.433    0.141    0.273    0.316
 244     5500  0.50   -2.352   -0.436    0.130    0.263    0.304
 245     5500  1.00   -2.259   -0.439    0.120    0.254    0.293
 246     5500  1.50   -2.174   -0.444    0.111    0.246    0.285
 247     5500  2.00   -2.098   -0.449    0.102    0.238    0.278
 248     5500  2.50   -2.036   -0.455    0.095    0.231    0.272
 249     5500  3.00   -1.987   -0.461    0.088    0.226    0.268
 250     5500  3.50   -1.953   -0.467    0.084    0.223    0.265
 251     5500  4.00   -1.937   -0.472    0.082    0.222    0.264
 252     5500  4.50   -1.938   -0.476    0.083    0.223    0.264
 253     5500  5.00   -1.956   -0.480    0.086    0.227    0.267
 254     5750  0.00   -2.151   -0.290    0.158    0.243    0.275
 255     5750  0.50   -2.085   -0.303    0.148    0.237    0.263
 256     5750  1.00   -2.010   -0.314    0.138    0.231    0.253
 257     5750  1.50   -1.935   -0.325    0.128    0.225    0.244
 258     5750  2.00   -1.867   -0.336    0.118    0.219    0.237
 259     5750  2.50   -1.807   -0.348    0.110    0.213    0.231
 260     5750  3.00   -1.757   -0.359    0.103    0.209    0.227
 261     5750  3.50   -1.718   -0.369    0.097    0.205    0.223
 262     5750  4.00   -1.694   -0.377    0.094    0.203    0.222
 263     5750  4.50   -1.685   -0.384    0.094    0.204    0.223
 264     5750  5.00   -1.695   -0.389    0.097    0.208    0.226
 265     6000  0.00   -1.910   -0.165    0.160    0.199    0.226
 266     6000  0.50   -1.876   -0.187    0.154    0.201    0.217
 267     6000  1.00   -1.819   -0.204    0.145    0.199    0.208
 268     6000  1.50   -1.755   -0.221    0.136    0.196    0.199
 269     6000  2.00   -1.693   -0.238    0.127    0.192    0.191
 270     6000  2.50   -1.634   -0.255    0.117    0.187    0.185
 271     6000  3.00   -1.582   -0.272    0.109    0.183    0.180
 272     6000  3.50   -1.539   -0.286    0.102    0.180    0.176
 273     6000  4.00   -1.506   -0.299    0.098    0.178    0.175
 274     6000  4.50   -1.487   -0.309    0.096    0.178    0.175
 275     6000  5.00   -1.483   -0.316    0.098    0.182    0.178
 276     6250  0.50   -1.703   -0.085    0.148    0.153    0.165
 277     6250  1.00   -1.670   -0.109    0.145    0.159    0.159
 278     6250  1.50   -1.621   -0.131    0.137    0.160    0.150
 279     6250  2.00   -1.565   -0.153    0.128    0.158    0.142
 280     6250  2.50   -1.508   -0.174    0.119    0.156    0.136
 281     6250  3.00   -1.455   -0.195    0.109    0.152    0.130
 282     6250  3.50   -1.407   -0.215    0.101    0.149    0.126
 283     6250  4.00   -1.366   -0.233    0.094    0.147    0.123
 284     6250  4.50   -1.336   -0.247    0.090    0.147    0.123
 285     6250  5.00   -1.319   -0.257    0.090    0.149    0.125
 286     6500  0.50   -1.555    0.001    0.133    0.099    0.110
 287     6500  1.00   -1.547   -0.025    0.134    0.109    0.105
 288     6500  1.50   -1.516   -0.052    0.132    0.117    0.099
 289     6500  2.00   -1.470   -0.078    0.125    0.120    0.091
 290     6500  2.50   -1.419   -0.103    0.115    0.119    0.084
 291     6500  3.00   -1.366   -0.129    0.105    0.117    0.078
 292     6500  3.50   -1.314   -0.153    0.095    0.115    0.073
 293     6500  4.00   -1.266   -0.176    0.086    0.112    0.069
 294     6500  4.50   -1.226   -0.195    0.080    0.111    0.068
 295     6500  5.00   -1.197   -0.210    0.077    0.112    0.069
 296     6750  0.50   -1.428    0.067    0.116    0.045    0.054
 297     6750  1.00   -1.438    0.047    0.115    0.055    0.047
 298     6750  1.50   -1.427    0.019    0.117    0.067    0.043
 299     6750  2.00   -1.397   -0.012    0.115    0.075    0.038
 300     6750  2.50   -1.354   -0.041    0.108    0.079    0.031
 301     6750  3.00   -1.304   -0.070    0.097    0.079    0.024
 302     6750  3.50   -1.252   -0.099    0.086    0.077    0.018
 303     6750  4.00   -1.200   -0.127    0.075    0.074    0.014
 304     6750  4.50   -1.152   -0.151    0.066    0.072    0.011
 305     6750  5.00   -1.111   -0.171    0.060    0.072    0.012
 306     7000  0.50   -1.315    0.115    0.097   -0.008   -0.001
 307     7000  1.00   -1.341    0.101    0.095    0.001   -0.008
 308     7000  1.50   -1.348    0.079    0.095    0.012   -0.016
 309     7000  2.00   -1.335    0.048    0.097    0.025   -0.020
 310     7000  2.50   -1.303    0.014    0.095    0.034   -0.024
 311     7000  3.00   -1.260   -0.019    0.086    0.037   -0.031
 312     7000  3.50   -1.211   -0.052    0.075    0.037   -0.037
 313     7000  4.00   -1.159   -0.084    0.062    0.034   -0.043
 314     7000  4.50   -1.105   -0.113    0.050    0.032   -0.046
 315     7000  5.00   -1.055   -0.138    0.041    0.030   -0.047
 316     7250  0.50   -1.216    0.142    0.078   -0.055   -0.055
 317     7250  1.00   -1.251    0.139    0.073   -0.051   -0.064
 318     7250  1.50   -1.274    0.122    0.073   -0.041   -0.072
 319     7250  2.00   -1.277    0.098    0.073   -0.030   -0.079
 320     7250  2.50   -1.260    0.063    0.074   -0.017   -0.083
 321     7250  3.00   -1.226    0.026    0.070   -0.009   -0.088
 322     7250  3.50   -1.183   -0.011    0.060   -0.006   -0.094
 323     7250  4.00   -1.133   -0.046    0.047   -0.007   -0.100
 324     7250  4.50   -1.078   -0.080    0.034   -0.010   -0.105
 325     7250  5.00   -1.023   -0.111    0.022   -0.013   -0.107
 326     7500  0.50   -1.128    0.130    0.064   -0.087   -0.103
 327     7500  1.00   -1.164    0.160    0.047   -0.102   -0.120
 328     7500  1.50   -1.200    0.151    0.048   -0.094   -0.128
 329     7500  2.00   -1.219    0.131    0.048   -0.083   -0.137
 330     7500  2.50   -1.220    0.104    0.047   -0.072   -0.145
 331     7500  3.00   -1.198    0.065    0.048   -0.060   -0.148
 332     7500  3.50   -1.161    0.025    0.042   -0.053   -0.153
 333     7500  4.00   -1.116   -0.014    0.030   -0.051   -0.158
 334     7500  4.50   -1.063   -0.051    0.015   -0.053   -0.163
 335     7500  5.00   -1.006   -0.086    0.001   -0.056   -0.166
 336     7750  1.00   -1.085    0.159    0.020   -0.148   -0.175
 337     7750  1.50   -1.128    0.163    0.018   -0.145   -0.185
 338     7750  2.00   -1.161    0.150    0.020   -0.135   -0.194
 339     7750  2.50   -1.175    0.128    0.020   -0.125   -0.203
 340     7750  3.00   -1.170    0.098    0.018   -0.115   -0.210
 341     7750  3.50   -1.144    0.057    0.017   -0.104   -0.214
 342     7750  4.00   -1.105    0.014    0.009   -0.098   -0.218
 343     7750  4.50   -1.056   -0.027   -0.005   -0.098   -0.223
 344     7750  5.00   -0.999   -0.066   -0.020   -0.100   -0.226
 345     8000  1.00   -1.010    0.130   -0.012   -0.190   -0.231
 346     8000  1.50   -1.058    0.160   -0.016   -0.196   -0.243
 347     8000  2.00   -1.100    0.155   -0.014   -0.188   -0.253
 348     8000  2.50   -1.127    0.138   -0.012   -0.178   -0.261
 349     8000  3.00   -1.137    0.113   -0.012   -0.168   -0.270
 350     8000  3.50   -1.127    0.080   -0.015   -0.159   -0.277
 351     8000  4.00   -1.096    0.037   -0.018   -0.149   -0.279
 352     8000  4.50   -1.052   -0.006   -0.028   -0.145   -0.283
 353     8000  5.00   -0.999   -0.049   -0.043   -0.146   -0.286
 354     8250  1.00   -0.943    0.071   -0.055   -0.230   -0.298
 355     8250  1.50   -0.996    0.139   -0.055   -0.247   -0.303
 356     8250  2.00   -1.041    0.147   -0.053   -0.243   -0.313
 357     8250  2.50   -1.079    0.137   -0.049   -0.233   -0.322
 358     8250  3.00   -1.101    0.117   -0.047   -0.223   -0.331
 359     8250  3.50   -1.104    0.090   -0.049   -0.214   -0.339
 360     8250  4.00   -1.087    0.053   -0.052   -0.204   -0.344
 361     8250  4.50   -1.050    0.009   -0.056   -0.195   -0.345
 362     8250  5.00   -1.001   -0.035   -0.069   -0.193   -0.347
 363     8500  1.50   -0.946    0.102   -0.098   -0.297   -0.365
 364     8500  2.00   -0.991    0.124   -0.096   -0.298   -0.375
 365     8500  2.50   -1.033    0.122   -0.092   -0.290   -0.384
 366     8500  3.00   -1.063    0.109   -0.088   -0.280   -0.393
 367     8500  3.50   -1.077    0.087   -0.087   -0.269   -0.401
 368     8500  4.00   -1.074    0.057   -0.090   -0.261   -0.408
 369     8500  4.50   -1.049    0.018   -0.092   -0.251   -0.410
 370     8500  5.00   -1.006   -0.027   -0.099   -0.243   -0.410
 371     8750  1.50   -0.905    0.055   -0.146   -0.348   -0.431
 372     8750  2.00   -0.952    0.090   -0.143   -0.353   -0.438
 373     8750  2.50   -0.994    0.096   -0.139   -0.348   -0.448
 374     8750  3.00   -1.029    0.088   -0.135   -0.339   -0.457
 375     8750  3.50   -1.052    0.072   -0.131   -0.328   -0.465
 376     8750  4.00   -1.058    0.048   -0.131   -0.318   -0.472
 377     8750  4.50   -1.046    0.016   -0.133   -0.310   -0.476
 378     8750  5.00   -1.011   -0.024   -0.135   -0.298   -0.475
 379     9000  1.50   -0.869    0.004   -0.197   -0.400   -0.500
 380     9000  2.00   -0.923    0.050   -0.191   -0.408   -0.503
 381     9000  2.50   -0.967    0.061   -0.189   -0.407   -0.513
 382     9000  3.00   -1.004    0.058   -0.185   -0.399   -0.523
 383     9000  3.50   -1.031    0.047   -0.181   -0.389   -0.531
 384     9000  4.00   -1.043    0.028   -0.178   -0.378   -0.537
 385     9000  4.50   -1.039    0.003   -0.177   -0.369   -0.541
 386     9000  5.00   -1.016   -0.031   -0.179   -0.359   -0.542
 387     9250  2.00   -0.899    0.006   -0.241   -0.462   -0.568
 388     9250  2.50   -0.946    0.022   -0.239   -0.464   -0.578
 389     9250  3.00   -0.986    0.022   -0.237   -0.460   -0.589
 390     9250  3.50   -1.016    0.014   -0.233   -0.451   -0.597
 391     9250  4.00   -1.033   -0.001   -0.229   -0.441   -0.604
 392     9250  4.50   -1.035   -0.021   -0.226   -0.430   -0.608
 393     9250  5.00   -1.020   -0.049   -0.226   -0.420   -0.610
 394     9500  2.00   -0.878   -0.041   -0.291   -0.516   -0.633
 395     9500  2.50   -0.929   -0.021   -0.290   -0.521   -0.642
 396     9500  3.00   -0.972   -0.018   -0.289   -0.519   -0.654
 397     9500  3.50   -1.006   -0.024   -0.287   -0.513   -0.664
 398     9500  4.00   -1.028   -0.036   -0.283   -0.504   -0.672
 399     9500  4.50   -1.035   -0.053   -0.279   -0.493   -0.676
 400     9500  5.00   -1.026   -0.077   -0.277   -0.482   -0.678
 401     9750  2.00   -0.860   -0.087   -0.342   -0.569   -0.697
 402     9750  2.50   -0.915   -0.065   -0.341   -0.576   -0.706
 403     9750  3.00   -0.961   -0.061   -0.342   -0.577   -0.718
 404     9750  3.50   -0.999   -0.065   -0.340   -0.574   -0.730
 405     9750  4.00   -1.025   -0.076   -0.338   -0.566   -0.739
 406     9750  4.50   -1.037   -0.090   -0.334   -0.556   -0.744
 407     9750  5.00   -1.033   -0.110   -0.330   -0.545   -0.746
 408    10000  2.00   -0.846   -0.135   -0.393   -0.622   -0.761
 409    10000  2.50   -0.904   -0.111   -0.392   -0.630   -0.769
 410    10000  3.00   -0.952   -0.105   -0.393   -0.634   -0.781
 411    10000  3.50   -0.993   -0.108   -0.394   -0.633   -0.794
 412    10000  4.00   -1.024   -0.117   -0.392   -0.628   -0.804
 413    10000  4.50   -1.041   -0.130   -0.389   -0.619   -0.811
 414    10000  5.00   -1.042   -0.148   -0.385   -0.609   -0.814
 415    10250  2.00   -0.836   -0.182   -0.444   -0.676   -0.824
 416    10250  2.50   -0.895   -0.156   -0.442   -0.684   -0.831
 417    10250  3.00   -0.946   -0.150   -0.445   -0.690   -0.844
 418    10250  3.50   -0.989   -0.152   -0.447   -0.691   -0.857
 419    10250  4.00   -1.023   -0.161   -0.447   -0.688   -0.868
 420    10250  4.50   -1.045   -0.173   -0.445   -0.681   -0.877
 421    10250  5.00   -1.052   -0.188   -0.441   -0.672   -0.881
 422    10500  2.00   -0.829   -0.229   -0.495   -0.729   -0.887
 423    10500  2.50   -0.890   -0.202   -0.493   -0.737   -0.893
 424    10500  3.00   -0.942   -0.195   -0.496   -0.744   -0.906
 425    10500  3.50   -0.987   -0.197   -0.499   -0.748   -0.919
 426    10500  4.00   -1.024   -0.205   -0.500   -0.747   -0.931
 427    10500  4.50   -1.050   -0.216   -0.499   -0.742   -0.941
 428    10500  5.00   -1.061   -0.231   -0.496   -0.733   -0.946
 429    10750  2.00   -0.826   -0.276   -0.546   -0.782   -0.949
 430    10750  2.50   -0.887   -0.249   -0.543   -0.790   -0.954
 431    10750  3.00   -0.940   -0.241   -0.546   -0.798   -0.966
 432    10750  3.50   -0.987   -0.243   -0.550   -0.803   -0.980
 433    10750  4.00   -1.026   -0.250   -0.553   -0.804   -0.993
 434    10750  4.50   -1.055   -0.261   -0.553   -0.801   -1.004
 435    10750  5.00   -1.071   -0.274   -0.551   -0.794   -1.011
 436    11000  2.00   -0.827   -0.324   -0.597   -0.836   -1.010
 437    11000  2.50   -0.887   -0.295   -0.593   -0.843   -1.015
 438    11000  3.00   -0.940   -0.287   -0.597   -0.851   -1.027
 439    11000  3.50   -0.988   -0.288   -0.601   -0.857   -1.040
 440    11000  4.00   -1.029   -0.295   -0.605   -0.860   -1.054
 441    11000  4.50   -1.061   -0.305   -0.607   -0.859   -1.065
 442    11000  5.00   -1.080   -0.318   -0.606   -0.854   -1.073
 443    11250  2.00   -0.832   -0.371   -0.649   -0.890   -1.071
 444    11250  2.50   -0.889   -0.341   -0.644   -0.895   -1.074
 445    11250  3.00   -0.943   -0.332   -0.647   -0.904   -1.086
 446    11250  3.50   -0.991   -0.334   -0.652   -0.911   -1.100
 447    11250  4.00   -1.033   -0.341   -0.656   -0.915   -1.114
 448    11250  4.50   -1.066   -0.351   -0.659   -0.916   -1.125
 449    11250  5.00   -1.089   -0.363   -0.659   -0.912   -1.134
 450    11500  2.00   -0.839   -0.418   -0.700   -0.943   -1.131
 451    11500  2.50   -0.895   -0.387   -0.694   -0.948   -1.133
 452    11500  3.00   -0.947   -0.378   -0.697   -0.956   -1.144
 453    11500  3.50   -0.996   -0.379   -0.702   -0.963   -1.158
 454    11500  4.00   -1.038   -0.386   -0.707   -0.969   -1.172
 455    11500  4.50   -1.073   -0.396   -0.711   -0.971   -1.184
 456    11500  5.00   -1.098   -0.408   -0.712   -0.969   -1.194
 457    11750  2.00   -0.850   -0.465   -0.751   -0.997   -1.190
 458    11750  2.50   -0.904   -0.433   -0.744   -1.001   -1.192
 459    11750  3.00   -0.955   -0.424   -0.746   -1.008   -1.202
 460    11750  3.50   -1.002   -0.425   -0.751   -1.016   -1.216
 461    11750  4.00   -1.045   -0.431   -0.757   -1.022   -1.230
 462    11750  4.50   -1.081   -0.441   -0.761   -1.025   -1.243
 463    11750  5.00   -1.108   -0.453   -0.764   -1.025   -1.253
 464    12000  2.50   -0.915   -0.479   -0.794   -1.053   -1.250
 465    12000  3.00   -0.964   -0.469   -0.796   -1.060   -1.260
 466    12000  3.50   -1.010   -0.470   -0.801   -1.067   -1.273
 467    12000  4.00   -1.053   -0.476   -0.807   -1.074   -1.287
 468    12000  4.50   -1.089   -0.486   -0.812   -1.078   -1.300
 469    12000  5.00   -1.117   -0.497   -0.815   -1.079   -1.310
 470    12250  2.50   -0.928   -0.524   -0.844   -1.105   -1.307
 471    12250  3.00   -0.976   -0.514   -0.845   -1.112   -1.316
 472    12250  3.50   -1.021   -0.515   -0.850   -1.119   -1.329
 473    12250  4.00   -1.062   -0.521   -0.856   -1.125   -1.343
 474    12250  4.50   -1.099   -0.531   -0.861   -1.130   -1.356
 475    12250  5.00   -1.128   -0.542   -0.865   -1.132   -1.366
 476    12500  2.50   -0.943   -0.570   -0.893   -1.157   -1.364
 477    12500  3.00   -0.989   -0.559   -0.894   -1.163   -1.373
 478    12500  3.50   -1.033   -0.560   -0.899   -1.170   -1.385
 479    12500  4.00   -1.074   -0.566   -0.904   -1.176   -1.398
 480    12500  4.50   -1.110   -0.575   -0.910   -1.182   -1.411
 481    12500  5.00   -1.140   -0.586   -0.914   -1.185   -1.422
 482    12750  2.50   -0.959   -0.614   -0.942   -1.208   -1.419
 483    12750  3.00   -1.005   -0.604   -0.943   -1.214   -1.428
 484    12750  3.50   -1.047   -0.604   -0.947   -1.221   -1.440
 485    12750  4.00   -1.087   -0.610   -0.953   -1.227   -1.453
 486    12750  4.50   -1.122   -0.619   -0.958   -1.233   -1.466
 487    12750  5.00   -1.152   -0.630   -0.963   -1.236   -1.477
 488    13000  2.50   -0.976   -0.659   -0.990   -1.259   -1.474
 489    13000  3.00   -1.022   -0.648   -0.991   -1.265   -1.483
 490    13000  3.50   -1.063   -0.649   -0.996   -1.271   -1.495
 491    13000  4.00   -1.101   -0.654   -1.001   -1.277   -1.507
 492    13000  4.50   -1.136   -0.663   -1.006   -1.283   -1.520
 493    13000  5.00   -1.166   -0.674   -1.011   -1.287   -1.531
 494    14000  2.00   -0.990   -0.866   -1.183   -1.449   -1.684
 495    14000  2.50   -1.052   -0.830   -1.177   -1.454   -1.686
 496    14000  3.00   -1.098   -0.821   -1.179   -1.462   -1.695
 497    14000  3.50   -1.137   -0.822   -1.184   -1.468   -1.706
 498    14000  4.00   -1.172   -0.828   -1.189   -1.474   -1.718
 499    14000  4.50   -1.203   -0.836   -1.194   -1.479   -1.729
 500    14000  5.00   -1.230   -0.846   -1.199   -1.483   -1.740
 501    15000  2.50   -1.129   -0.990   -1.351   -1.638   -1.883
 502    15000  3.00   -1.182   -0.985   -1.358   -1.648   -1.895
 503    15000  3.50   -1.221   -0.987   -1.364   -1.656   -1.906
 504    15000  4.00   -1.255   -0.994   -1.369   -1.662   -1.918
 505    15000  4.50   -1.283   -1.002   -1.375   -1.667   -1.928
 506    15000  5.00   -1.307   -1.012   -1.379   -1.671   -1.938
 507    16000  2.50   -1.204   -1.140   -1.513   -1.808   -2.066
 508    16000  3.00   -1.266   -1.139   -1.525   -1.824   -2.082
 509    16000  3.50   -1.309   -1.143   -1.534   -1.834   -2.095
 510    16000  4.00   -1.342   -1.151   -1.541   -1.841   -2.107
 511    16000  4.50   -1.370   -1.161   -1.547   -1.847   -2.117
 512    16000  5.00   -1.393   -1.171   -1.551   -1.850   -2.126
 513    17000  2.50   -1.274   -1.279   -1.663   -1.965   -2.234
 514    17000  3.00   -1.346   -1.282   -1.681   -1.987   -2.255
 515    17000  3.50   -1.395   -1.290   -1.693   -2.001   -2.272
 516    17000  4.00   -1.430   -1.299   -1.702   -2.010   -2.284
 517    17000  4.50   -1.459   -1.311   -1.710   -2.017   -2.296
 518    17000  5.00   -1.481   -1.322   -1.715   -2.021   -2.305
 519    18000  2.50   -1.336   -1.409   -1.800   -2.108   -2.388
 520    18000  3.00   -1.421   -1.415   -1.825   -2.139   -2.417
 521    18000  3.50   -1.477   -1.428   -1.843   -2.157   -2.437
 522    18000  4.00   -1.515   -1.439   -1.853   -2.168   -2.451
 523    18000  4.50   -1.546   -1.452   -1.863   -2.177   -2.464
 524    18000  5.00   -1.570   -1.465   -1.870   -2.183   -2.473
 525    19000  2.50   -1.393   -1.531   -1.927   -2.239   -2.527
 526    19000  3.00   -1.491   -1.539   -1.959   -2.279   -2.566
 527    19000  3.50   -1.555   -1.557   -1.982   -2.304   -2.592
 528    19000  4.00   -1.596   -1.570   -1.996   -2.317   -2.608
 529    19000  4.50   -1.630   -1.585   -2.007   -2.328   -2.622
 530    19000  5.00   -1.656   -1.600   -2.016   -2.335   -2.633
 531    20000  3.00   -1.555   -1.655   -2.082   -2.408   -2.703
 532    20000  3.50   -1.628   -1.677   -2.112   -2.440   -2.736
 533    20000  4.00   -1.674   -1.693   -2.129   -2.457   -2.755
 534    20000  4.50   -1.709   -1.709   -2.142   -2.469   -2.770
 535    20000  5.00   -1.738   -1.727   -2.154   -2.479   -2.782
 536    21000  3.00   -1.614   -1.763   -2.197   -2.527   -2.829
 537    21000  3.50   -1.696   -1.790   -2.233   -2.567   -2.869
 538    21000  4.00   -1.748   -1.810   -2.255   -2.589   -2.893
 539    21000  4.50   -1.784   -1.827   -2.269   -2.602   -2.909
 540    21000  5.00   -1.816   -1.846   -2.283   -2.614   -2.923
 541    22000  3.00   -1.673   -1.866   -2.305   -2.639   -2.947
 542    22000  3.50   -1.760   -1.896   -2.346   -2.684   -2.993
 543    22000  4.00   -1.818   -1.920   -2.373   -2.712   -3.023
 544    22000  4.50   -1.855   -1.937   -2.388   -2.727   -3.040
 545    22000  5.00   -1.888   -1.958   -2.404   -2.741   -3.056
 546    23000  3.00   -1.733   -1.965   -2.409   -2.747   -3.060
 547    23000  3.50   -1.821   -1.996   -2.452   -2.795   -3.109
 548    23000  4.00   -1.884   -2.023   -2.483   -2.827   -3.143
 549    23000  4.50   -1.924   -2.043   -2.502   -2.845   -3.164
 550    23000  5.00   -1.957   -2.063   -2.517   -2.859   -3.180
 551    24000  3.00   -1.791   -2.058   -2.508   -2.850   -3.168
 552    24000  3.50   -1.881   -2.091   -2.553   -2.900   -3.219
 553    24000  4.00   -1.947   -2.121   -2.587   -2.935   -3.257
 554    24000  4.50   -1.990   -2.143   -2.609   -2.956   -3.280
 555    24000  5.00   -2.022   -2.163   -2.625   -2.971   -3.297
 556    25000  3.00   -1.844   -2.143   -2.599   -2.944   -3.267
 557    25000  3.50   -1.941   -2.181   -2.651   -3.001   -3.325
 558    25000  4.00   -2.008   -2.214   -2.687   -3.038   -3.364
 559    25000  4.50   -2.054   -2.239   -2.710   -3.062   -3.390
 560    25000  5.00   -2.085   -2.258   -2.727   -3.077   -3.407
 561    26000  3.00   -1.893   -2.224   -2.681   -3.027   -3.354
 562    26000  3.50   -1.998   -2.265   -2.742   -3.097   -3.426
 563    26000  4.00   -2.068   -2.302   -2.781   -3.137   -3.467
 564    26000  4.50   -2.116   -2.329   -2.807   -3.163   -3.495
 565    26000  5.00   -2.147   -2.349   -2.825   -3.179   -3.513
 566    27000  3.50   -2.049   -2.342   -2.827   -3.186   -3.519
 567    27000  4.00   -2.125   -2.385   -2.871   -3.231   -3.565
 568    27000  4.50   -2.175   -2.415   -2.900   -3.259   -3.595
 569    27000  5.00   -2.208   -2.436   -2.918   -3.277   -3.614
 570    28000  3.50   -2.095   -2.414   -2.904   -3.266   -3.603
 571    28000  4.00   -2.178   -2.461   -2.955   -3.319   -3.657
 572    28000  4.50   -2.231   -2.495   -2.987   -3.350   -3.690
 573    28000  5.00   -2.266   -2.519   -3.007   -3.369   -3.710
 574    29000  3.50   -2.141   -2.483   -2.977   -3.341   -3.682
 575    29000  4.00   -2.225   -2.531   -3.032   -3.400   -3.742
 576    29000  4.50   -2.283   -2.569   -3.068   -3.435   -3.779
 577    29000  5.00   -2.320   -2.595   -3.091   -3.457   -3.801
 578    30000  3.50   -2.192   -2.555   -3.051   -3.413   -3.757
 579    30000  4.00   -2.269   -2.598   -3.104   -3.475   -3.821
 580    30000  4.50   -2.330   -2.638   -3.144   -3.515   -3.862
 581    30000  5.00   -2.370   -2.667   -3.169   -3.539   -3.887
 582    31000  3.50   -2.253   -2.632   -3.129   -3.489   -3.836
 583    31000  4.00   -2.315   -2.662   -3.174   -3.546   -3.895
 584    31000  4.50   -2.374   -2.702   -3.215   -3.589   -3.939
 585    31000  5.00   -2.416   -2.733   -3.242   -3.615   -3.966
 586    32000  4.00   -2.364   -2.729   -3.244   -3.616   -3.968
 587    32000  4.50   -2.419   -2.765   -3.283   -3.659   -4.012
 588    32000  5.00   -2.461   -2.796   -3.311   -3.687   -4.041
 589    33000  4.00   -2.420   -2.798   -3.317   -3.688   -4.042
 590    33000  4.50   -2.465   -2.828   -3.350   -3.727   -4.083
 591    33000  5.00   -2.505   -2.858   -3.378   -3.756   -4.112
 592    34000  4.00   -2.482   -2.872   -3.392   -3.761   -4.118
 593    34000  4.50   -2.517   -2.893   -3.419   -3.796   -4.154
 594    34000  5.00   -2.551   -2.919   -3.445   -3.824   -4.182
 595    35000  4.00   -2.549   -2.948   -3.471   -3.838   -4.196
 596    35000  4.50   -2.573   -2.961   -3.491   -3.866   -4.226
 597    35000  5.00   -2.602   -2.983   -3.512   -3.891   -4.252
 598    36000  4.00   -2.620   -3.027   -3.552   -3.917   -4.277
 599    36000  4.50   -2.634   -3.031   -3.564   -3.937   -4.300
 600    36000  5.00   -2.657   -3.048   -3.581   -3.960   -4.323
 601    37000  4.00   -2.695   -3.108   -3.634   -3.999   -4.360
 602    37000  4.50   -2.700   -3.105   -3.640   -4.011   -4.376
 603    37000  5.00   -2.715   -3.116   -3.652   -4.029   -4.394
 604    38000  4.00   -2.770   -3.188   -3.717   -4.081   -4.443
 605    38000  4.50   -2.769   -3.180   -3.718   -4.087   -4.454
 606    38000  5.00   -2.778   -3.186   -3.725   -4.100   -4.467
 607    39000  4.00   -2.844   -3.267   -3.798   -4.162   -4.525
 608    39000  4.50   -2.840   -3.256   -3.797   -4.165   -4.533
 609    39000  5.00   -2.845   -3.258   -3.801   -4.173   -4.542
 610    40000  4.50   -2.911   -3.332   -3.875   -4.243   -4.613
 611    40000  5.00   -2.913   -3.331   -3.877   -4.248   -4.619
 612    41000  4.50   -2.982   -3.408   -3.953   -4.321   -4.692
 613    41000  5.00   -2.982   -3.405   -3.953   -4.324   -4.696
 614    42000  4.50   -3.052   -3.481   -4.029   -4.397   -4.769
 615    42000  5.00   -3.051   -3.479   -4.029   -4.399   -4.773
 616    43000  4.50   -3.120   -3.554   -4.103   -4.472   -4.845
 617    43000  5.00   -3.120   -3.551   -4.104   -4.474   -4.849
 618    44000  4.50   -3.187   -3.625   -4.175   -4.544   -4.918
 619    44000  5.00   -3.188   -3.622   -4.177   -4.547   -4.924
 620    45000  4.50   -3.252   -3.694   -4.246   -4.616   -4.990
 621    45000  5.00   -3.254   -3.692   -4.249   -4.619   -4.997
 622    46000  4.50   -3.317   -3.762   -4.315   -4.686   -5.060
 623    46000  5.00   -3.319   -3.760   -4.319   -4.689   -5.068
 624    47000  4.50   -3.380   -3.829   -4.383   -4.754   -5.129
 625    47000  5.00   -3.382   -3.827   -4.387   -4.758   -5.138
 626    48000  4.50   -3.442   -3.894   -4.449   -4.821   -5.197
 627    48000  5.00   -3.445   -3.893   -4.454   -4.826   -5.206
 628    49000  4.50   -3.503   -3.959   -4.514   -4.887   -5.263
 629    49000  5.00   -3.506   -3.958   -4.520   -4.892   -5.272
 630    50000  5.00   -3.567   -4.021   -4.584   -4.958   -5.338
 631    56101  5.00   -3.710   -4.197   -4.724   -5.103   -5.454
 632    62946  5.00   -4.037   -4.536   -5.073   -5.456   -5.811
 633    70627  5.00   -4.370   -4.879   -5.424   -5.812   -6.170
 634    79245  5.00   -4.708   -5.226   -5.779   -6.170   -6.531
 635    88914  5.00   -5.050   -5.576   -6.135   -6.530   -6.894
 636    99763  5.00   -5.396   -5.929   -6.494   -6.892   -7.258
 637   111936  5.00   -5.745   -6.285   -6.854   -7.255   -7.623
 638   125595  5.00   -6.097   -6.643   -7.217   -7.619   -7.989
 639   140920  5.00   -6.452   -7.002   -7.580   -7.985   -8.356
 640   158115  5.00   -6.809   -7.364   -7.945   -8.352   -8.724
 641   177407  5.00   -7.168   -7.727   -8.311   -8.719   -9.093
 642   199055  5.00   -7.529   -8.091   -8.678   -9.088   -9.463
 643   223343  5.00   -7.891   -8.456   -9.046   -9.457   -9.833
 644   250595  5.00   -8.255   -8.823   -9.415   -9.827  -10.203
 645   281172  5.00   -8.620   -9.190   -9.784  -10.197  -10.575
 646   315481  5.00   -8.987   -9.559  -10.154  -10.568  -10.946
 647   353975  5.00   -9.354   -9.928  -10.525  -10.940  -11.318
 648   397167  5.00   -9.722  -10.297  -10.896  -11.311  -11.690
 649   445629  5.00  -10.091  -10.668  -11.267  -11.683  -12.063
 650   500004  5.00  -10.460  -11.038  -11.639  -12.056  -12.436
 651   561014  5.00  -10.830  -11.410  -12.011  -12.428  -12.809
 652   629469  5.00  -11.201  -11.781  -12.384  -12.801  -13.182
 653   706276  5.00  -11.572  -12.153  -12.756  -13.175  -13.556
 654   792455  5.00  -11.944  -12.526  -13.129  -13.548  -13.929
 655   889149  5.00  -12.316  -12.898  -13.503  -13.922  -14.303
 656   997642  5.00  -12.688  -13.271  -13.876  -14.295  -14.677
 657  1119373  5.00  -13.060  -13.644  -14.250  -14.669  -15.051
 658  1255958  5.00  -13.433  -14.018  -14.623  -15.043  -15.425
 659  1409209  5.00  -13.806  -14.391  -14.997  -15.417  -15.799
 660  1581159  5.00  -14.180  -14.765  -15.371  -15.791  -16.174
 661  1774090  5.00  -14.553  -15.139  -15.745  -16.166  -16.548
 662  1990563  5.00  -14.927  -15.513  -16.120  -16.540  -16.922
 663  2233450  5.00  -15.301  -15.887  -16.494  -16.914  -17.297
 664  2505973  5.00  -15.674  -16.261  -16.868  -17.289  -17.672
 665  2811749  5.00  -16.048  -16.635  -17.243  -17.663  -18.046
 666  3154836  5.00  -16.423  -17.010  -17.617  -18.038  -18.421
 667  3539785  5.00  -16.797  -17.384  -17.992  -18.413  -18.796
 668  3971706  5.00  -17.171  -17.759  -18.366  -18.787  -19.170
 669  4456330  5.00  -17.546  -18.133  -18.741  -19.162  -19.545
# BCs for Fluks et al. 1994 M-giant spectra:
#  n     Teff  logg        u        g        r        i        z
   0     3810  0.00   -5.232   -2.180   -0.743   -0.151    0.214
   1     3736  0.00   -5.480   -2.411   -0.956   -0.216    0.214
   2     3666  0.00   -5.741   -2.663   -1.199   -0.300    0.201
   3     3574  0.00   -5.963   -3.071   -1.567   -0.467    0.136
   4     3434  0.00   -6.474   -3.757   -2.226   -0.821    0.018
   5     3309  0.00   -7.001   -4.788   -3.149   -1.410   -0.171
   6     3126  0.00   -7.946   -6.208   -4.480   -2.215   -0.581
   7     2890  0.00   -8.652   -7.675   -5.306   -2.820   -0.984
   8     2667  0.00   -9.374   -8.706   -5.828   -3.150   -1.145
   9     2500  0.00  -10.108   -9.436   -6.407   -3.451   -1.145
