# BCs for ATLAS9 + DUSTY99 + blackbody spectra:
#  n     Teff  logg        u        g        r        i        z
   0      500  3.50  -999999  -75.426  -56.344  -43.599  -32.213
   1      500  4.00  -999999  -74.184  -55.412  -42.855  -31.659
   2      500  4.50  -999999  -73.813  -54.918  -42.260  -31.021
   3      500  5.00  -999999  -71.368  -52.914  -40.544  -29.660
   4      500  5.50  -999999  -68.196  -50.346  -38.398  -28.014
   5      500  6.00  -999999  -64.992  -47.769  -36.268  -26.405
   6      600  3.50  -999999  -61.322  -45.433  -34.897  -25.898
   7      600  4.00  -999999  -60.586  -44.858  -34.431  -25.539
   8      600  4.50  -999999  -62.429  -46.093  -35.198  -25.908
   9      600  5.00  -999999  -60.516  -44.488  -33.794  -24.755
  10      600  5.50  -999999  -58.122  -42.519  -32.115  -23.420
  11      600  6.00  -83.453  -55.492  -40.411  -30.379  -22.083
  12      700  3.50  -73.659  -50.448  -37.000  -28.178  -20.899
  13      700  4.00  -72.828  -49.855  -36.543  -27.815  -20.620
  14      700  4.50  -75.104  -51.333  -37.543  -28.432  -20.928
  15      700  5.00  -73.878  -50.388  -36.722  -27.672  -20.256
  16      700  5.50  -71.387  -48.481  -35.102  -26.217  -19.031
  17      700  6.00  -68.144  -46.061  -33.126  -24.546  -17.712
  18      800  3.50  -60.228  -40.772  -29.414  -22.025  -16.153
  19      800  4.00  -60.458  -40.971  -29.597  -22.194  -16.292
  20      800  4.50  -62.323  -42.205  -30.434  -22.711  -16.583
  21      800  5.00  -61.277  -41.321  -29.620  -21.934  -15.913
  22      800  5.50  -59.737  -39.974  -28.411  -20.852  -15.032
  23      800  6.00  -57.034  -37.827  -26.674  -19.462  -13.977
  24      900  3.50  -48.877  -32.507  -23.057  -17.083  -12.457
  25      900  4.00  -48.985  -32.496  -22.988  -16.969  -12.333
  26      900  4.50  -51.167  -33.915  -23.952  -17.599  -12.746
  27      900  5.00  -49.149  -32.163  -22.457  -16.332  -11.721
  28      900  5.50  -49.234  -32.210  -22.485  -16.348  -11.731
  29     1000  3.50  -43.169  -28.440  -20.001  -14.758  -10.726
  30     1000  4.00  -42.263  -27.729  -19.419  -14.272  -10.328
  31     1000  4.50  -42.328  -27.565  -19.183  -14.007  -10.078
  32     1000  5.00  -42.417  -27.395  -18.946  -13.746   -9.835
  33     1000  5.50  -41.939  -26.931  -18.541  -13.394   -9.538
  34     1000  6.00  -40.268  -25.730  -17.633  -12.695   -8.990
  35     1100  3.50  -37.814  -24.635  -17.121  -12.535   -9.032
  36     1100  4.00  -37.410  -24.323  -16.866  -12.320   -8.853
  37     1100  4.50  -37.378  -24.158  -16.677  -12.126   -8.675
  38     1100  5.00  -36.911  -23.632  -16.187  -11.680   -8.289
  39     1100  5.50  -36.230  -22.979  -15.617  -11.184   -7.870
  40     1100  6.00  -43.583  -28.854  -20.415  -15.172  -11.140
  41     1200  3.50  -33.025  -21.284  -14.570  -10.521   -7.459
  42     1200  4.00  -33.025  -21.284  -14.570  -10.521   -7.459
  43     1200  4.50  -33.025  -21.284  -14.570  -10.521   -7.459
  44     1200  5.00  -33.254  -21.230  -14.422  -10.335   -7.269
  45     1200  6.00  -31.614  -19.808  -13.237   -9.335   -6.434
  46     1300  3.50  -28.790  -18.349  -12.335   -8.746   -6.059
  47     1300  4.00  -28.821  -18.386  -12.367   -8.773   -6.081
  48     1300  4.50  -29.567  -18.859  -12.699   -9.019   -6.266
  49     1300  5.00  -29.588  -18.822  -12.639   -8.951   -6.198
  50     1300  5.50  -29.505  -18.604  -12.414   -8.741   -6.012
  51     1300  6.00  -33.168  -21.497  -14.816  -10.789   -7.743
  52     1400  3.50  -25.259  -15.919  -10.499   -7.299   -4.921
  53     1400  4.00  -25.301  -15.952  -10.523   -7.316   -4.935
  54     1400  4.50  -25.765  -16.240  -10.709   -7.442   -5.018
  55     1400  5.00  -26.244  -16.531  -10.911   -7.591   -5.130
  56     1400  5.50  -26.156  -16.282  -10.659   -7.362   -4.923
  57     1400  6.00  -26.172  -16.287  -10.661   -7.364   -4.924
  58     1500  3.50  -22.608  -14.096   -9.093   -6.154   -3.948
  59     1500  4.00  -22.501  -14.034   -9.068   -6.156   -3.987
  60     1500  4.50  -22.995  -14.315   -9.251   -6.288   -4.099
  61     1500  5.00  -23.214  -14.440   -9.333   -6.347   -4.145
  62     1500  5.50  -23.433  -14.534   -9.384   -6.381   -4.166
  63     1500  6.00  -23.488  -14.512   -9.354   -6.355   -4.139
  64     1600  3.50  -20.702  -12.588   -7.862   -5.116   -2.947
  65     1600  4.00  -20.483  -12.553   -7.881   -5.151   -3.038
  66     1600  4.50  -20.577  -12.608   -7.931   -5.218   -3.161
  67     1600  5.00  -20.679  -12.690   -8.002   -5.289   -3.265
  68     1600  5.50  -20.855  -12.772   -8.056   -5.336   -3.323
  69     1600  6.00  -21.006  -12.830   -8.098   -5.373   -3.359
  70     1700  3.50  -18.968  -11.019   -6.816   -4.212   -2.014
  71     1700  4.00  -18.593  -10.641   -6.446   -3.948   -1.872
  72     1700  4.50  -17.404   -9.707   -5.812   -3.415   -1.417
  73     1700  5.00  -18.457  -10.810   -6.543   -4.026   -2.012
  74     1700  5.50  -18.710  -11.201   -6.844   -4.322   -2.355
  75     1700  6.00  -18.890  -11.363   -6.994   -4.499   -2.599
  76     1800  3.50  -17.527   -9.963   -6.251   -3.690   -1.498
  77     1800  4.00  -17.185   -9.761   -6.039   -3.567   -1.459
  78     1800  4.50  -16.210   -9.064   -5.490   -3.169   -1.187
  79     1800  5.00  -16.087   -9.043   -5.457   -3.134   -1.188
  80     1800  5.50  -16.877   -9.702   -5.825   -3.481   -1.549
  81     1800  6.00  -16.975   -9.805   -5.858   -3.525   -1.603
  82     1900  3.50  -14.996   -8.766   -5.716   -3.156   -0.988
  83     1900  4.00  -16.116   -9.002   -5.726   -3.214   -1.101
  84     1900  4.50  -17.063   -9.589   -5.980   -3.476   -1.406
  85     1900  5.00  -16.059   -8.959   -5.497   -3.129   -1.163
  86     1900  5.50  -16.039   -9.193   -5.593   -3.294   -1.357
  87     1900  6.00  -15.982   -9.228   -5.553   -3.348   -1.455
  88     2000  3.50  -13.075   -8.029   -5.522   -2.869   -0.721
  89     2000  4.00  -14.452   -8.149   -5.382   -2.820   -0.748
  90     2000  4.50  -15.259   -8.234   -5.279   -2.785   -0.777
  91     2000  5.00  -15.694   -8.457   -5.306   -2.865   -0.903
  92     2000  5.50  -15.647   -8.874   -5.474   -3.131   -1.197
  93     2000  6.00  -15.163   -8.696   -5.270   -3.110   -1.236
  94     2100  4.00  -12.780   -7.449   -5.123   -2.524   -0.511
  95     2100  5.00  -14.558   -7.568   -4.868   -2.391   -0.507
  96     2100  5.50  -15.276   -8.144   -5.126   -2.697   -0.801
  97     2100  6.00  -15.070   -8.455   -5.206   -2.957   -1.049
  98     2200  3.50  -10.055   -6.616   -4.893   -2.265   -0.298
  99     2200  4.00  -11.206   -6.771   -4.809   -2.228   -0.310
 100     2200  4.50  -12.532   -6.942   -4.776   -2.191   -0.310
 101     2200  5.00  -13.703   -7.082   -4.689   -2.145   -0.328
 102     2200  5.50  -14.523   -7.397   -4.760   -2.266   -0.464
 103     2200  6.00  -14.607   -7.527   -4.723   -2.386   -0.551
 104     2300  3.50   -9.020   -6.025   -4.487   -1.962   -0.144
 105     2300  4.00  -10.014   -6.177   -4.436   -1.931   -0.151
 106     2300  4.50  -11.285   -6.396   -4.476   -1.922   -0.157
 107     2300  5.00  -12.681   -6.607   -4.457   -1.900   -0.182
 108     2300  5.50  -13.717   -6.809   -4.473   -1.937   -0.240
 109     2300  6.00  -13.977   -6.904   -4.397   -1.986   -0.280
 110     2400  3.50   -8.222   -5.499   -4.033   -1.665   -0.016
 111     2400  4.00   -9.039   -5.633   -4.014   -1.641   -0.020
 112     2400  4.50  -10.140   -5.851   -4.104   -1.648   -0.021
 113     2400  5.50  -12.632   -6.256   -4.159   -1.627   -0.054
 114     2400  6.00  -13.403   -6.453   -4.160   -1.704   -0.122
 115     2500  3.50   -7.683   -5.068   -3.591   -1.402    0.075
 116     2500  4.00   -8.307   -5.157   -3.577   -1.372    0.082
 117     2500  4.50   -9.237   -5.369   -3.713   -1.396    0.084
 118     2500  5.00  -10.386   -5.565   -3.763   -1.371    0.089
 119     2500  5.50  -11.665   -5.796   -3.839   -1.374    0.064
 120     2500  6.00  -12.595   -5.991   -3.875   -1.421    0.020
 121     2600  3.50   -7.258   -4.696   -3.199   -1.180    0.144
 122     2600  4.00   -7.747   -4.747   -3.174   -1.143    0.157
 123     2600  4.50   -8.517   -4.935   -3.322   -1.167    0.167
 124     2600  5.00   -9.444   -5.096   -3.366   -1.142    0.179
 125     2600  5.50  -10.636   -5.322   -3.463   -1.140    0.168
 126     2600  6.00  -11.692   -5.560   -3.560   -1.179    0.125
 127     2700  3.50   -6.917   -4.388   -2.886   -1.011    0.190
 128     2700  4.00   -7.279   -4.386   -2.821   -0.954    0.215
 129     2700  4.50   -7.903   -4.537   -2.953   -0.968    0.234
 130     2700  5.00   -8.668   -4.672   -2.985   -0.945    0.246
 131     2700  5.50   -9.699   -4.877   -3.080   -0.938    0.245
 132     2700  6.00  -10.776   -5.117   -3.201   -0.959    0.217
 133     2800  5.00  -10.704   -4.186   -2.066   -0.318    0.434
 134     2800  5.50  -11.624   -4.315   -2.086   -0.231    0.509
 135     2900  5.00   -9.800   -3.846   -1.788   -0.267    0.417
 136     2900  5.50  -10.661   -3.974   -1.836   -0.190    0.483
 137     3000  5.00   -8.979   -3.536   -1.540   -0.218    0.403
 138     3000  5.50   -9.775   -3.663   -1.602   -0.153    0.460
 139     3100  5.00   -8.231   -3.257   -1.323   -0.173    0.392
 140     3100  5.50   -8.936   -3.379   -1.387   -0.119    0.439
 141     3200  5.00   -7.578   -3.009   -1.139   -0.133    0.385
 142     3200  5.50   -8.176   -3.119   -1.194   -0.088    0.423
 143     3300  5.00   -7.009   -2.782   -0.980   -0.092    0.382
 144     3300  5.50   -7.478   -2.878   -1.023   -0.058    0.412
 145     3400  5.00   -6.516   -2.577   -0.843   -0.053    0.382
 146     3400  5.50   -6.844   -2.657   -0.875   -0.028    0.404
 147     3500  5.00   -6.089   -2.388   -0.727   -0.016    0.382
 148     3500  5.50   -6.274   -2.453   -0.748    0.001    0.399
 149     3600  5.00   -5.696   -2.216   -0.629    0.015    0.381
 150     3600  5.50   -5.787   -2.268   -0.642    0.028    0.394
 151     3700  5.00   -5.330   -2.054   -0.549    0.043    0.380
 152     3700  5.50   -5.399   -2.106   -0.559    0.051    0.388
 153     3800  5.00   -5.002   -1.901   -0.482    0.066    0.379
 154     3800  5.50   -5.084   -1.943   -0.477    0.081    0.393
 155     3500  0.00   -6.972   -3.068   -1.104   -0.297    0.189
 156     3500  0.50   -6.421   -2.752   -0.952   -0.221    0.231
 157     3500  1.00   -5.869   -2.480   -0.823   -0.150    0.277
 158     3500  1.50   -5.373   -2.268   -0.719   -0.085    0.323
 159     3500  2.00   -5.020   -2.153   -0.655   -0.033    0.363
 160     3500  2.50   -4.818   -2.104   -0.617    0.004    0.393
 161     3500  3.00   -4.717   -2.081   -0.593    0.025    0.409
 162     3500  3.50   -4.711   -2.088   -0.579    0.038    0.419
 163     3500  4.00   -4.791   -2.126   -0.571    0.048    0.426
 164     3500  4.50   -4.945   -2.182   -0.564    0.062    0.437
 165     3500  5.00   -5.178   -2.242   -0.555    0.087    0.458
 166     3750  0.00   -6.240   -2.587   -0.855   -0.162    0.244
 167     3750  0.50   -5.811   -2.365   -0.775   -0.144    0.237
 168     3750  1.00   -5.360   -2.174   -0.704   -0.120    0.244
 169     3750  1.50   -4.929   -2.013   -0.636   -0.085    0.264
 170     3750  2.00   -4.575   -1.889   -0.574   -0.044    0.294
 171     3750  2.50   -4.356   -1.824   -0.529    0.000    0.334
 172     3750  3.00   -4.221   -1.791   -0.495    0.039    0.370
 173     3750  3.50   -4.165   -1.782   -0.475    0.061    0.389
 174     3750  4.00   -4.170   -1.786   -0.458    0.079    0.404
 175     3750  4.50   -4.244   -1.814   -0.444    0.094    0.416
 176     3750  5.00   -4.382   -1.857   -0.430    0.112    0.430
 177     4000  0.00   -5.373   -2.088   -0.585    0.002    0.334
 178     4000  0.50   -4.978   -1.903   -0.535   -0.001    0.311
 179     4000  1.00   -4.591   -1.759   -0.504   -0.007    0.293
 180     4000  1.50   -4.257   -1.656   -0.482   -0.011    0.281
 181     4000  2.00   -4.002   -1.587   -0.463   -0.009    0.278
 182     4000  2.50   -3.835   -1.542   -0.437    0.008    0.290
 183     4000  3.00   -3.751   -1.521   -0.408    0.042    0.321
 184     4000  3.50   -3.699   -1.506   -0.377    0.080    0.357
 185     4000  4.00   -3.672   -1.499   -0.353    0.108    0.383
 186     4000  4.50   -3.693   -1.507   -0.338    0.126    0.399
 187     4000  5.00   -3.766   -1.531   -0.324    0.142    0.412
 188     4250  0.00   -4.499   -1.662   -0.374    0.118    0.388
 189     4250  0.50   -4.167   -1.522   -0.343    0.108    0.363
 190     4250  1.00   -3.846   -1.410   -0.325    0.095    0.340
 191     4250  1.50   -3.573   -1.328   -0.316    0.083    0.322
 192     4250  2.00   -3.368   -1.273   -0.310    0.075    0.310
 193     4250  2.50   -3.236   -1.240   -0.304    0.073    0.306
 194     4250  3.00   -3.170   -1.225   -0.293    0.081    0.311
 195     4250  3.50   -3.165   -1.227   -0.277    0.103    0.333
 196     4250  4.00   -3.185   -1.233   -0.259    0.129    0.358
 197     4250  4.50   -3.210   -1.240   -0.244    0.150    0.378
 198     4250  5.00   -3.249   -1.251   -0.231    0.167    0.393
 199     4500  0.00   -3.673   -1.286   -0.213    0.189    0.402
 200     4500  0.50   -3.423   -1.199   -0.202    0.175    0.379
 201     4500  1.00   -3.189   -1.127   -0.196    0.159    0.358
 202     4500  1.50   -2.990   -1.072   -0.193    0.146    0.340
 203     4500  2.00   -2.840   -1.034   -0.193    0.136    0.327
 204     4500  2.50   -2.745   -1.011   -0.191    0.131    0.320
 205     4500  3.00   -2.699   -0.999   -0.187    0.132    0.319
 206     4500  3.50   -2.692   -0.996   -0.179    0.141    0.326
 207     4500  4.00   -2.715   -1.002   -0.167    0.157    0.342
 208     4500  4.50   -2.755   -1.010   -0.155    0.176    0.361
 209     4500  5.00   -2.802   -1.019   -0.143    0.193    0.377
 210     4750  0.00   -3.000   -0.968   -0.100    0.221    0.385
 211     4750  0.50   -2.797   -0.920   -0.103    0.204    0.364
 212     4750  1.00   -2.618   -0.884   -0.108    0.187    0.344
 213     4750  1.50   -2.470   -0.857   -0.113    0.173    0.328
 214     4750  2.00   -2.362   -0.839   -0.117    0.163    0.316
 215     4750  2.50   -2.297   -0.827   -0.118    0.157    0.309
 216     4750  3.00   -2.271   -0.821   -0.115    0.157    0.308
 217     4750  3.50   -2.274   -0.820   -0.109    0.163    0.312
 218     4750  4.00   -2.296   -0.822   -0.101    0.174    0.322
 219     4750  4.50   -2.333   -0.828   -0.091    0.188    0.335
 220     4750  5.00   -2.379   -0.835   -0.081    0.203    0.350
 221     5000  0.00   -2.517   -0.721   -0.026    0.227    0.352
 222     5000  0.50   -2.349   -0.698   -0.037    0.208    0.331
 223     5000  1.00   -2.199   -0.683   -0.048    0.191    0.313
 224     5000  1.50   -2.075   -0.676   -0.059    0.177    0.297
 225     5000  2.00   -1.982   -0.674   -0.068    0.165    0.286
 226     5000  2.50   -1.923   -0.674   -0.073    0.159    0.279
 227     5000  3.00   -1.899   -0.676   -0.073    0.158    0.277
 228     5000  3.50   -1.905   -0.678   -0.067    0.163    0.281
 229     5000  4.00   -1.929   -0.681   -0.059    0.173    0.290
 230     5000  4.50   -1.963   -0.686   -0.050    0.186    0.302
 231     5000  5.00   -2.001   -0.690   -0.040    0.199    0.315
 232     5250  0.00   -2.173   -0.529    0.022    0.216    0.312
 233     5250  0.50   -2.039   -0.525    0.006    0.199    0.291
 234     5250  1.00   -1.917   -0.526   -0.009    0.182    0.273
 235     5250  1.50   -1.812   -0.532   -0.024    0.167    0.258
 236     5250  2.00   -1.727   -0.541   -0.037    0.154    0.245
 237     5250  2.50   -1.665   -0.551   -0.047    0.145    0.237
 238     5250  3.00   -1.628   -0.560   -0.051    0.141    0.233
 239     5250  3.50   -1.620   -0.567   -0.049    0.144    0.235
 240     5250  4.00   -1.634   -0.572   -0.042    0.153    0.243
 241     5250  4.50   -1.662   -0.577   -0.032    0.166    0.255
 242     5250  5.00   -1.695   -0.580   -0.021    0.180    0.268
 243     5500  0.00   -1.925   -0.376    0.051    0.194    0.267
 244     5500  0.50   -1.822   -0.386    0.035    0.179    0.247
 245     5500  1.00   -1.723   -0.398    0.018    0.165    0.230
 246     5500  1.50   -1.635   -0.414    0.001    0.151    0.215
 247     5500  2.00   -1.559   -0.432   -0.015    0.137    0.202
 248     5500  2.50   -1.498   -0.451   -0.029    0.126    0.191
 249     5500  3.00   -1.451   -0.467   -0.040    0.118    0.184
 250     5500  3.50   -1.423   -0.480   -0.043    0.116    0.183
 251     5500  4.00   -1.417   -0.487   -0.040    0.122    0.188
 252     5500  4.50   -1.430   -0.492   -0.031    0.133    0.198
 253     5500  5.00   -1.453   -0.496   -0.019    0.147    0.211
 254     5750  0.00   -1.740   -0.250    0.068    0.162    0.219
 255     5750  0.50   -1.666   -0.269    0.052    0.152    0.202
 256     5750  1.00   -1.589   -0.290    0.035    0.141    0.186
 257     5750  1.50   -1.515   -0.313    0.018    0.129    0.171
 258     5750  2.00   -1.447   -0.339    0.000    0.116    0.157
 259     5750  2.50   -1.388   -0.365   -0.017    0.103    0.145
 260     5750  3.00   -1.338   -0.389   -0.031    0.093    0.135
 261     5750  3.50   -1.298   -0.408   -0.041    0.087    0.130
 262     5750  4.00   -1.273   -0.421   -0.044    0.087    0.130
 263     5750  4.50   -1.266   -0.428   -0.038    0.094    0.138
 264     5750  5.00   -1.274   -0.432   -0.028    0.107    0.150
 265     6000  0.00   -1.597   -0.143    0.073    0.122    0.170
 266     6000  0.50   -1.551   -0.168    0.061    0.119    0.155
 267     6000  1.00   -1.494   -0.195    0.046    0.112    0.140
 268     6000  1.50   -1.433   -0.225    0.030    0.103    0.126
 269     6000  2.00   -1.374   -0.256    0.012    0.092    0.112
 270     6000  2.50   -1.318   -0.288   -0.007    0.079    0.099
 271     6000  3.00   -1.266   -0.319   -0.025    0.067    0.087
 272     6000  3.50   -1.220   -0.345   -0.040    0.058    0.079
 273     6000  4.00   -1.182   -0.365   -0.049    0.053    0.075
 274     6000  4.50   -1.157   -0.378   -0.049    0.055    0.078
 275     6000  5.00   -1.148   -0.384   -0.043    0.064    0.087
 276     6250  0.50   -1.459   -0.080    0.062    0.078    0.107
 277     6250  1.00   -1.422   -0.111    0.051    0.077    0.094
 278     6250  1.50   -1.376   -0.145    0.037    0.072    0.080
 279     6250  2.00   -1.325   -0.180    0.019    0.064    0.066
 280     6250  2.50   -1.273   -0.218   -0.000    0.053    0.053
 281     6250  3.00   -1.222   -0.254   -0.020    0.041    0.040
 282     6250  3.50   -1.173   -0.288   -0.039    0.029    0.029
 283     6250  4.00   -1.127   -0.315   -0.053    0.021    0.022
 284     6250  4.50   -1.089   -0.335   -0.060    0.017    0.020
 285     6250  5.00   -1.063   -0.346   -0.060    0.021    0.024
 286     6500  0.50   -1.375   -0.001    0.052    0.029    0.054
 287     6500  1.00   -1.363   -0.036    0.049    0.036    0.045
 288     6500  1.50   -1.332   -0.073    0.038    0.037    0.033
 289     6500  2.00   -1.292   -0.112    0.022    0.032    0.020
 290     6500  2.50   -1.245   -0.152    0.003    0.024    0.006
 291     6500  3.00   -1.196   -0.194   -0.018    0.012   -0.007
 292     6500  3.50   -1.146   -0.233   -0.039    0.000   -0.020
 293     6500  4.00   -1.096   -0.268   -0.057   -0.011   -0.030
 294     6500  4.50   -1.049   -0.295   -0.070   -0.018   -0.035
 295     6500  5.00   -1.010   -0.313   -0.076   -0.019   -0.035
 296     6750  0.50   -1.299    0.061    0.040   -0.020    0.002
 297     6750  1.00   -1.306    0.031    0.036   -0.012   -0.007
 298     6750  1.50   -1.294   -0.008    0.033   -0.004   -0.015
 299     6750  2.00   -1.265   -0.049    0.021   -0.004   -0.027
 300     6750  2.50   -1.228   -0.092    0.004   -0.009   -0.041
 301     6750  3.00   -1.183   -0.137   -0.017   -0.018   -0.055
 302     6750  3.50   -1.133   -0.182   -0.039   -0.030   -0.068
 303     6750  4.00   -1.081   -0.223   -0.061   -0.042   -0.080
 304     6750  4.50   -1.029   -0.257   -0.079   -0.052   -0.088
 305     6750  5.00   -0.981   -0.283   -0.090   -0.058   -0.092
 306     7000  0.50   -1.229    0.104    0.027   -0.067   -0.048
 307     7000  1.00   -1.249    0.083    0.022   -0.061   -0.059
 308     7000  1.50   -1.254    0.051    0.018   -0.052   -0.068
 309     7000  2.00   -1.242    0.008    0.014   -0.045   -0.077
 310     7000  2.50   -1.214   -0.038    0.000   -0.045   -0.089
 311     7000  3.00   -1.175   -0.085   -0.019   -0.051   -0.103
 312     7000  3.50   -1.129   -0.133   -0.042   -0.061   -0.117
 313     7000  4.00   -1.078   -0.179   -0.065   -0.073   -0.130
 314     7000  4.50   -1.022   -0.220   -0.086   -0.085   -0.140
 315     7000  5.00   -0.968   -0.254   -0.103   -0.094   -0.147
 316     7250  0.50   -1.163    0.127    0.013   -0.111   -0.098
 317     7250  1.00   -1.193    0.118    0.006   -0.108   -0.109
 318     7250  1.50   -1.213    0.094    0.001   -0.101   -0.121
 319     7250  2.00   -1.217    0.058   -0.003   -0.092   -0.131
 320     7250  2.50   -1.201    0.011   -0.009   -0.086   -0.140
 321     7250  3.00   -1.171   -0.037   -0.025   -0.088   -0.153
 322     7250  3.50   -1.130   -0.087   -0.046   -0.095   -0.166
 323     7250  4.00   -1.081   -0.137   -0.070   -0.106   -0.180
 324     7250  4.50   -1.025   -0.184   -0.094   -0.118   -0.191
 325     7250  5.00   -0.968   -0.225   -0.115   -0.130   -0.200
 326     7500  0.50   -1.105    0.118   -0.001   -0.147   -0.147
 327     7500  1.00   -1.138    0.134   -0.015   -0.155   -0.162
 328     7500  1.50   -1.169    0.119   -0.018   -0.149   -0.173
 329     7500  2.00   -1.186    0.092   -0.023   -0.142   -0.185
 330     7500  2.50   -1.185    0.053   -0.028   -0.134   -0.195
 331     7500  3.00   -1.166    0.005   -0.036   -0.129   -0.204
 332     7500  3.50   -1.132   -0.047   -0.054   -0.131   -0.217
 333     7500  4.00   -1.088   -0.099   -0.077   -0.140   -0.230
 334     7500  4.50   -1.034   -0.150   -0.102   -0.151   -0.242
 335     7500  5.00   -0.976   -0.196   -0.126   -0.164   -0.252
 336     7750  1.00   -1.084    0.129   -0.040   -0.200   -0.215
 337     7750  1.50   -1.123    0.128   -0.044   -0.198   -0.227
 338     7750  2.00   -1.153    0.109   -0.047   -0.191   -0.239
 339     7750  2.50   -1.166    0.079   -0.052   -0.184   -0.251
 340     7750  3.00   -1.159    0.038   -0.058   -0.177   -0.260
 341     7750  3.50   -1.134   -0.012   -0.067   -0.173   -0.269
 342     7750  4.00   -1.095   -0.064   -0.087   -0.177   -0.281
 343     7750  4.50   -1.046   -0.118   -0.111   -0.186   -0.293
 344     7750  5.00   -0.989   -0.169   -0.137   -0.198   -0.304
 345     8000  1.00   -1.035    0.097   -0.071   -0.242   -0.272
 346     8000  1.50   -1.079    0.119   -0.076   -0.247   -0.284
 347     8000  2.00   -1.118    0.110   -0.077   -0.242   -0.296
 348     8000  2.50   -1.142    0.088   -0.080   -0.235   -0.308
 349     8000  3.00   -1.149    0.056   -0.086   -0.229   -0.319
 350     8000  3.50   -1.135    0.014   -0.091   -0.221   -0.327
 351     8000  4.00   -1.102   -0.036   -0.102   -0.218   -0.335
 352     8000  4.50   -1.058   -0.090   -0.123   -0.223   -0.345
 353     8000  5.00   -1.004   -0.144   -0.149   -0.234   -0.356
 354     8250  1.00   -0.988    0.034   -0.113   -0.284   -0.337
 355     8250  1.50   -1.035    0.093   -0.113   -0.297   -0.343
 356     8250  2.00   -1.081    0.097   -0.114   -0.295   -0.355
 357     8250  2.50   -1.116    0.082   -0.115   -0.288   -0.367
 358     8250  3.00   -1.135    0.057   -0.118   -0.281   -0.378
 359     8250  3.50   -1.134    0.024   -0.124   -0.275   -0.388
 360     8250  4.00   -1.110   -0.018   -0.128   -0.267   -0.394
 361     8250  4.50   -1.070   -0.068   -0.141   -0.265   -0.400
 362     8250  5.00   -1.020   -0.122   -0.164   -0.271   -0.409
 363     8500  1.50   -0.998    0.051   -0.156   -0.348   -0.406
 364     8500  2.00   -1.046    0.070   -0.155   -0.348   -0.416
 365     8500  2.50   -1.090    0.064   -0.155   -0.343   -0.428
 366     8500  3.00   -1.118    0.046   -0.156   -0.336   -0.440
 367     8500  3.50   -1.128    0.019   -0.160   -0.330   -0.450
 368     8500  4.00   -1.117   -0.015   -0.165   -0.323   -0.457
 369     8500  4.50   -1.082   -0.056   -0.168   -0.313   -0.460
 370     8500  5.00   -1.036   -0.106   -0.183   -0.313   -0.465
 371     8750  1.50   -0.965   -0.002   -0.207   -0.401   -0.473
 372     8750  2.00   -1.014    0.032   -0.202   -0.404   -0.479
 373     8750  2.50   -1.062    0.035   -0.200   -0.400   -0.490
 374     8750  3.00   -1.099    0.024   -0.200   -0.393   -0.502
 375     8750  3.50   -1.119    0.004   -0.201   -0.387   -0.513
 376     8750  4.00   -1.120   -0.025   -0.204   -0.380   -0.522
 377     8750  4.50   -1.097   -0.060   -0.207   -0.371   -0.525
 378     8750  5.00   -1.053   -0.099   -0.210   -0.361   -0.524
 379     9000  1.50   -0.943   -0.059   -0.262   -0.458   -0.545
 380     9000  2.00   -0.992   -0.014   -0.253   -0.460   -0.545
 381     9000  2.50   -1.039   -0.002   -0.250   -0.458   -0.555
 382     9000  3.00   -1.081   -0.007   -0.248   -0.452   -0.567
 383     9000  3.50   -1.110   -0.022   -0.247   -0.445   -0.578
 384     9000  4.00   -1.121   -0.044   -0.248   -0.438   -0.587
 385     9000  4.50   -1.109   -0.074   -0.251   -0.430   -0.592
 386     9000  5.00   -1.071   -0.107   -0.250   -0.418   -0.590
 387     9250  2.00   -0.977   -0.064   -0.307   -0.518   -0.613
 388     9250  2.50   -1.024   -0.046   -0.302   -0.517   -0.621
 389     9250  3.00   -1.067   -0.046   -0.299   -0.512   -0.632
 390     9250  3.50   -1.101   -0.055   -0.297   -0.505   -0.643
 391     9250  4.00   -1.119   -0.072   -0.296   -0.497   -0.652
 392     9250  4.50   -1.116   -0.096   -0.297   -0.489   -0.658
 393     9250  5.00   -1.092   -0.127   -0.298   -0.480   -0.659
 394     9500  2.00   -0.968   -0.115   -0.362   -0.577   -0.682
 395     9500  2.50   -1.014   -0.094   -0.357   -0.577   -0.688
 396     9500  3.00   -1.058   -0.089   -0.353   -0.573   -0.698
 397     9500  3.50   -1.093   -0.094   -0.350   -0.566   -0.708
 398     9500  4.00   -1.116   -0.106   -0.347   -0.558   -0.717
 399     9500  4.50   -1.122   -0.126   -0.346   -0.549   -0.724
 400     9500  5.00   -1.108   -0.152   -0.346   -0.540   -0.726
 401     9750  2.00   -0.963   -0.167   -0.417   -0.635   -0.750
 402     9750  2.50   -1.010   -0.143   -0.412   -0.636   -0.755
 403     9750  3.00   -1.053   -0.136   -0.408   -0.634   -0.765
 404     9750  3.50   -1.090   -0.138   -0.404   -0.628   -0.775
 405     9750  4.00   -1.117   -0.146   -0.401   -0.620   -0.784
 406     9750  4.50   -1.128   -0.161   -0.397   -0.610   -0.790
 407     9750  5.00   -1.121   -0.183   -0.396   -0.601   -0.793
 408    10000  2.00   -0.962   -0.218   -0.472   -0.693   -0.818
 409    10000  2.50   -1.010   -0.194   -0.467   -0.695   -0.822
 410    10000  3.00   -1.053   -0.185   -0.464   -0.694   -0.831
 411    10000  3.50   -1.091   -0.184   -0.460   -0.689   -0.841
 412    10000  4.00   -1.120   -0.190   -0.456   -0.682   -0.850
 413    10000  4.50   -1.135   -0.201   -0.451   -0.672   -0.857
 414    10000  5.00   -1.132   -0.218   -0.448   -0.662   -0.859
 415    10250  2.00   -0.964   -0.269   -0.527   -0.751   -0.885
 416    10250  2.50   -1.013   -0.244   -0.522   -0.754   -0.889
 417    10250  3.00   -1.056   -0.234   -0.519   -0.754   -0.897
 418    10250  3.50   -1.094   -0.232   -0.516   -0.750   -0.907
 419    10250  4.00   -1.124   -0.236   -0.512   -0.744   -0.916
 420    10250  4.50   -1.142   -0.244   -0.507   -0.734   -0.922
 421    10250  5.00   -1.144   -0.258   -0.502   -0.724   -0.925
 422    10500  2.00   -0.968   -0.319   -0.581   -0.808   -0.951
 423    10500  2.50   -1.018   -0.294   -0.577   -0.812   -0.954
 424    10500  3.00   -1.062   -0.283   -0.574   -0.813   -0.962
 425    10500  3.50   -1.100   -0.281   -0.572   -0.810   -0.972
 426    10500  4.00   -1.131   -0.283   -0.568   -0.805   -0.981
 427    10500  4.50   -1.151   -0.290   -0.563   -0.796   -0.988
 428    10500  5.00   -1.156   -0.300   -0.556   -0.785   -0.991
 429    10750  2.00   -0.974   -0.369   -0.635   -0.865   -1.016
 430    10750  2.50   -1.026   -0.343   -0.631   -0.869   -1.019
 431    10750  3.00   -1.070   -0.333   -0.629   -0.871   -1.027
 432    10750  3.50   -1.108   -0.330   -0.627   -0.870   -1.036
 433    10750  4.00   -1.139   -0.331   -0.624   -0.865   -1.045
 434    10750  4.50   -1.161   -0.336   -0.619   -0.857   -1.052
 435    10750  5.00   -1.169   -0.345   -0.612   -0.847   -1.056
 436    11000  2.00   -0.982   -0.418   -0.688   -0.921   -1.080
 437    11000  2.50   -1.035   -0.392   -0.684   -0.926   -1.083
 438    11000  3.00   -1.079   -0.382   -0.683   -0.928   -1.091
 439    11000  3.50   -1.118   -0.379   -0.682   -0.928   -1.100
 440    11000  4.00   -1.149   -0.380   -0.679   -0.924   -1.109
 441    11000  4.50   -1.172   -0.384   -0.674   -0.918   -1.116
 442    11000  5.00   -1.183   -0.391   -0.668   -0.907   -1.120
 443    11250  2.00   -0.992   -0.466   -0.741   -0.976   -1.142
 444    11250  2.50   -1.046   -0.440   -0.737   -0.981   -1.145
 445    11250  3.00   -1.091   -0.431   -0.737   -0.985   -1.153
 446    11250  3.50   -1.129   -0.428   -0.736   -0.986   -1.162
 447    11250  4.00   -1.161   -0.428   -0.733   -0.983   -1.171
 448    11250  4.50   -1.185   -0.432   -0.729   -0.977   -1.178
 449    11250  5.00   -1.197   -0.437   -0.723   -0.968   -1.183
 450    11500  2.00   -1.003   -0.514   -0.793   -1.031   -1.203
 451    11500  2.50   -1.058   -0.488   -0.789   -1.037   -1.207
 452    11500  3.00   -1.103   -0.479   -0.790   -1.041   -1.215
 453    11500  3.50   -1.142   -0.476   -0.789   -1.042   -1.224
 454    11500  4.00   -1.173   -0.477   -0.787   -1.040   -1.233
 455    11500  4.50   -1.198   -0.480   -0.784   -1.035   -1.240
 456    11500  5.00   -1.212   -0.484   -0.778   -1.027   -1.244
 457    11750  2.00   -1.016   -0.562   -0.844   -1.085   -1.264
 458    11750  2.50   -1.071   -0.536   -0.841   -1.091   -1.267
 459    11750  3.00   -1.117   -0.527   -0.842   -1.096   -1.276
 460    11750  3.50   -1.156   -0.524   -0.842   -1.098   -1.285
 461    11750  4.00   -1.187   -0.525   -0.841   -1.097   -1.294
 462    11750  4.50   -1.212   -0.527   -0.837   -1.092   -1.301
 463    11750  5.00   -1.227   -0.531   -0.832   -1.085   -1.305
 464    12000  2.50   -1.086   -0.582   -0.892   -1.145   -1.327
 465    12000  3.00   -1.133   -0.574   -0.893   -1.150   -1.336
 466    12000  3.50   -1.171   -0.572   -0.894   -1.153   -1.345
 467    12000  4.00   -1.203   -0.572   -0.893   -1.152   -1.354
 468    12000  4.50   -1.227   -0.575   -0.890   -1.149   -1.361
 469    12000  5.00   -1.242   -0.578   -0.885   -1.142   -1.365
 470    12250  2.50   -1.102   -0.628   -0.943   -1.198   -1.385
 471    12250  3.00   -1.149   -0.620   -0.944   -1.204   -1.394
 472    12250  3.50   -1.188   -0.618   -0.946   -1.207   -1.404
 473    12250  4.00   -1.219   -0.619   -0.945   -1.207   -1.412
 474    12250  4.50   -1.243   -0.622   -0.943   -1.204   -1.419
 475    12250  5.00   -1.259   -0.625   -0.938   -1.198   -1.424
 476    12500  2.50   -1.119   -0.674   -0.992   -1.251   -1.443
 477    12500  3.00   -1.166   -0.666   -0.995   -1.257   -1.452
 478    12500  3.50   -1.205   -0.665   -0.996   -1.260   -1.462
 479    12500  4.00   -1.236   -0.666   -0.996   -1.261   -1.470
 480    12500  4.50   -1.260   -0.668   -0.994   -1.258   -1.477
 481    12500  5.00   -1.276   -0.671   -0.990   -1.253   -1.482
 482    12750  2.50   -1.136   -0.719   -1.041   -1.302   -1.500
 483    12750  3.00   -1.184   -0.711   -1.044   -1.309   -1.509
 484    12750  3.50   -1.223   -0.710   -1.046   -1.313   -1.519
 485    12750  4.00   -1.253   -0.711   -1.046   -1.314   -1.527
 486    12750  4.50   -1.277   -0.714   -1.045   -1.312   -1.534
 487    12750  5.00   -1.293   -0.717   -1.041   -1.307   -1.539
 488    13000  2.50   -1.154   -0.763   -1.090   -1.353   -1.555
 489    13000  3.00   -1.202   -0.756   -1.093   -1.361   -1.565
 490    13000  3.50   -1.241   -0.755   -1.096   -1.365   -1.575
 491    13000  4.00   -1.272   -0.757   -1.096   -1.366   -1.584
 492    13000  4.50   -1.295   -0.760   -1.095   -1.364   -1.591
 493    13000  5.00   -1.311   -0.763   -1.091   -1.360   -1.595
 494    14000  2.00   -1.162   -0.961   -1.276   -1.539   -1.762
 495    14000  2.50   -1.229   -0.933   -1.276   -1.549   -1.768
 496    14000  3.00   -1.281   -0.928   -1.282   -1.559   -1.780
 497    14000  3.50   -1.320   -0.930   -1.286   -1.565   -1.790
 498    14000  4.00   -1.350   -0.932   -1.288   -1.567   -1.799
 499    14000  4.50   -1.373   -0.936   -1.287   -1.567   -1.806
 500    14000  5.00   -1.388   -0.939   -1.285   -1.563   -1.811
 501    15000  2.50   -1.305   -1.093   -1.450   -1.732   -1.966
 502    15000  3.00   -1.361   -1.090   -1.459   -1.745   -1.980
 503    15000  3.50   -1.403   -1.094   -1.465   -1.753   -1.992
 504    15000  4.00   -1.433   -1.098   -1.468   -1.757   -2.002
 505    15000  4.50   -1.455   -1.102   -1.469   -1.757   -2.009
 506    15000  5.00   -1.470   -1.105   -1.467   -1.755   -2.013
 507    16000  2.50   -1.378   -1.243   -1.612   -1.903   -2.150
 508    16000  3.00   -1.440   -1.242   -1.624   -1.919   -2.166
 509    16000  3.50   -1.485   -1.248   -1.633   -1.930   -2.180
 510    16000  4.00   -1.517   -1.254   -1.638   -1.935   -2.191
 511    16000  4.50   -1.539   -1.259   -1.640   -1.936   -2.199
 512    16000  5.00   -1.553   -1.263   -1.639   -1.935   -2.203
 513    17000  2.50   -1.449   -1.385   -1.765   -2.062   -2.321
 514    17000  3.00   -1.517   -1.385   -1.779   -2.082   -2.340
 515    17000  3.50   -1.566   -1.393   -1.791   -2.095   -2.357
 516    17000  4.00   -1.600   -1.401   -1.798   -2.103   -2.368
 517    17000  4.50   -1.623   -1.407   -1.801   -2.105   -2.377
 518    17000  5.00   -1.637   -1.412   -1.801   -2.104   -2.382
 519    18000  2.50   -1.517   -1.519   -1.908   -2.212   -2.481
 520    18000  3.00   -1.590   -1.520   -1.925   -2.234   -2.503
 521    18000  3.50   -1.643   -1.530   -1.939   -2.251   -2.521
 522    18000  4.00   -1.680   -1.539   -1.949   -2.260   -2.535
 523    18000  4.50   -1.704   -1.547   -1.953   -2.264   -2.544
 524    18000  5.00   -1.719   -1.552   -1.954   -2.264   -2.549
 525    19000  2.50   -1.584   -1.646   -2.043   -2.352   -2.630
 526    19000  3.00   -1.661   -1.647   -2.062   -2.377   -2.655
 527    19000  3.50   -1.717   -1.658   -2.079   -2.396   -2.676
 528    19000  4.00   -1.756   -1.669   -2.090   -2.408   -2.691
 529    19000  4.50   -1.783   -1.678   -2.096   -2.414   -2.701
 530    19000  5.00   -1.799   -1.685   -2.098   -2.415   -2.707
 531    20000  3.00   -1.730   -1.767   -2.191   -2.512   -2.798
 532    20000  3.50   -1.788   -1.780   -2.210   -2.534   -2.821
 533    20000  4.00   -1.830   -1.793   -2.223   -2.547   -2.838
 534    20000  4.50   -1.858   -1.803   -2.231   -2.554   -2.849
 535    20000  5.00   -1.875   -1.811   -2.234   -2.557   -2.856
 536    21000  3.00   -1.796   -1.880   -2.313   -2.639   -2.933
 537    21000  3.50   -1.858   -1.896   -2.335   -2.663   -2.958
 538    21000  4.00   -1.901   -1.910   -2.350   -2.679   -2.976
 539    21000  4.50   -1.931   -1.921   -2.359   -2.687   -2.988
 540    21000  5.00   -1.949   -1.929   -2.363   -2.691   -2.996
 541    22000  3.00   -1.860   -1.986   -2.427   -2.759   -3.059
 542    22000  3.50   -1.926   -2.005   -2.453   -2.786   -3.088
 543    22000  4.00   -1.971   -2.021   -2.469   -2.804   -3.107
 544    22000  4.50   -2.001   -2.033   -2.480   -2.813   -3.120
 545    22000  5.00   -2.020   -2.042   -2.485   -2.818   -3.128
 546    23000  3.00   -1.919   -2.085   -2.534   -2.870   -3.177
 547    23000  3.50   -1.991   -2.107   -2.564   -2.903   -3.210
 548    23000  4.00   -2.038   -2.126   -2.583   -2.922   -3.232
 549    23000  4.50   -2.070   -2.139   -2.595   -2.933   -3.246
 550    23000  5.00   -2.089   -2.149   -2.600   -2.939   -3.254
 551    24000  3.00   -1.971   -2.174   -2.631   -2.972   -3.285
 552    24000  3.50   -2.053   -2.204   -2.668   -3.012   -3.325
 553    24000  4.00   -2.103   -2.225   -2.690   -3.034   -3.349
 554    24000  4.50   -2.136   -2.240   -2.704   -3.047   -3.365
 555    24000  5.00   -2.156   -2.251   -2.710   -3.053   -3.374
 556    25000  3.00   -2.011   -2.253   -2.716   -3.062   -3.380
 557    25000  3.50   -2.110   -2.294   -2.766   -3.114   -3.433
 558    25000  4.00   -2.165   -2.319   -2.792   -3.140   -3.461
 559    25000  4.50   -2.200   -2.336   -2.807   -3.155   -3.478
 560    25000  5.00   -2.220   -2.347   -2.815   -3.162   -3.488
 561    26000  3.00   -2.034   -2.319   -2.784   -3.133   -3.457
 562    26000  3.50   -2.161   -2.376   -2.856   -3.209   -3.532
 563    26000  4.00   -2.222   -2.406   -2.887   -3.240   -3.565
 564    26000  4.50   -2.260   -2.426   -2.905   -3.257   -3.584
 565    26000  5.00   -2.282   -2.438   -2.914   -3.266   -3.596
 566    27000  3.50   -2.203   -2.449   -2.936   -3.294   -3.622
 567    27000  4.00   -2.275   -2.487   -2.976   -3.333   -3.662
 568    27000  4.50   -2.316   -2.510   -2.996   -3.353   -3.685
 569    27000  5.00   -2.339   -2.524   -3.007   -3.363   -3.697
 570    28000  3.50   -2.235   -2.513   -3.006   -3.367   -3.700
 571    28000  4.00   -2.321   -2.561   -3.057   -3.418   -3.752
 572    28000  4.50   -2.367   -2.588   -3.081   -3.442   -3.778
 573    28000  5.00   -2.392   -2.604   -3.094   -3.454   -3.792
 574    29000  3.50   -2.261   -2.571   -3.067   -3.430   -3.767
 575    29000  4.00   -2.359   -2.628   -3.129   -3.495   -3.833
 576    29000  4.50   -2.412   -2.660   -3.160   -3.525   -3.865
 577    29000  5.00   -2.441   -2.678   -3.175   -3.540   -3.881
 578    30000  3.50   -2.290   -2.629   -3.126   -3.489   -3.828
 579    30000  4.00   -2.392   -2.687   -3.195   -3.563   -3.905
 580    30000  4.50   -2.451   -2.725   -3.231   -3.600   -3.943
 581    30000  5.00   -2.484   -2.746   -3.250   -3.618   -3.963
 582    31000  3.50   -2.329   -2.691   -3.189   -3.550   -3.891
 583    31000  4.00   -2.422   -2.743   -3.255   -3.625   -3.970
 584    31000  4.50   -2.486   -2.784   -3.297   -3.669   -4.015
 585    31000  5.00   -2.522   -2.809   -3.319   -3.690   -4.038
 586    32000  4.00   -2.454   -2.798   -3.313   -3.684   -4.032
 587    32000  4.50   -2.518   -2.840   -3.358   -3.732   -4.081
 588    32000  5.00   -2.557   -2.867   -3.382   -3.757   -4.108
 589    33000  4.00   -2.494   -2.857   -3.375   -3.745   -4.095
 590    33000  4.50   -2.551   -2.893   -3.416   -3.791   -4.143
 591    33000  5.00   -2.591   -2.922   -3.443   -3.819   -4.172
 592    34000  4.00   -2.544   -2.922   -3.441   -3.810   -4.162
 593    34000  4.50   -2.589   -2.950   -3.476   -3.851   -4.205
 594    34000  5.00   -2.626   -2.976   -3.501   -3.879   -4.234
 595    35000  4.00   -2.602   -2.992   -3.511   -3.878   -4.231
 596    35000  4.50   -2.635   -3.010   -3.539   -3.913   -4.269
 597    35000  5.00   -2.666   -3.032   -3.562   -3.940   -4.297
 598    36000  4.00   -2.667   -3.067   -3.587   -3.950   -4.305
 599    36000  4.50   -2.687   -3.075   -3.605   -3.978   -4.335
 600    36000  5.00   -2.712   -3.092   -3.624   -4.002   -4.361
 601    37000  4.00   -2.739   -3.147   -3.666   -4.028   -4.383
 602    37000  4.50   -2.747   -3.144   -3.675   -4.045   -4.404
 603    37000  5.00   -2.763   -3.155   -3.689   -4.065   -4.426
 604    38000  4.00   -2.814   -3.228   -3.748   -4.109   -4.464
 605    38000  4.50   -2.812   -3.217   -3.749   -4.117   -4.477
 606    38000  5.00   -2.821   -3.221   -3.758   -4.132   -4.494
 607    39000  4.00   -2.891   -3.309   -3.831   -4.192   -4.548
 608    39000  4.50   -2.882   -3.294   -3.826   -4.193   -4.554
 609    39000  5.00   -2.884   -3.292   -3.830   -4.201   -4.565
 610    40000  4.50   -2.955   -3.371   -3.906   -4.271   -4.633
 611    40000  5.00   -2.952   -3.365   -3.904   -4.274   -4.639
 612    41000  4.50   -3.029   -3.450   -3.985   -4.350   -4.713
 613    41000  5.00   -3.022   -3.440   -3.981   -4.349   -4.715
 614    42000  4.50   -3.102   -3.527   -4.064   -4.429   -4.793
 615    42000  5.00   -3.093   -3.516   -4.058   -4.426   -4.792
 616    43000  4.50   -3.175   -3.604   -4.142   -4.508   -4.872
 617    43000  5.00   -3.165   -3.592   -4.136   -4.503   -4.870
 618    44000  4.50   -3.246   -3.679   -4.219   -4.585   -4.950
 619    44000  5.00   -3.237   -3.667   -4.212   -4.579   -4.948
 620    45000  4.50   -3.316   -3.752   -4.293   -4.660   -5.026
 621    45000  5.00   -3.308   -3.741   -4.288   -4.655   -5.024
 622    46000  4.50   -3.385   -3.824   -4.367   -4.734   -5.100
 623    46000  5.00   -3.378   -3.814   -4.362   -4.730   -5.100
 624    47000  4.50   -3.452   -3.894   -4.438   -4.806   -5.173
 625    47000  5.00   -3.446   -3.885   -4.435   -4.803   -5.174
 626    48000  4.50   -3.517   -3.963   -4.508   -4.877   -5.244
 627    48000  5.00   -3.513   -3.955   -4.506   -4.875   -5.246
 628    49000  4.50   -3.581   -4.030   -4.576   -4.946   -5.313
 629    49000  5.00   -3.578   -4.023   -4.576   -4.945   -5.317
 630    50000  5.00   -3.642   -4.090   -4.644   -5.014   -5.386
 631    56101  5.00   -3.710   -4.197   -4.724   -5.103   -5.454
 632    62946  5.00   -4.037   -4.536   -5.073   -5.456   -5.811
 633    70627  5.00   -4.370   -4.879   -5.424   -5.812   -6.170
 634    79245  5.00   -4.708   -5.226   -5.779   -6.170   -6.531
 635    88914  5.00   -5.050   -5.576   -6.135   -6.530   -6.894
 636    99763  5.00   -5.396   -5.929   -6.494   -6.892   -7.258
 637   111936  5.00   -5.745   -6.285   -6.854   -7.255   -7.623
 638   125595  5.00   -6.097   -6.643   -7.217   -7.619   -7.989
 639   140920  5.00   -6.452   -7.002   -7.580   -7.985   -8.356
 640   158115  5.00   -6.809   -7.364   -7.945   -8.352   -8.724
 641   177407  5.00   -7.168   -7.727   -8.311   -8.719   -9.093
 642   199055  5.00   -7.529   -8.091   -8.678   -9.088   -9.463
 643   223343  5.00   -7.891   -8.456   -9.046   -9.457   -9.833
 644   250595  5.00   -8.255   -8.823   -9.415   -9.827  -10.203
 645   281172  5.00   -8.620   -9.190   -9.784  -10.197  -10.575
 646   315481  5.00   -8.987   -9.559  -10.154  -10.568  -10.946
 647   353975  5.00   -9.354   -9.928  -10.525  -10.940  -11.318
 648   397167  5.00   -9.722  -10.297  -10.896  -11.311  -11.690
 649   445629  5.00  -10.091  -10.668  -11.267  -11.683  -12.063
 650   500004  5.00  -10.460  -11.038  -11.639  -12.056  -12.436
 651   561014  5.00  -10.830  -11.410  -12.011  -12.428  -12.809
 652   629469  5.00  -11.201  -11.781  -12.384  -12.801  -13.182
 653   706276  5.00  -11.572  -12.153  -12.756  -13.175  -13.556
 654   792455  5.00  -11.944  -12.526  -13.129  -13.548  -13.929
 655   889149  5.00  -12.316  -12.898  -13.503  -13.922  -14.303
 656   997642  5.00  -12.688  -13.271  -13.876  -14.295  -14.677
 657  1119373  5.00  -13.060  -13.644  -14.250  -14.669  -15.051
 658  1255958  5.00  -13.433  -14.018  -14.623  -15.043  -15.425
 659  1409209  5.00  -13.806  -14.391  -14.997  -15.417  -15.799
 660  1581159  5.00  -14.180  -14.765  -15.371  -15.791  -16.174
 661  1774090  5.00  -14.553  -15.139  -15.745  -16.166  -16.548
 662  1990563  5.00  -14.927  -15.513  -16.120  -16.540  -16.922
 663  2233450  5.00  -15.301  -15.887  -16.494  -16.914  -17.297
 664  2505973  5.00  -15.674  -16.261  -16.868  -17.289  -17.672
 665  2811749  5.00  -16.048  -16.635  -17.243  -17.663  -18.046
 666  3154836  5.00  -16.423  -17.010  -17.617  -18.038  -18.421
 667  3539785  5.00  -16.797  -17.384  -17.992  -18.413  -18.796
 668  3971706  5.00  -17.171  -17.759  -18.366  -18.787  -19.170
 669  4456330  5.00  -17.546  -18.133  -18.741  -19.162  -19.545
# BCs for Fluks et al. 1994 M-giant spectra:
#  n     Teff  logg        u        g        r        i        z
   0     3810  0.00   -5.232   -2.180   -0.743   -0.151    0.214
   1     3736  0.00   -5.480   -2.411   -0.956   -0.216    0.214
   2     3666  0.00   -5.741   -2.663   -1.199   -0.300    0.201
   3     3574  0.00   -5.963   -3.071   -1.567   -0.467    0.136
   4     3434  0.00   -6.474   -3.757   -2.226   -0.821    0.018
   5     3309  0.00   -7.001   -4.788   -3.149   -1.410   -0.171
   6     3126  0.00   -7.946   -6.208   -4.480   -2.215   -0.581
   7     2890  0.00   -8.652   -7.675   -5.306   -2.820   -0.984
   8     2667  0.00   -9.374   -8.706   -5.828   -3.150   -1.145
   9     2500  0.00  -10.108   -9.436   -6.407   -3.451   -1.145
