# BCs for ATLAS9 + DUSTY99 + blackbody spectra:
#  n     Teff  logg        u        g        r        i        z
   0      500  3.50  -999999  -75.426  -56.344  -43.599  -32.213
   1      500  4.00  -999999  -74.184  -55.412  -42.855  -31.659
   2      500  4.50  -999999  -73.813  -54.918  -42.260  -31.021
   3      500  5.00  -999999  -71.368  -52.914  -40.544  -29.660
   4      500  5.50  -999999  -68.196  -50.346  -38.398  -28.014
   5      500  6.00  -999999  -64.992  -47.769  -36.268  -26.405
   6      600  3.50  -999999  -61.322  -45.433  -34.897  -25.898
   7      600  4.00  -999999  -60.586  -44.858  -34.431  -25.539
   8      600  4.50  -999999  -62.429  -46.093  -35.198  -25.908
   9      600  5.00  -999999  -60.516  -44.488  -33.794  -24.755
  10      600  5.50  -999999  -58.122  -42.519  -32.115  -23.420
  11      600  6.00  -83.453  -55.492  -40.411  -30.379  -22.083
  12      700  3.50  -73.659  -50.448  -37.000  -28.178  -20.899
  13      700  4.00  -72.828  -49.855  -36.543  -27.815  -20.620
  14      700  4.50  -75.104  -51.333  -37.543  -28.432  -20.928
  15      700  5.00  -73.878  -50.388  -36.722  -27.672  -20.256
  16      700  5.50  -71.387  -48.481  -35.102  -26.217  -19.031
  17      700  6.00  -68.144  -46.061  -33.126  -24.546  -17.712
  18      800  3.50  -60.228  -40.772  -29.414  -22.025  -16.153
  19      800  4.00  -60.458  -40.971  -29.597  -22.194  -16.292
  20      800  4.50  -62.323  -42.205  -30.434  -22.711  -16.583
  21      800  5.00  -61.277  -41.321  -29.620  -21.934  -15.913
  22      800  5.50  -59.737  -39.974  -28.411  -20.852  -15.032
  23      800  6.00  -57.034  -37.827  -26.674  -19.462  -13.977
  24      900  3.50  -48.877  -32.507  -23.057  -17.083  -12.457
  25      900  4.00  -48.985  -32.496  -22.988  -16.969  -12.333
  26      900  4.50  -51.167  -33.915  -23.952  -17.599  -12.746
  27      900  5.00  -49.149  -32.163  -22.457  -16.332  -11.721
  28      900  5.50  -49.234  -32.210  -22.485  -16.348  -11.731
  29     1000  3.50  -43.169  -28.440  -20.001  -14.758  -10.726
  30     1000  4.00  -42.263  -27.729  -19.419  -14.272  -10.328
  31     1000  4.50  -42.328  -27.565  -19.183  -14.007  -10.078
  32     1000  5.00  -42.417  -27.395  -18.946  -13.746   -9.835
  33     1000  5.50  -41.939  -26.931  -18.541  -13.394   -9.538
  34     1000  6.00  -40.268  -25.730  -17.633  -12.695   -8.990
  35     1100  3.50  -37.814  -24.635  -17.121  -12.535   -9.032
  36     1100  4.00  -37.410  -24.323  -16.866  -12.320   -8.853
  37     1100  4.50  -37.378  -24.158  -16.677  -12.126   -8.675
  38     1100  5.00  -36.911  -23.632  -16.187  -11.680   -8.289
  39     1100  5.50  -36.230  -22.979  -15.617  -11.184   -7.870
  40     1100  6.00  -43.583  -28.854  -20.415  -15.172  -11.140
  41     1200  3.50  -33.025  -21.284  -14.570  -10.521   -7.459
  42     1200  4.00  -33.025  -21.284  -14.570  -10.521   -7.459
  43     1200  4.50  -33.025  -21.284  -14.570  -10.521   -7.459
  44     1200  5.00  -33.254  -21.230  -14.422  -10.335   -7.269
  45     1200  6.00  -31.614  -19.808  -13.237   -9.335   -6.434
  46     1300  3.50  -28.790  -18.349  -12.335   -8.746   -6.059
  47     1300  4.00  -28.821  -18.386  -12.367   -8.773   -6.081
  48     1300  4.50  -29.567  -18.859  -12.699   -9.019   -6.266
  49     1300  5.00  -29.588  -18.822  -12.639   -8.951   -6.198
  50     1300  5.50  -29.505  -18.604  -12.414   -8.741   -6.012
  51     1300  6.00  -33.168  -21.497  -14.816  -10.789   -7.743
  52     1400  3.50  -25.259  -15.919  -10.499   -7.299   -4.921
  53     1400  4.00  -25.301  -15.952  -10.523   -7.316   -4.935
  54     1400  4.50  -25.765  -16.240  -10.709   -7.442   -5.018
  55     1400  5.00  -26.244  -16.531  -10.911   -7.591   -5.130
  56     1400  5.50  -26.156  -16.282  -10.659   -7.362   -4.923
  57     1400  6.00  -26.172  -16.287  -10.661   -7.364   -4.924
  58     1500  3.50  -22.608  -14.096   -9.093   -6.154   -3.948
  59     1500  4.00  -22.501  -14.034   -9.068   -6.156   -3.987
  60     1500  4.50  -22.995  -14.315   -9.251   -6.288   -4.099
  61     1500  5.00  -23.214  -14.440   -9.333   -6.347   -4.145
  62     1500  5.50  -23.433  -14.534   -9.384   -6.381   -4.166
  63     1500  6.00  -23.488  -14.512   -9.354   -6.355   -4.139
  64     1600  3.50  -20.702  -12.588   -7.862   -5.116   -2.947
  65     1600  4.00  -20.483  -12.553   -7.881   -5.151   -3.038
  66     1600  4.50  -20.577  -12.608   -7.931   -5.218   -3.161
  67     1600  5.00  -20.679  -12.690   -8.002   -5.289   -3.265
  68     1600  5.50  -20.855  -12.772   -8.056   -5.336   -3.323
  69     1600  6.00  -21.006  -12.830   -8.098   -5.373   -3.359
  70     1700  3.50  -18.968  -11.019   -6.816   -4.212   -2.014
  71     1700  4.00  -18.593  -10.641   -6.446   -3.948   -1.872
  72     1700  4.50  -17.404   -9.707   -5.812   -3.415   -1.417
  73     1700  5.00  -18.457  -10.810   -6.543   -4.026   -2.012
  74     1700  5.50  -18.710  -11.201   -6.844   -4.322   -2.355
  75     1700  6.00  -18.890  -11.363   -6.994   -4.499   -2.599
  76     1800  3.50  -17.527   -9.963   -6.251   -3.690   -1.498
  77     1800  4.00  -17.185   -9.761   -6.039   -3.567   -1.459
  78     1800  4.50  -16.210   -9.064   -5.490   -3.169   -1.187
  79     1800  5.00  -16.087   -9.043   -5.457   -3.134   -1.188
  80     1800  5.50  -16.877   -9.702   -5.825   -3.481   -1.549
  81     1800  6.00  -16.975   -9.805   -5.858   -3.525   -1.603
  82     1900  3.50  -14.996   -8.766   -5.716   -3.156   -0.988
  83     1900  4.00  -16.116   -9.002   -5.726   -3.214   -1.101
  84     1900  4.50  -17.063   -9.589   -5.980   -3.476   -1.406
  85     1900  5.00  -16.059   -8.959   -5.497   -3.129   -1.163
  86     1900  5.50  -16.039   -9.193   -5.593   -3.294   -1.357
  87     1900  6.00  -15.982   -9.228   -5.553   -3.348   -1.455
  88     2000  3.50  -13.075   -8.029   -5.522   -2.869   -0.721
  89     2000  4.00  -14.452   -8.149   -5.382   -2.820   -0.748
  90     2000  4.50  -15.259   -8.234   -5.279   -2.785   -0.777
  91     2000  5.00  -15.694   -8.457   -5.306   -2.865   -0.903
  92     2000  5.50  -15.647   -8.874   -5.474   -3.131   -1.197
  93     2000  6.00  -15.163   -8.696   -5.270   -3.110   -1.236
  94     2100  4.00  -12.780   -7.449   -5.123   -2.524   -0.511
  95     2100  5.00  -14.558   -7.568   -4.868   -2.391   -0.507
  96     2100  5.50  -15.276   -8.144   -5.126   -2.697   -0.801
  97     2100  6.00  -15.070   -8.455   -5.206   -2.957   -1.049
  98     2200  3.50  -10.055   -6.616   -4.893   -2.265   -0.298
  99     2200  4.00  -11.206   -6.771   -4.809   -2.228   -0.310
 100     2200  4.50  -12.532   -6.942   -4.776   -2.191   -0.310
 101     2200  5.00  -13.703   -7.082   -4.689   -2.145   -0.328
 102     2200  5.50  -14.523   -7.397   -4.760   -2.266   -0.464
 103     2200  6.00  -14.607   -7.527   -4.723   -2.386   -0.551
 104     2300  3.50   -9.020   -6.025   -4.487   -1.962   -0.144
 105     2300  4.00  -10.014   -6.177   -4.436   -1.931   -0.151
 106     2300  4.50  -11.285   -6.396   -4.476   -1.922   -0.157
 107     2300  5.00  -12.681   -6.607   -4.457   -1.900   -0.182
 108     2300  5.50  -13.717   -6.809   -4.473   -1.937   -0.240
 109     2300  6.00  -13.977   -6.904   -4.397   -1.986   -0.280
 110     2400  3.50   -8.222   -5.499   -4.033   -1.665   -0.016
 111     2400  4.00   -9.039   -5.633   -4.014   -1.641   -0.020
 112     2400  4.50  -10.140   -5.851   -4.104   -1.648   -0.021
 113     2400  5.50  -12.632   -6.256   -4.159   -1.627   -0.054
 114     2400  6.00  -13.403   -6.453   -4.160   -1.704   -0.122
 115     2500  3.50   -7.683   -5.068   -3.591   -1.402    0.075
 116     2500  4.00   -8.307   -5.157   -3.577   -1.372    0.082
 117     2500  4.50   -9.237   -5.369   -3.713   -1.396    0.084
 118     2500  5.00  -10.386   -5.565   -3.763   -1.371    0.089
 119     2500  5.50  -11.665   -5.796   -3.839   -1.374    0.064
 120     2500  6.00  -12.595   -5.991   -3.875   -1.421    0.020
 121     2600  3.50   -7.258   -4.696   -3.199   -1.180    0.144
 122     2600  4.00   -7.747   -4.747   -3.174   -1.143    0.157
 123     2600  4.50   -8.517   -4.935   -3.322   -1.167    0.167
 124     2600  5.00   -9.444   -5.096   -3.366   -1.142    0.179
 125     2600  5.50  -10.636   -5.322   -3.463   -1.140    0.168
 126     2600  6.00  -11.692   -5.560   -3.560   -1.179    0.125
 127     2700  3.50   -6.917   -4.388   -2.886   -1.011    0.190
 128     2700  4.00   -7.279   -4.386   -2.821   -0.954    0.215
 129     2700  4.50   -7.903   -4.537   -2.953   -0.968    0.234
 130     2700  5.00   -8.668   -4.672   -2.985   -0.945    0.246
 131     2700  5.50   -9.699   -4.877   -3.080   -0.938    0.245
 132     2700  6.00  -10.776   -5.117   -3.201   -0.959    0.217
 133     2800  5.00  -10.704   -4.186   -2.066   -0.318    0.434
 134     2800  5.50  -11.624   -4.315   -2.086   -0.231    0.509
 135     2900  5.00   -9.800   -3.846   -1.788   -0.267    0.417
 136     2900  5.50  -10.661   -3.974   -1.836   -0.190    0.483
 137     3000  5.00   -8.979   -3.536   -1.540   -0.218    0.403
 138     3000  5.50   -9.775   -3.663   -1.602   -0.153    0.460
 139     3100  5.00   -8.231   -3.257   -1.323   -0.173    0.392
 140     3100  5.50   -8.936   -3.379   -1.387   -0.119    0.439
 141     3200  5.00   -7.578   -3.009   -1.139   -0.133    0.385
 142     3200  5.50   -8.176   -3.119   -1.194   -0.088    0.423
 143     3300  5.00   -7.009   -2.782   -0.980   -0.092    0.382
 144     3300  5.50   -7.478   -2.878   -1.023   -0.058    0.412
 145     3400  5.00   -6.516   -2.577   -0.843   -0.053    0.382
 146     3400  5.50   -6.844   -2.657   -0.875   -0.028    0.404
 147     3500  5.00   -6.089   -2.388   -0.727   -0.016    0.382
 148     3500  5.50   -6.274   -2.453   -0.748    0.001    0.399
 149     3600  5.00   -5.696   -2.216   -0.629    0.015    0.381
 150     3600  5.50   -5.787   -2.268   -0.642    0.028    0.394
 151     3700  5.00   -5.330   -2.054   -0.549    0.043    0.380
 152     3700  5.50   -5.399   -2.106   -0.559    0.051    0.388
 153     3800  5.00   -5.002   -1.901   -0.482    0.066    0.379
 154     3800  5.50   -5.084   -1.943   -0.477    0.081    0.393
 155     3500  0.00   -6.876   -2.931   -1.059   -0.297    0.180
 156     3500  0.50   -6.332   -2.677   -0.951   -0.241    0.216
 157     3500  1.00   -5.809   -2.463   -0.856   -0.183    0.258
 158     3500  1.50   -5.350   -2.287   -0.770   -0.124    0.306
 159     3500  2.00   -5.000   -2.161   -0.701   -0.070    0.351
 160     3500  2.50   -4.802   -2.104   -0.648   -0.019    0.393
 161     3500  3.00   -4.701   -2.075   -0.602    0.024    0.422
 162     3500  3.50   -4.678   -2.076   -0.580    0.043    0.434
 163     3500  4.00   -4.730   -2.107   -0.572    0.054    0.440
 164     3500  4.50   -4.862   -2.167   -0.573    0.060    0.443
 165     3500  5.00   -5.075   -2.248   -0.584    0.066    0.449
 166     3750  0.00   -6.138   -2.433   -0.790   -0.154    0.229
 167     3750  0.50   -5.710   -2.262   -0.738   -0.144    0.224
 168     3750  1.00   -5.293   -2.123   -0.691   -0.127    0.230
 169     3750  1.50   -4.914   -2.007   -0.642   -0.100    0.249
 170     3750  2.00   -4.600   -1.906   -0.589   -0.063    0.279
 171     3750  2.50   -4.391   -1.840   -0.547   -0.025    0.313
 172     3750  3.00   -4.288   -1.816   -0.511    0.020    0.356
 173     3750  3.50   -4.220   -1.800   -0.478    0.059    0.389
 174     3750  4.00   -4.198   -1.798   -0.458    0.082    0.409
 175     3750  4.50   -4.244   -1.821   -0.445    0.097    0.421
 176     3750  5.00   -4.375   -1.873   -0.438    0.110    0.432
 177     4000  0.00   -5.290   -1.958   -0.533    0.002    0.312
 178     4000  0.50   -4.899   -1.809   -0.503   -0.006    0.292
 179     4000  1.00   -4.542   -1.705   -0.487   -0.015    0.277
 180     4000  1.50   -4.247   -1.633   -0.473   -0.017    0.270
 181     4000  2.00   -4.037   -1.593   -0.465   -0.018    0.266
 182     4000  2.50   -3.898   -1.563   -0.446   -0.006    0.274
 183     4000  3.00   -3.822   -1.544   -0.418    0.022    0.300
 184     4000  3.50   -3.791   -1.538   -0.389    0.062    0.338
 185     4000  4.00   -3.763   -1.532   -0.361    0.099    0.374
 186     4000  4.50   -3.757   -1.533   -0.340    0.125    0.398
 187     4000  5.00   -3.802   -1.554   -0.326    0.142    0.413
 188     4250  0.00   -4.496   -1.583   -0.338    0.117    0.368
 189     4250  0.50   -4.155   -1.457   -0.319    0.102    0.343
 190     4250  1.00   -3.848   -1.366   -0.311    0.087    0.323
 191     4250  1.50   -3.599   -1.305   -0.309    0.075    0.308
 192     4250  2.00   -3.419   -1.268   -0.309    0.067    0.299
 193     4250  2.50   -3.308   -1.249   -0.307    0.064    0.294
 194     4250  3.00   -3.255   -1.243   -0.301    0.068    0.296
 195     4250  3.50   -3.253   -1.247   -0.289    0.081    0.308
 196     4250  4.00   -3.288   -1.262   -0.271    0.109    0.336
 197     4250  4.50   -3.319   -1.274   -0.252    0.139    0.365
 198     4250  5.00   -3.345   -1.285   -0.234    0.163    0.388
 199     4500  0.00   -3.772   -1.265   -0.193    0.191    0.393
 200     4500  0.50   -3.505   -1.175   -0.184    0.174    0.369
 201     4500  1.00   -3.264   -1.107   -0.182    0.157    0.347
 202     4500  1.50   -3.068   -1.060   -0.184    0.143    0.331
 203     4500  2.00   -2.926   -1.031   -0.187    0.133    0.319
 204     4500  2.50   -2.837   -1.014   -0.188    0.127    0.312
 205     4500  3.00   -2.793   -1.007   -0.187    0.126    0.310
 206     4500  3.50   -2.789   -1.007   -0.182    0.130    0.313
 207     4500  4.00   -2.815   -1.014   -0.173    0.141    0.323
 208     4500  4.50   -2.867   -1.029   -0.160    0.162    0.343
 209     4500  5.00   -2.920   -1.045   -0.147    0.184    0.365
 210     4750  0.00   -3.122   -0.976   -0.087    0.228    0.386
 211     4750  0.50   -2.919   -0.925   -0.089    0.211    0.364
 212     4750  1.00   -2.736   -0.885   -0.093    0.194    0.345
 213     4750  1.50   -2.588   -0.857   -0.098    0.180    0.329
 214     4750  2.00   -2.479   -0.840   -0.103    0.169    0.318
 215     4750  2.50   -2.410   -0.829   -0.107    0.162    0.310
 216     4750  3.00   -2.380   -0.824   -0.107    0.160    0.307
 217     4750  3.50   -2.379   -0.823   -0.103    0.162    0.308
 218     4750  4.00   -2.401   -0.825   -0.097    0.169    0.314
 219     4750  4.50   -2.442   -0.832   -0.088    0.181    0.324
 220     4750  5.00   -2.501   -0.843   -0.078    0.196    0.338
 221     5000  0.00   -2.616   -0.733   -0.014    0.237    0.358
 222     5000  0.50   -2.450   -0.709   -0.024    0.219    0.337
 223     5000  1.00   -2.303   -0.692   -0.034    0.203    0.320
 224     5000  1.50   -2.185   -0.683   -0.043    0.190    0.306
 225     5000  2.00   -2.096   -0.678   -0.051    0.179    0.295
 226     5000  2.50   -2.039   -0.677   -0.056    0.172    0.287
 227     5000  3.00   -2.013   -0.678   -0.057    0.169    0.284
 228     5000  3.50   -2.013   -0.679   -0.054    0.171    0.285
 229     5000  4.00   -2.034   -0.681   -0.048    0.177    0.290
 230     5000  4.50   -2.070   -0.684   -0.040    0.187    0.299
 231     5000  5.00   -2.117   -0.689   -0.031    0.200    0.310
 232     5250  0.00   -2.251   -0.538    0.034    0.227    0.319
 233     5250  0.50   -2.117   -0.533    0.020    0.211    0.299
 234     5250  1.00   -1.996   -0.532    0.006    0.196    0.283
 235     5250  1.50   -1.893   -0.536   -0.007    0.182    0.269
 236     5250  2.00   -1.812   -0.543   -0.018    0.171    0.258
 237     5250  2.50   -1.755   -0.551   -0.026    0.163    0.250
 238     5250  3.00   -1.722   -0.559   -0.030    0.159    0.247
 239     5250  3.50   -1.714   -0.565   -0.029    0.161    0.247
 240     5250  4.00   -1.728   -0.569   -0.023    0.167    0.253
 241     5250  4.50   -1.756   -0.572   -0.015    0.177    0.261
 242     5250  5.00   -1.795   -0.574   -0.004    0.189    0.272
 243     5500  0.00   -1.985   -0.382    0.064    0.205    0.274
 244     5500  0.50   -1.883   -0.390    0.048    0.191    0.256
 245     5500  1.00   -1.783   -0.400    0.033    0.178    0.240
 246     5500  1.50   -1.695   -0.414    0.018    0.165    0.226
 247     5500  2.00   -1.620   -0.430    0.004    0.154    0.215
 248     5500  2.50   -1.561   -0.446   -0.008    0.144    0.206
 249     5500  3.00   -1.517   -0.461   -0.017    0.138    0.200
 250     5500  3.50   -1.493   -0.472   -0.019    0.137    0.199
 251     5500  4.00   -1.489   -0.479   -0.016    0.141    0.203
 252     5500  4.50   -1.504   -0.484   -0.008    0.151    0.211
 253     5500  5.00   -1.531   -0.487    0.002    0.163    0.223
 254     5750  0.00   -1.787   -0.253    0.080    0.173    0.227
 255     5750  0.50   -1.713   -0.270    0.065    0.164    0.211
 256     5750  1.00   -1.635   -0.289    0.050    0.154    0.195
 257     5750  1.50   -1.560   -0.310    0.034    0.143    0.182
 258     5750  2.00   -1.492   -0.333    0.018    0.132    0.169
 259     5750  2.50   -1.433   -0.357    0.003    0.121    0.159
 260     5750  3.00   -1.383   -0.379   -0.010    0.112    0.151
 261     5750  3.50   -1.345   -0.396   -0.018    0.107    0.146
 262     5750  4.00   -1.322   -0.409   -0.019    0.108    0.147
 263     5750  4.50   -1.318   -0.416   -0.014    0.115    0.154
 264     5750  5.00   -1.329   -0.420   -0.005    0.127    0.164
 265     6000  0.00   -1.631   -0.143    0.085    0.132    0.177
 266     6000  0.50   -1.587   -0.168    0.073    0.129    0.164
 267     6000  1.00   -1.529   -0.193    0.060    0.124    0.149
 268     6000  1.50   -1.467   -0.220    0.045    0.116    0.136
 269     6000  2.00   -1.407   -0.249    0.028    0.106    0.123
 270     6000  2.50   -1.351   -0.278    0.011    0.095    0.112
 271     6000  3.00   -1.299   -0.307   -0.005    0.085    0.102
 272     6000  3.50   -1.253   -0.332   -0.018    0.077    0.094
 273     6000  4.00   -1.216   -0.351   -0.025    0.073    0.091
 274     6000  4.50   -1.193   -0.362   -0.026    0.076    0.094
 275     6000  5.00   -1.185   -0.369   -0.019    0.084    0.103
 276     6250  0.50   -1.485   -0.079    0.073    0.088    0.114
 277     6250  1.00   -1.448   -0.108    0.064    0.088    0.102
 278     6250  1.50   -1.401   -0.140    0.050    0.084    0.090
 279     6250  2.00   -1.350   -0.173    0.034    0.077    0.077
 280     6250  2.50   -1.298   -0.208    0.016    0.067    0.064
 281     6250  3.00   -1.246   -0.242   -0.002    0.057    0.053
 282     6250  3.50   -1.196   -0.273   -0.018    0.047    0.043
 283     6250  4.00   -1.151   -0.299   -0.031    0.039    0.037
 284     6250  4.50   -1.113   -0.318   -0.038    0.037    0.036
 285     6250  5.00   -1.089   -0.329   -0.037    0.041    0.040
 286     6500  0.50   -1.394    0.000    0.062    0.038    0.060
 287     6500  1.00   -1.382   -0.033    0.060    0.046    0.053
 288     6500  1.50   -1.351   -0.067    0.050    0.047    0.042
 289     6500  2.00   -1.310   -0.104    0.036    0.044    0.029
 290     6500  2.50   -1.263   -0.143    0.019    0.037    0.017
 291     6500  3.00   -1.214   -0.182   -0.001    0.027    0.004
 292     6500  3.50   -1.163   -0.219   -0.020    0.016   -0.007
 293     6500  4.00   -1.113   -0.252   -0.037    0.006   -0.016
 294     6500  4.50   -1.066   -0.278   -0.049   -0.000   -0.021
 295     6500  5.00   -1.028   -0.296   -0.054   -0.000   -0.020
 296     6750  0.50   -1.313    0.062    0.049   -0.012    0.008
 297     6750  1.00   -1.319    0.035    0.046   -0.004   -0.001
 298     6750  1.50   -1.307   -0.002    0.044    0.005   -0.008
 299     6750  2.00   -1.278   -0.042    0.034    0.007   -0.019
 300     6750  2.50   -1.240   -0.083    0.018    0.003   -0.032
 301     6750  3.00   -1.195   -0.126   -0.001   -0.005   -0.044
 302     6750  3.50   -1.145   -0.168   -0.022   -0.015   -0.057
 303     6750  4.00   -1.093   -0.207   -0.042   -0.026   -0.067
 304     6750  4.50   -1.041   -0.240   -0.059   -0.035   -0.075
 305     6750  5.00   -0.993   -0.266   -0.070   -0.040   -0.078
 306     7000  0.50   -1.238    0.106    0.036   -0.060   -0.043
 307     7000  1.00   -1.258    0.086    0.031   -0.053   -0.053
 308     7000  1.50   -1.263    0.056    0.028   -0.044   -0.062
 309     7000  2.00   -1.251    0.014    0.025   -0.036   -0.070
 310     7000  2.50   -1.222   -0.029    0.013   -0.035   -0.081
 311     7000  3.00   -1.183   -0.074   -0.005   -0.040   -0.094
 312     7000  3.50   -1.137   -0.120   -0.026   -0.048   -0.107
 313     7000  4.00   -1.085   -0.164   -0.048   -0.059   -0.118
 314     7000  4.50   -1.030   -0.204   -0.068   -0.070   -0.128
 315     7000  5.00   -0.977   -0.237   -0.085   -0.078   -0.134
 316     7250  0.50   -1.168    0.130    0.021   -0.104   -0.093
 317     7250  1.00   -1.199    0.121    0.014   -0.101   -0.104
 318     7250  1.50   -1.218    0.098    0.010   -0.093   -0.115
 319     7250  2.00   -1.221    0.064    0.007   -0.085   -0.125
 320     7250  2.50   -1.205    0.019    0.002   -0.077   -0.133
 321     7250  3.00   -1.175   -0.028   -0.013   -0.078   -0.144
 322     7250  3.50   -1.135   -0.076   -0.032   -0.083   -0.157
 323     7250  4.00   -1.086   -0.124   -0.055   -0.093   -0.169
 324     7250  4.50   -1.030   -0.169   -0.078   -0.104   -0.180
 325     7250  5.00   -0.974   -0.209   -0.098   -0.115   -0.188
 326     7500  0.50   -1.106    0.120    0.007   -0.140   -0.141
 327     7500  1.00   -1.139    0.138   -0.007   -0.148   -0.156
 328     7500  1.50   -1.170    0.124   -0.010   -0.142   -0.167
 329     7500  2.00   -1.187    0.098   -0.014   -0.134   -0.179
 330     7500  2.50   -1.187    0.061   -0.019   -0.126   -0.188
 331     7500  3.00   -1.167    0.013   -0.025   -0.120   -0.197
 332     7500  3.50   -1.134   -0.036   -0.042   -0.122   -0.209
 333     7500  4.00   -1.090   -0.087   -0.063   -0.129   -0.221
 334     7500  4.50   -1.037   -0.136   -0.087   -0.139   -0.232
 335     7500  5.00   -0.979   -0.181   -0.110   -0.151   -0.242
 336     7750  1.00   -1.082    0.133   -0.033   -0.194   -0.210
 337     7750  1.50   -1.121    0.133   -0.036   -0.191   -0.222
 338     7750  2.00   -1.151    0.115   -0.038   -0.184   -0.233
 339     7750  2.50   -1.164    0.087   -0.043   -0.176   -0.245
 340     7750  3.00   -1.158    0.047   -0.048   -0.169   -0.254
 341     7750  3.50   -1.133   -0.002   -0.057   -0.164   -0.262
 342     7750  4.00   -1.095   -0.054   -0.075   -0.167   -0.273
 343     7750  4.50   -1.047   -0.106   -0.098   -0.175   -0.285
 344     7750  5.00   -0.990   -0.155   -0.123   -0.187   -0.295
 345     8000  1.00   -1.031    0.101   -0.063   -0.236   -0.267
 346     8000  1.50   -1.074    0.125   -0.068   -0.241   -0.279
 347     8000  2.00   -1.113    0.117   -0.069   -0.235   -0.290
 348     8000  2.50   -1.137    0.096   -0.072   -0.228   -0.302
 349     8000  3.00   -1.144    0.065   -0.077   -0.221   -0.313
 350     8000  3.50   -1.132    0.023   -0.082   -0.214   -0.321
 351     8000  4.00   -1.100   -0.026   -0.092   -0.210   -0.328
 352     8000  4.50   -1.057   -0.079   -0.112   -0.214   -0.338
 353     8000  5.00   -1.003   -0.132   -0.137   -0.224   -0.348
 354     8250  1.00   -0.984    0.039   -0.105   -0.278   -0.332
 355     8250  1.50   -1.031    0.100   -0.106   -0.292   -0.338
 356     8250  2.00   -1.075    0.104   -0.107   -0.289   -0.350
 357     8250  2.50   -1.110    0.090   -0.107   -0.282   -0.362
 358     8250  3.00   -1.129    0.066   -0.110   -0.275   -0.373
 359     8250  3.50   -1.128    0.034   -0.115   -0.268   -0.382
 360     8250  4.00   -1.106   -0.009   -0.119   -0.260   -0.388
 361     8250  4.50   -1.067   -0.058   -0.131   -0.257   -0.394
 362     8250  5.00   -1.018   -0.111   -0.153   -0.262   -0.402
 363     8500  1.50   -0.993    0.058   -0.149   -0.342   -0.401
 364     8500  2.00   -1.040    0.076   -0.148   -0.343   -0.411
 365     8500  2.50   -1.083    0.072   -0.148   -0.338   -0.424
 366     8500  3.00   -1.112    0.055   -0.149   -0.331   -0.435
 367     8500  3.50   -1.121    0.029   -0.152   -0.323   -0.445
 368     8500  4.00   -1.111   -0.005   -0.156   -0.316   -0.452
 369     8500  4.50   -1.078   -0.047   -0.159   -0.306   -0.454
 370     8500  5.00   -1.032   -0.096   -0.173   -0.305   -0.459
 371     8750  1.50   -0.958    0.005   -0.199   -0.394   -0.467
 372     8750  2.00   -1.008    0.039   -0.195   -0.398   -0.474
 373     8750  2.50   -1.055    0.043   -0.193   -0.394   -0.486
 374     8750  3.00   -1.091    0.032   -0.192   -0.387   -0.497
 375     8750  3.50   -1.112    0.012   -0.193   -0.380   -0.508
 376     8750  4.00   -1.112   -0.016   -0.196   -0.373   -0.516
 377     8750  4.50   -1.091   -0.050   -0.199   -0.364   -0.520
 378     8750  5.00   -1.048   -0.091   -0.202   -0.354   -0.519
 379     9000  1.50   -0.932   -0.052   -0.253   -0.450   -0.539
 380     9000  2.00   -0.983   -0.006   -0.245   -0.453   -0.540
 381     9000  2.50   -1.031    0.006   -0.242   -0.451   -0.550
 382     9000  3.00   -1.073    0.001   -0.240   -0.446   -0.562
 383     9000  3.50   -1.102   -0.013   -0.239   -0.439   -0.573
 384     9000  4.00   -1.113   -0.036   -0.240   -0.431   -0.582
 385     9000  4.50   -1.102   -0.065   -0.244   -0.424   -0.587
 386     9000  5.00   -1.066   -0.099   -0.243   -0.412   -0.585
 387     9250  2.00   -0.965   -0.055   -0.298   -0.510   -0.607
 388     9250  2.50   -1.012   -0.037   -0.294   -0.510   -0.615
 389     9250  3.00   -1.057   -0.037   -0.291   -0.505   -0.627
 390     9250  3.50   -1.091   -0.046   -0.289   -0.499   -0.638
 391     9250  4.00   -1.110   -0.064   -0.288   -0.491   -0.647
 392     9250  4.50   -1.108   -0.088   -0.290   -0.483   -0.653
 393     9250  5.00   -1.085   -0.118   -0.291   -0.474   -0.654
 394     9500  2.00   -0.953   -0.106   -0.352   -0.568   -0.675
 395     9500  2.50   -1.000   -0.084   -0.347   -0.568   -0.681
 396     9500  3.00   -1.043   -0.080   -0.344   -0.565   -0.692
 397     9500  3.50   -1.081   -0.085   -0.341   -0.559   -0.702
 398     9500  4.00   -1.106   -0.098   -0.339   -0.552   -0.712
 399     9500  4.50   -1.113   -0.117   -0.339   -0.543   -0.719
 400     9500  5.00   -1.100   -0.144   -0.339   -0.535   -0.722
 401     9750  2.00   -0.947   -0.158   -0.407   -0.626   -0.743
 402     9750  2.50   -0.994   -0.134   -0.402   -0.627   -0.748
 403     9750  3.00   -1.036   -0.126   -0.399   -0.625   -0.757
 404     9750  3.50   -1.075   -0.128   -0.396   -0.620   -0.768
 405     9750  4.00   -1.103   -0.137   -0.392   -0.613   -0.778
 406     9750  4.50   -1.117   -0.152   -0.390   -0.604   -0.785
 407     9750  5.00   -1.112   -0.175   -0.389   -0.595   -0.788
 408    10000  2.00   -0.945   -0.209   -0.462   -0.683   -0.811
 409    10000  2.50   -0.992   -0.183   -0.457   -0.686   -0.814
 410    10000  3.00   -1.035   -0.174   -0.454   -0.685   -0.823
 411    10000  3.50   -1.074   -0.174   -0.451   -0.681   -0.834
 412    10000  4.00   -1.104   -0.180   -0.447   -0.674   -0.844
 413    10000  4.50   -1.121   -0.192   -0.443   -0.665   -0.851
 414    10000  5.00   -1.122   -0.210   -0.441   -0.656   -0.854
 415    10250  2.00   -0.945   -0.259   -0.516   -0.741   -0.877
 416    10250  2.50   -0.994   -0.233   -0.511   -0.744   -0.881
 417    10250  3.00   -1.037   -0.224   -0.509   -0.744   -0.889
 418    10250  3.50   -1.076   -0.222   -0.507   -0.742   -0.899
 419    10250  4.00   -1.107   -0.226   -0.503   -0.736   -0.909
 420    10250  4.50   -1.126   -0.235   -0.499   -0.727   -0.916
 421    10250  5.00   -1.131   -0.249   -0.495   -0.717   -0.919
 422    10500  2.00   -0.948   -0.309   -0.570   -0.797   -0.943
 423    10500  2.50   -0.999   -0.283   -0.566   -0.801   -0.946
 424    10500  3.00   -1.043   -0.273   -0.564   -0.803   -0.954
 425    10500  3.50   -1.081   -0.271   -0.562   -0.801   -0.964
 426    10500  4.00   -1.113   -0.273   -0.559   -0.797   -0.973
 427    10500  4.50   -1.134   -0.280   -0.554   -0.789   -0.981
 428    10500  5.00   -1.142   -0.292   -0.549   -0.779   -0.985
 429    10750  2.00   -0.953   -0.359   -0.624   -0.854   -1.007
 430    10750  2.50   -1.005   -0.332   -0.619   -0.858   -1.010
 431    10750  3.00   -1.050   -0.322   -0.618   -0.861   -1.018
 432    10750  3.50   -1.088   -0.320   -0.617   -0.860   -1.028
 433    10750  4.00   -1.120   -0.322   -0.615   -0.857   -1.038
 434    10750  4.50   -1.143   -0.327   -0.610   -0.850   -1.045
 435    10750  5.00   -1.154   -0.336   -0.605   -0.840   -1.050
 436    11000  2.00   -0.961   -0.408   -0.677   -0.909   -1.070
 437    11000  2.50   -1.014   -0.381   -0.673   -0.914   -1.073
 438    11000  3.00   -1.059   -0.371   -0.672   -0.918   -1.082
 439    11000  3.50   -1.098   -0.369   -0.672   -0.919   -1.092
 440    11000  4.00   -1.131   -0.370   -0.670   -0.916   -1.101
 441    11000  4.50   -1.155   -0.375   -0.666   -0.910   -1.109
 442    11000  5.00   -1.167   -0.382   -0.660   -0.901   -1.113
 443    11250  2.00   -0.970   -0.457   -0.729   -0.965   -1.133
 444    11250  2.50   -1.024   -0.430   -0.725   -0.970   -1.136
 445    11250  3.00   -1.070   -0.420   -0.726   -0.974   -1.144
 446    11250  3.50   -1.109   -0.417   -0.726   -0.976   -1.154
 447    11250  4.00   -1.142   -0.419   -0.724   -0.974   -1.163
 448    11250  4.50   -1.167   -0.422   -0.721   -0.969   -1.171
 449    11250  5.00   -1.181   -0.429   -0.715   -0.961   -1.176
 450    11500  2.00   -0.982   -0.505   -0.782   -1.020   -1.194
 451    11500  2.50   -1.036   -0.478   -0.778   -1.025   -1.197
 452    11500  3.00   -1.082   -0.468   -0.778   -1.030   -1.206
 453    11500  3.50   -1.121   -0.466   -0.779   -1.032   -1.216
 454    11500  4.00   -1.154   -0.467   -0.778   -1.031   -1.225
 455    11500  4.50   -1.180   -0.470   -0.775   -1.027   -1.233
 456    11500  5.00   -1.196   -0.476   -0.770   -1.020   -1.238
 457    11750  2.00   -0.994   -0.553   -0.833   -1.074   -1.254
 458    11750  2.50   -1.049   -0.525   -0.829   -1.079   -1.257
 459    11750  3.00   -1.096   -0.516   -0.830   -1.085   -1.266
 460    11750  3.50   -1.135   -0.514   -0.831   -1.088   -1.276
 461    11750  4.00   -1.168   -0.515   -0.831   -1.087   -1.286
 462    11750  4.50   -1.194   -0.518   -0.829   -1.084   -1.293
 463    11750  5.00   -1.210   -0.523   -0.824   -1.078   -1.299
 464    12000  2.50   -1.064   -0.572   -0.880   -1.133   -1.317
 465    12000  3.00   -1.110   -0.563   -0.882   -1.139   -1.326
 466    12000  3.50   -1.150   -0.561   -0.883   -1.142   -1.336
 467    12000  4.00   -1.183   -0.562   -0.883   -1.143   -1.345
 468    12000  4.50   -1.209   -0.565   -0.881   -1.140   -1.353
 469    12000  5.00   -1.226   -0.570   -0.878   -1.135   -1.358
 470    12250  2.50   -1.080   -0.618   -0.931   -1.186   -1.375
 471    12250  3.00   -1.126   -0.610   -0.933   -1.192   -1.385
 472    12250  3.50   -1.166   -0.608   -0.934   -1.196   -1.395
 473    12250  4.00   -1.199   -0.609   -0.935   -1.197   -1.404
 474    12250  4.50   -1.225   -0.612   -0.934   -1.195   -1.412
 475    12250  5.00   -1.242   -0.616   -0.930   -1.191   -1.417
 476    12500  2.50   -1.096   -0.664   -0.981   -1.239   -1.433
 477    12500  3.00   -1.143   -0.656   -0.983   -1.245   -1.442
 478    12500  3.50   -1.183   -0.654   -0.985   -1.249   -1.452
 479    12500  4.00   -1.216   -0.656   -0.986   -1.251   -1.462
 480    12500  4.50   -1.241   -0.659   -0.985   -1.250   -1.470
 481    12500  5.00   -1.259   -0.663   -0.982   -1.245   -1.475
 482    12750  2.50   -1.114   -0.709   -1.030   -1.291   -1.490
 483    12750  3.00   -1.161   -0.701   -1.033   -1.297   -1.499
 484    12750  3.50   -1.201   -0.700   -1.035   -1.302   -1.509
 485    12750  4.00   -1.233   -0.702   -1.036   -1.304   -1.519
 486    12750  4.50   -1.258   -0.705   -1.035   -1.303   -1.526
 487    12750  5.00   -1.276   -0.709   -1.033   -1.299   -1.532
 488    13000  2.50   -1.132   -0.754   -1.079   -1.342   -1.545
 489    13000  3.00   -1.180   -0.746   -1.082   -1.349   -1.555
 490    13000  3.50   -1.219   -0.745   -1.084   -1.354   -1.565
 491    13000  4.00   -1.251   -0.747   -1.086   -1.356   -1.575
 492    13000  4.50   -1.276   -0.750   -1.085   -1.355   -1.583
 493    13000  5.00   -1.294   -0.754   -1.083   -1.352   -1.588
 494    14000  2.00   -1.143   -0.955   -1.267   -1.529   -1.753
 495    14000  2.50   -1.209   -0.925   -1.266   -1.538   -1.759
 496    14000  3.00   -1.259   -0.920   -1.271   -1.548   -1.770
 497    14000  3.50   -1.299   -0.920   -1.275   -1.554   -1.781
 498    14000  4.00   -1.330   -0.923   -1.277   -1.557   -1.790
 499    14000  4.50   -1.354   -0.926   -1.278   -1.557   -1.798
 500    14000  5.00   -1.371   -0.930   -1.276   -1.555   -1.803
 501    15000  2.50   -1.287   -1.087   -1.441   -1.722   -1.957
 502    15000  3.00   -1.342   -1.083   -1.449   -1.735   -1.970
 503    15000  3.50   -1.383   -1.086   -1.455   -1.743   -1.983
 504    15000  4.00   -1.414   -1.090   -1.459   -1.747   -1.993
 505    15000  4.50   -1.437   -1.094   -1.460   -1.748   -2.000
 506    15000  5.00   -1.453   -1.097   -1.459   -1.746   -2.006
 507    16000  2.50   -1.362   -1.238   -1.604   -1.893   -2.141
 508    16000  3.00   -1.423   -1.236   -1.615   -1.909   -2.157
 509    16000  3.50   -1.468   -1.241   -1.624   -1.920   -2.171
 510    16000  4.00   -1.499   -1.247   -1.630   -1.926   -2.182
 511    16000  4.50   -1.522   -1.252   -1.631   -1.928   -2.190
 512    16000  5.00   -1.537   -1.256   -1.631   -1.926   -2.195
 513    17000  2.50   -1.433   -1.380   -1.757   -2.053   -2.312
 514    17000  3.00   -1.501   -1.380   -1.771   -2.073   -2.332
 515    17000  3.50   -1.550   -1.388   -1.783   -2.086   -2.348
 516    17000  4.00   -1.584   -1.395   -1.790   -2.094   -2.360
 517    17000  4.50   -1.607   -1.401   -1.794   -2.097   -2.369
 518    17000  5.00   -1.622   -1.406   -1.794   -2.097   -2.374
 519    18000  2.50   -1.501   -1.514   -1.900   -2.202   -2.472
 520    18000  3.00   -1.575   -1.515   -1.917   -2.225   -2.494
 521    18000  3.50   -1.628   -1.525   -1.932   -2.242   -2.513
 522    18000  4.00   -1.666   -1.535   -1.941   -2.252   -2.527
 523    18000  4.50   -1.690   -1.542   -1.946   -2.256   -2.536
 524    18000  5.00   -1.706   -1.547   -1.947   -2.257   -2.542
 525    19000  2.50   -1.567   -1.639   -2.033   -2.341   -2.620
 526    19000  3.00   -1.647   -1.642   -2.054   -2.369   -2.647
 527    19000  3.50   -1.704   -1.655   -2.072   -2.388   -2.668
 528    19000  4.00   -1.744   -1.666   -2.084   -2.400   -2.683
 529    19000  4.50   -1.771   -1.675   -2.090   -2.406   -2.694
 530    19000  5.00   -1.787   -1.681   -2.092   -2.408   -2.700
 531    20000  3.00   -1.716   -1.762   -2.183   -2.503   -2.789
 532    20000  3.50   -1.776   -1.777   -2.204   -2.526   -2.813
 533    20000  4.00   -1.819   -1.790   -2.218   -2.540   -2.830
 534    20000  4.50   -1.847   -1.800   -2.226   -2.548   -2.842
 535    20000  5.00   -1.865   -1.808   -2.229   -2.551   -2.850
 536    21000  3.00   -1.782   -1.874   -2.304   -2.629   -2.923
 537    21000  3.50   -1.847   -1.892   -2.328   -2.656   -2.950
 538    21000  4.00   -1.891   -1.907   -2.344   -2.672   -2.969
 539    21000  4.50   -1.921   -1.919   -2.354   -2.681   -2.982
 540    21000  5.00   -1.940   -1.927   -2.358   -2.685   -2.990
 541    22000  3.00   -1.844   -1.979   -2.417   -2.747   -3.048
 542    22000  3.50   -1.914   -2.000   -2.445   -2.778   -3.079
 543    22000  4.00   -1.961   -2.018   -2.464   -2.797   -3.100
 544    22000  4.50   -1.993   -2.031   -2.475   -2.808   -3.114
 545    22000  5.00   -2.012   -2.041   -2.481   -2.813   -3.123
 546    23000  3.00   -1.901   -2.076   -2.522   -2.857   -3.164
 547    23000  3.50   -1.979   -2.102   -2.556   -2.893   -3.201
 548    23000  4.00   -2.029   -2.123   -2.577   -2.915   -3.224
 549    23000  4.50   -2.062   -2.138   -2.590   -2.928   -3.240
 550    23000  5.00   -2.082   -2.148   -2.597   -2.934   -3.249
 551    24000  3.00   -1.953   -2.165   -2.619   -2.958   -3.271
 552    24000  3.50   -2.039   -2.198   -2.659   -3.002   -3.315
 553    24000  4.00   -2.094   -2.222   -2.684   -3.027   -3.342
 554    24000  4.50   -2.128   -2.238   -2.699   -3.041   -3.359
 555    24000  5.00   -2.150   -2.250   -2.707   -3.049   -3.369
 556    25000  3.00   -1.993   -2.244   -2.703   -3.048   -3.366
 557    25000  3.50   -2.096   -2.287   -2.756   -3.103   -3.421
 558    25000  4.00   -2.155   -2.315   -2.785   -3.132   -3.452
 559    25000  4.50   -2.192   -2.333   -2.802   -3.149   -3.471
 560    25000  5.00   -2.214   -2.346   -2.811   -3.158   -3.483
 561    26000  3.00   -2.019   -2.310   -2.773   -3.120   -3.443
 562    26000  3.50   -2.147   -2.369   -2.846   -3.197   -3.520
 563    26000  4.00   -2.212   -2.402   -2.880   -3.231   -3.556
 564    26000  4.50   -2.251   -2.423   -2.899   -3.250   -3.577
 565    26000  5.00   -2.276   -2.437   -2.910   -3.261   -3.590
 566    27000  3.50   -2.189   -2.442   -2.926   -3.282   -3.610
 567    27000  4.00   -2.264   -2.482   -2.968   -3.324   -3.653
 568    27000  4.50   -2.307   -2.506   -2.990   -3.346   -3.677
 569    27000  5.00   -2.333   -2.522   -3.003   -3.358   -3.691
 570    28000  3.50   -2.223   -2.507   -2.997   -3.356   -3.689
 571    28000  4.00   -2.310   -2.556   -3.049   -3.409   -3.743
 572    28000  4.50   -2.358   -2.584   -3.075   -3.435   -3.770
 573    28000  5.00   -2.386   -2.601   -3.089   -3.449   -3.786
 574    29000  3.50   -2.251   -2.565   -3.059   -3.421   -3.757
 575    29000  4.00   -2.349   -2.622   -3.122   -3.486   -3.824
 576    29000  4.50   -2.404   -2.656   -3.154   -3.518   -3.857
 577    29000  5.00   -2.434   -2.675   -3.170   -3.534   -3.875
 578    30000  3.50   -2.283   -2.624   -3.120   -3.482   -3.821
 579    30000  4.00   -2.383   -2.682   -3.188   -3.555   -3.896
 580    30000  4.50   -2.444   -2.721   -3.226   -3.593   -3.936
 581    30000  5.00   -2.478   -2.743   -3.245   -3.612   -3.957
 582    31000  3.50   -2.325   -2.688   -3.185   -3.545   -3.886
 583    31000  4.00   -2.415   -2.739   -3.249   -3.619   -3.963
 584    31000  4.50   -2.480   -2.781   -3.291   -3.662   -4.008
 585    31000  5.00   -2.517   -2.806   -3.314   -3.685   -4.032
 586    32000  4.00   -2.449   -2.795   -3.309   -3.679   -4.026
 587    32000  4.50   -2.513   -2.837   -3.353   -3.726   -4.075
 588    32000  5.00   -2.553   -2.865   -3.378   -3.752   -4.102
 589    33000  4.00   -2.491   -2.855   -3.372   -3.742   -4.091
 590    33000  4.50   -2.547   -2.892   -3.412   -3.787   -4.138
 591    33000  5.00   -2.587   -2.920   -3.439   -3.815   -4.168
 592    34000  4.00   -2.542   -2.920   -3.439   -3.807   -4.159
 593    34000  4.50   -2.587   -2.949   -3.473   -3.848   -4.201
 594    34000  5.00   -2.623   -2.975   -3.499   -3.876   -4.231
 595    35000  4.00   -2.600   -2.991   -3.509   -3.875   -4.229
 596    35000  4.50   -2.633   -3.010   -3.537   -3.911   -4.267
 597    35000  5.00   -2.664   -3.032   -3.560   -3.937   -4.294
 598    36000  4.00   -2.665   -3.066   -3.585   -3.948   -4.303
 599    36000  4.50   -2.686   -3.074   -3.603   -3.976   -4.333
 600    36000  5.00   -2.711   -3.092   -3.623   -4.000   -4.358
 601    37000  4.00   -2.737   -3.144   -3.664   -4.026   -4.381
 602    37000  4.50   -2.746   -3.143   -3.674   -4.044   -4.403
 603    37000  5.00   -2.763   -3.155   -3.688   -4.064   -4.424
 604    38000  4.00   -2.811   -3.225   -3.746   -4.107   -4.463
 605    38000  4.50   -2.811   -3.216   -3.748   -4.116   -4.476
 606    38000  5.00   -2.821   -3.221   -3.757   -4.130   -4.492
 607    39000  4.00   -2.887   -3.306   -3.828   -4.189   -4.545
 608    39000  4.50   -2.880   -3.292   -3.825   -4.191   -4.552
 609    39000  5.00   -2.883   -3.291   -3.829   -4.200   -4.563
 610    40000  4.50   -2.952   -3.369   -3.903   -4.269   -4.631
 611    40000  5.00   -2.950   -3.364   -3.903   -4.273   -4.637
 612    41000  4.50   -3.025   -3.447   -3.982   -4.348   -4.711
 613    41000  5.00   -3.020   -3.438   -3.979   -4.347   -4.713
 614    42000  4.50   -3.098   -3.523   -4.061   -4.426   -4.790
 615    42000  5.00   -3.091   -3.514   -4.056   -4.424   -4.790
 616    43000  4.50   -3.170   -3.599   -4.138   -4.504   -4.868
 617    43000  5.00   -3.162   -3.589   -4.133   -4.500   -4.868
 618    44000  4.50   -3.240   -3.673   -4.214   -4.580   -4.945
 619    44000  5.00   -3.233   -3.663   -4.209   -4.576   -4.945
 620    45000  4.50   -3.309   -3.746   -4.288   -4.654   -5.021
 621    45000  5.00   -3.303   -3.737   -4.284   -4.651   -5.021
 622    46000  4.50   -3.377   -3.817   -4.360   -4.727   -5.094
 623    46000  5.00   -3.372   -3.809   -4.357   -4.725   -5.095
 624    47000  4.50   -3.443   -3.886   -4.431   -4.799   -5.166
 625    47000  5.00   -3.439   -3.879   -4.429   -4.798   -5.169
 626    48000  4.50   -3.508   -3.954   -4.500   -4.868   -5.236
 627    48000  5.00   -3.505   -3.948   -4.500   -4.869   -5.240
 628    49000  4.50   -3.571   -4.021   -4.567   -4.937   -5.305
 629    49000  5.00   -3.570   -4.016   -4.569   -4.938   -5.310
 630    50000  5.00   -3.633   -4.082   -4.636   -5.006   -5.379
 631    56101  5.00   -3.710   -4.197   -4.724   -5.103   -5.454
 632    62946  5.00   -4.037   -4.536   -5.073   -5.456   -5.811
 633    70627  5.00   -4.370   -4.879   -5.424   -5.812   -6.170
 634    79245  5.00   -4.708   -5.226   -5.779   -6.170   -6.531
 635    88914  5.00   -5.050   -5.576   -6.135   -6.530   -6.894
 636    99763  5.00   -5.396   -5.929   -6.494   -6.892   -7.258
 637   111936  5.00   -5.745   -6.285   -6.854   -7.255   -7.623
 638   125595  5.00   -6.097   -6.643   -7.217   -7.619   -7.989
 639   140920  5.00   -6.452   -7.002   -7.580   -7.985   -8.356
 640   158115  5.00   -6.809   -7.364   -7.945   -8.352   -8.724
 641   177407  5.00   -7.168   -7.727   -8.311   -8.719   -9.093
 642   199055  5.00   -7.529   -8.091   -8.678   -9.088   -9.463
 643   223343  5.00   -7.891   -8.456   -9.046   -9.457   -9.833
 644   250595  5.00   -8.255   -8.823   -9.415   -9.827  -10.203
 645   281172  5.00   -8.620   -9.190   -9.784  -10.197  -10.575
 646   315481  5.00   -8.987   -9.559  -10.154  -10.568  -10.946
 647   353975  5.00   -9.354   -9.928  -10.525  -10.940  -11.318
 648   397167  5.00   -9.722  -10.297  -10.896  -11.311  -11.690
 649   445629  5.00  -10.091  -10.668  -11.267  -11.683  -12.063
 650   500004  5.00  -10.460  -11.038  -11.639  -12.056  -12.436
 651   561014  5.00  -10.830  -11.410  -12.011  -12.428  -12.809
 652   629469  5.00  -11.201  -11.781  -12.384  -12.801  -13.182
 653   706276  5.00  -11.572  -12.153  -12.756  -13.175  -13.556
 654   792455  5.00  -11.944  -12.526  -13.129  -13.548  -13.929
 655   889149  5.00  -12.316  -12.898  -13.503  -13.922  -14.303
 656   997642  5.00  -12.688  -13.271  -13.876  -14.295  -14.677
 657  1119373  5.00  -13.060  -13.644  -14.250  -14.669  -15.051
 658  1255958  5.00  -13.433  -14.018  -14.623  -15.043  -15.425
 659  1409209  5.00  -13.806  -14.391  -14.997  -15.417  -15.799
 660  1581159  5.00  -14.180  -14.765  -15.371  -15.791  -16.174
 661  1774090  5.00  -14.553  -15.139  -15.745  -16.166  -16.548
 662  1990563  5.00  -14.927  -15.513  -16.120  -16.540  -16.922
 663  2233450  5.00  -15.301  -15.887  -16.494  -16.914  -17.297
 664  2505973  5.00  -15.674  -16.261  -16.868  -17.289  -17.672
 665  2811749  5.00  -16.048  -16.635  -17.243  -17.663  -18.046
 666  3154836  5.00  -16.423  -17.010  -17.617  -18.038  -18.421
 667  3539785  5.00  -16.797  -17.384  -17.992  -18.413  -18.796
 668  3971706  5.00  -17.171  -17.759  -18.366  -18.787  -19.170
 669  4456330  5.00  -17.546  -18.133  -18.741  -19.162  -19.545
# BCs for Fluks et al. 1994 M-giant spectra:
#  n     Teff  logg        u        g        r        i        z
   0     3810  0.00   -5.232   -2.180   -0.743   -0.151    0.214
   1     3736  0.00   -5.480   -2.411   -0.956   -0.216    0.214
   2     3666  0.00   -5.741   -2.663   -1.199   -0.300    0.201
   3     3574  0.00   -5.963   -3.071   -1.567   -0.467    0.136
   4     3434  0.00   -6.474   -3.757   -2.226   -0.821    0.018
   5     3309  0.00   -7.001   -4.788   -3.149   -1.410   -0.171
   6     3126  0.00   -7.946   -6.208   -4.480   -2.215   -0.581
   7     2890  0.00   -8.652   -7.675   -5.306   -2.820   -0.984
   8     2667  0.00   -9.374   -8.706   -5.828   -3.150   -1.145
   9     2500  0.00  -10.108   -9.436   -6.407   -3.451   -1.145
