# BCs for ATLAS9 + DUSTY99 + blackbody spectra:
#  n     Teff  logg        u        g        r        i        z
   0      500  3.50  -999999  -75.426  -56.344  -43.599  -32.213
   1      500  4.00  -999999  -74.184  -55.412  -42.855  -31.659
   2      500  4.50  -999999  -73.813  -54.918  -42.260  -31.021
   3      500  5.00  -999999  -71.368  -52.914  -40.544  -29.660
   4      500  5.50  -999999  -68.196  -50.346  -38.398  -28.014
   5      500  6.00  -999999  -64.992  -47.769  -36.268  -26.405
   6      600  3.50  -999999  -61.322  -45.433  -34.897  -25.898
   7      600  4.00  -999999  -60.586  -44.858  -34.431  -25.539
   8      600  4.50  -999999  -62.429  -46.093  -35.198  -25.908
   9      600  5.00  -999999  -60.516  -44.488  -33.794  -24.755
  10      600  5.50  -999999  -58.122  -42.519  -32.115  -23.420
  11      600  6.00  -83.453  -55.492  -40.411  -30.379  -22.083
  12      700  3.50  -73.659  -50.448  -37.000  -28.178  -20.899
  13      700  4.00  -72.828  -49.855  -36.543  -27.815  -20.620
  14      700  4.50  -75.104  -51.333  -37.543  -28.432  -20.928
  15      700  5.00  -73.878  -50.388  -36.722  -27.672  -20.256
  16      700  5.50  -71.387  -48.481  -35.102  -26.217  -19.031
  17      700  6.00  -68.144  -46.061  -33.126  -24.546  -17.712
  18      800  3.50  -60.228  -40.772  -29.414  -22.025  -16.153
  19      800  4.00  -60.458  -40.971  -29.597  -22.194  -16.292
  20      800  4.50  -62.323  -42.205  -30.434  -22.711  -16.583
  21      800  5.00  -61.277  -41.321  -29.620  -21.934  -15.913
  22      800  5.50  -59.737  -39.974  -28.411  -20.852  -15.032
  23      800  6.00  -57.034  -37.827  -26.674  -19.462  -13.977
  24      900  3.50  -48.877  -32.507  -23.057  -17.083  -12.457
  25      900  4.00  -48.985  -32.496  -22.988  -16.969  -12.333
  26      900  4.50  -51.167  -33.915  -23.952  -17.599  -12.746
  27      900  5.00  -49.149  -32.163  -22.457  -16.332  -11.721
  28      900  5.50  -49.234  -32.210  -22.485  -16.348  -11.731
  29     1000  3.50  -43.169  -28.440  -20.001  -14.758  -10.726
  30     1000  4.00  -42.263  -27.729  -19.419  -14.272  -10.328
  31     1000  4.50  -42.328  -27.565  -19.183  -14.007  -10.078
  32     1000  5.00  -42.417  -27.395  -18.946  -13.746   -9.835
  33     1000  5.50  -41.939  -26.931  -18.541  -13.394   -9.538
  34     1000  6.00  -40.268  -25.730  -17.633  -12.695   -8.990
  35     1100  3.50  -37.814  -24.635  -17.121  -12.535   -9.032
  36     1100  4.00  -37.410  -24.323  -16.866  -12.320   -8.853
  37     1100  4.50  -37.378  -24.158  -16.677  -12.126   -8.675
  38     1100  5.00  -36.911  -23.632  -16.187  -11.680   -8.289
  39     1100  5.50  -36.230  -22.979  -15.617  -11.184   -7.870
  40     1100  6.00  -43.583  -28.854  -20.415  -15.172  -11.140
  41     1200  3.50  -33.025  -21.284  -14.570  -10.521   -7.459
  42     1200  4.00  -33.025  -21.284  -14.570  -10.521   -7.459
  43     1200  4.50  -33.025  -21.284  -14.570  -10.521   -7.459
  44     1200  5.00  -33.254  -21.230  -14.422  -10.335   -7.269
  45     1200  6.00  -31.614  -19.808  -13.237   -9.335   -6.434
  46     1300  3.50  -28.790  -18.349  -12.335   -8.746   -6.059
  47     1300  4.00  -28.821  -18.386  -12.367   -8.773   -6.081
  48     1300  4.50  -29.567  -18.859  -12.699   -9.019   -6.266
  49     1300  5.00  -29.588  -18.822  -12.639   -8.951   -6.198
  50     1300  5.50  -29.505  -18.604  -12.414   -8.741   -6.012
  51     1300  6.00  -33.168  -21.497  -14.816  -10.789   -7.743
  52     1400  3.50  -25.259  -15.919  -10.499   -7.299   -4.921
  53     1400  4.00  -25.301  -15.952  -10.523   -7.316   -4.935
  54     1400  4.50  -25.765  -16.240  -10.709   -7.442   -5.018
  55     1400  5.00  -26.244  -16.531  -10.911   -7.591   -5.130
  56     1400  5.50  -26.156  -16.282  -10.659   -7.362   -4.923
  57     1400  6.00  -26.172  -16.287  -10.661   -7.364   -4.924
  58     1500  3.50  -22.608  -14.096   -9.093   -6.154   -3.948
  59     1500  4.00  -22.501  -14.034   -9.068   -6.156   -3.987
  60     1500  4.50  -22.995  -14.315   -9.251   -6.288   -4.099
  61     1500  5.00  -23.214  -14.440   -9.333   -6.347   -4.145
  62     1500  5.50  -23.433  -14.534   -9.384   -6.381   -4.166
  63     1500  6.00  -23.488  -14.512   -9.354   -6.355   -4.139
  64     1600  3.50  -20.702  -12.588   -7.862   -5.116   -2.947
  65     1600  4.00  -20.483  -12.553   -7.881   -5.151   -3.038
  66     1600  4.50  -20.577  -12.608   -7.931   -5.218   -3.161
  67     1600  5.00  -20.679  -12.690   -8.002   -5.289   -3.265
  68     1600  5.50  -20.855  -12.772   -8.056   -5.336   -3.323
  69     1600  6.00  -21.006  -12.830   -8.098   -5.373   -3.359
  70     1700  3.50  -18.968  -11.019   -6.816   -4.212   -2.014
  71     1700  4.00  -18.593  -10.641   -6.446   -3.948   -1.872
  72     1700  4.50  -17.404   -9.707   -5.812   -3.415   -1.417
  73     1700  5.00  -18.457  -10.810   -6.543   -4.026   -2.012
  74     1700  5.50  -18.710  -11.201   -6.844   -4.322   -2.355
  75     1700  6.00  -18.890  -11.363   -6.994   -4.499   -2.599
  76     1800  3.50  -17.527   -9.963   -6.251   -3.690   -1.498
  77     1800  4.00  -17.185   -9.761   -6.039   -3.567   -1.459
  78     1800  4.50  -16.210   -9.064   -5.490   -3.169   -1.187
  79     1800  5.00  -16.087   -9.043   -5.457   -3.134   -1.188
  80     1800  5.50  -16.877   -9.702   -5.825   -3.481   -1.549
  81     1800  6.00  -16.975   -9.805   -5.858   -3.525   -1.603
  82     1900  3.50  -14.996   -8.766   -5.716   -3.156   -0.988
  83     1900  4.00  -16.116   -9.002   -5.726   -3.214   -1.101
  84     1900  4.50  -17.063   -9.589   -5.980   -3.476   -1.406
  85     1900  5.00  -16.059   -8.959   -5.497   -3.129   -1.163
  86     1900  5.50  -16.039   -9.193   -5.593   -3.294   -1.357
  87     1900  6.00  -15.982   -9.228   -5.553   -3.348   -1.455
  88     2000  3.50  -13.075   -8.029   -5.522   -2.869   -0.721
  89     2000  4.00  -14.452   -8.149   -5.382   -2.820   -0.748
  90     2000  4.50  -15.259   -8.234   -5.279   -2.785   -0.777
  91     2000  5.00  -15.694   -8.457   -5.306   -2.865   -0.903
  92     2000  5.50  -15.647   -8.874   -5.474   -3.131   -1.197
  93     2000  6.00  -15.163   -8.696   -5.270   -3.110   -1.236
  94     2100  4.00  -12.780   -7.449   -5.123   -2.524   -0.511
  95     2100  5.00  -14.558   -7.568   -4.868   -2.391   -0.507
  96     2100  5.50  -15.276   -8.144   -5.126   -2.697   -0.801
  97     2100  6.00  -15.070   -8.455   -5.206   -2.957   -1.049
  98     2200  3.50  -10.055   -6.616   -4.893   -2.265   -0.298
  99     2200  4.00  -11.206   -6.771   -4.809   -2.228   -0.310
 100     2200  4.50  -12.532   -6.942   -4.776   -2.191   -0.310
 101     2200  5.00  -13.703   -7.082   -4.689   -2.145   -0.328
 102     2200  5.50  -14.523   -7.397   -4.760   -2.266   -0.464
 103     2200  6.00  -14.607   -7.527   -4.723   -2.386   -0.551
 104     2300  3.50   -9.020   -6.025   -4.487   -1.962   -0.144
 105     2300  4.00  -10.014   -6.177   -4.436   -1.931   -0.151
 106     2300  4.50  -11.285   -6.396   -4.476   -1.922   -0.157
 107     2300  5.00  -12.681   -6.607   -4.457   -1.900   -0.182
 108     2300  5.50  -13.717   -6.809   -4.473   -1.937   -0.240
 109     2300  6.00  -13.977   -6.904   -4.397   -1.986   -0.280
 110     2400  3.50   -8.222   -5.499   -4.033   -1.665   -0.016
 111     2400  4.00   -9.039   -5.633   -4.014   -1.641   -0.020
 112     2400  4.50  -10.140   -5.851   -4.104   -1.648   -0.021
 113     2400  5.50  -12.632   -6.256   -4.159   -1.627   -0.054
 114     2400  6.00  -13.403   -6.453   -4.160   -1.704   -0.122
 115     2500  3.50   -7.683   -5.068   -3.591   -1.402    0.075
 116     2500  4.00   -8.307   -5.157   -3.577   -1.372    0.082
 117     2500  4.50   -9.237   -5.369   -3.713   -1.396    0.084
 118     2500  5.00  -10.386   -5.565   -3.763   -1.371    0.089
 119     2500  5.50  -11.665   -5.796   -3.839   -1.374    0.064
 120     2500  6.00  -12.595   -5.991   -3.875   -1.421    0.020
 121     2600  3.50   -7.258   -4.696   -3.199   -1.180    0.144
 122     2600  4.00   -7.747   -4.747   -3.174   -1.143    0.157
 123     2600  4.50   -8.517   -4.935   -3.322   -1.167    0.167
 124     2600  5.00   -9.444   -5.096   -3.366   -1.142    0.179
 125     2600  5.50  -10.636   -5.322   -3.463   -1.140    0.168
 126     2600  6.00  -11.692   -5.560   -3.560   -1.179    0.125
 127     2700  3.50   -6.917   -4.388   -2.886   -1.011    0.190
 128     2700  4.00   -7.279   -4.386   -2.821   -0.954    0.215
 129     2700  4.50   -7.903   -4.537   -2.953   -0.968    0.234
 130     2700  5.00   -8.668   -4.672   -2.985   -0.945    0.246
 131     2700  5.50   -9.699   -4.877   -3.080   -0.938    0.245
 132     2700  6.00  -10.776   -5.117   -3.201   -0.959    0.217
 133     2800  5.00  -10.704   -4.186   -2.066   -0.318    0.434
 134     2800  5.50  -11.624   -4.315   -2.086   -0.231    0.509
 135     2900  5.00   -9.800   -3.846   -1.788   -0.267    0.417
 136     2900  5.50  -10.661   -3.974   -1.836   -0.190    0.483
 137     3000  5.00   -8.979   -3.536   -1.540   -0.218    0.403
 138     3000  5.50   -9.775   -3.663   -1.602   -0.153    0.460
 139     3100  5.00   -8.231   -3.257   -1.323   -0.173    0.392
 140     3100  5.50   -8.936   -3.379   -1.387   -0.119    0.439
 141     3200  5.00   -7.578   -3.009   -1.139   -0.133    0.385
 142     3200  5.50   -8.176   -3.119   -1.194   -0.088    0.423
 143     3300  5.00   -7.009   -2.782   -0.980   -0.092    0.382
 144     3300  5.50   -7.478   -2.878   -1.023   -0.058    0.412
 145     3400  5.00   -6.516   -2.577   -0.843   -0.053    0.382
 146     3400  5.50   -6.844   -2.657   -0.875   -0.028    0.404
 147     3500  5.00   -6.089   -2.388   -0.727   -0.016    0.382
 148     3500  5.50   -6.274   -2.453   -0.748    0.001    0.399
 149     3600  5.00   -5.696   -2.216   -0.629    0.015    0.381
 150     3600  5.50   -5.787   -2.268   -0.642    0.028    0.394
 151     3700  5.00   -5.330   -2.054   -0.549    0.043    0.380
 152     3700  5.50   -5.399   -2.106   -0.559    0.051    0.388
 153     3800  5.00   -5.002   -1.901   -0.482    0.066    0.379
 154     3800  5.50   -5.084   -1.943   -0.477    0.081    0.393
 155     3500  0.00   -7.154   -3.270   -1.204   -0.324    0.194
 156     3500  0.50   -6.614   -2.903   -1.009   -0.226    0.243
 157     3500  1.00   -6.048   -2.579   -0.847   -0.140    0.293
 158     3500  1.50   -5.519   -2.344   -0.734   -0.073    0.337
 159     3500  2.00   -5.132   -2.218   -0.676   -0.032    0.367
 160     3500  2.50   -4.895   -2.143   -0.637   -0.005    0.387
 161     3500  3.00   -4.785   -2.109   -0.610    0.014    0.401
 162     3500  3.50   -4.775   -2.105   -0.587    0.033    0.414
 163     3500  4.00   -4.847   -2.123   -0.560    0.056    0.432
 164     3500  4.50   -4.981   -2.144   -0.528    0.090    0.458
 165     3500  5.00   -5.167   -2.151   -0.488    0.137    0.495
 166     3750  0.00   -6.399   -2.768   -0.937   -0.177    0.261
 167     3750  0.50   -5.985   -2.508   -0.829   -0.147    0.257
 168     3750  1.00   -5.526   -2.271   -0.733   -0.113    0.263
 169     3750  1.50   -5.052   -2.065   -0.643   -0.070    0.286
 170     3750  2.00   -4.655   -1.922   -0.574   -0.023    0.320
 171     3750  2.50   -4.389   -1.842   -0.530    0.016    0.353
 172     3750  3.00   -4.229   -1.797   -0.502    0.041    0.374
 173     3750  3.50   -4.162   -1.777   -0.479    0.061    0.390
 174     3750  4.00   -4.170   -1.776   -0.457    0.080    0.406
 175     3750  4.50   -4.241   -1.787   -0.429    0.105    0.425
 176     3750  5.00   -4.365   -1.801   -0.394    0.139    0.452
 177     4000  0.00   -5.462   -2.212   -0.639   -0.004    0.353
 178     4000  0.50   -5.091   -2.013   -0.572    0.003    0.334
 179     4000  1.00   -4.702   -1.840   -0.524    0.003    0.316
 180     4000  1.50   -4.339   -1.705   -0.488    0.004    0.304
 181     4000  2.00   -4.048   -1.608   -0.457    0.011    0.302
 182     4000  2.50   -3.847   -1.548   -0.425    0.037    0.322
 183     4000  3.00   -3.719   -1.511   -0.394    0.069    0.351
 184     4000  3.50   -3.642   -1.486   -0.368    0.095    0.375
 185     4000  4.00   -3.623   -1.479   -0.350    0.114    0.391
 186     4000  4.50   -3.655   -1.484   -0.334    0.130    0.404
 187     4000  5.00   -3.733   -1.496   -0.310    0.151    0.421
 188     4250  0.00   -4.461   -1.712   -0.401    0.116    0.400
 189     4250  0.50   -4.164   -1.578   -0.366    0.111    0.378
 190     4250  1.00   -3.863   -1.459   -0.340    0.102    0.357
 191     4250  1.50   -3.591   -1.364   -0.322    0.095    0.340
 192     4250  2.00   -3.372   -1.294   -0.309    0.089    0.329
 193     4250  2.50   -3.218   -1.249   -0.296    0.092    0.327
 194     4250  3.00   -3.132   -1.228   -0.282    0.107    0.340
 195     4250  3.50   -3.102   -1.219   -0.264    0.129    0.361
 196     4250  4.00   -3.100   -1.216   -0.250    0.147    0.378
 197     4250  4.50   -3.124   -1.217   -0.238    0.160    0.390
 198     4250  5.00   -3.180   -1.225   -0.226    0.173    0.400
 199     4500  0.00   -3.574   -1.287   -0.225    0.185    0.404
 200     4500  0.50   -3.334   -1.207   -0.214    0.171    0.382
 201     4500  1.00   -3.112   -1.139   -0.207    0.159    0.363
 202     4500  1.50   -2.924   -1.084   -0.202    0.148    0.347
 203     4500  2.00   -2.782   -1.043   -0.197    0.141    0.336
 204     4500  2.50   -2.688   -1.016   -0.192    0.139    0.331
 205     4500  3.00   -2.637   -1.002   -0.184    0.144    0.334
 206     4500  3.50   -2.618   -0.999   -0.175    0.157    0.346
 207     4500  4.00   -2.628   -1.000   -0.163    0.173    0.362
 208     4500  4.50   -2.653   -1.002   -0.153    0.188    0.375
 209     4500  5.00   -2.695   -1.005   -0.143    0.200    0.386
 210     4750  0.00   -2.918   -0.959   -0.109    0.214    0.383
 211     4750  0.50   -2.713   -0.913   -0.113    0.197    0.360
 212     4750  1.00   -2.529   -0.878   -0.118    0.180    0.341
 213     4750  1.50   -2.377   -0.852   -0.123    0.166    0.325
 214     4750  2.00   -2.268   -0.835   -0.127    0.157    0.314
 215     4750  2.50   -2.205   -0.825   -0.126    0.154    0.309
 216     4750  3.00   -2.181   -0.820   -0.121    0.157    0.311
 217     4750  3.50   -2.185   -0.821   -0.113    0.167    0.319
 218     4750  4.00   -2.201   -0.824   -0.105    0.180    0.332
 219     4750  4.50   -2.229   -0.829   -0.095    0.194    0.345
 220     4750  5.00   -2.263   -0.832   -0.086    0.207    0.358
 221     5000  0.00   -2.455   -0.714   -0.034    0.220    0.348
 222     5000  0.50   -2.286   -0.692   -0.046    0.200    0.326
 223     5000  1.00   -2.134   -0.678   -0.059    0.182    0.306
 224     5000  1.50   -2.007   -0.672   -0.072    0.166    0.290
 225     5000  2.00   -1.908   -0.671   -0.082    0.153    0.277
 226     5000  2.50   -1.844   -0.672   -0.088    0.146    0.270
 227     5000  3.00   -1.818   -0.675   -0.087    0.147    0.269
 228     5000  3.50   -1.822   -0.679   -0.081    0.155    0.276
 229     5000  4.00   -1.844   -0.685   -0.072    0.167    0.288
 230     5000  4.50   -1.873   -0.691   -0.062    0.181    0.301
 231     5000  5.00   -1.905   -0.695   -0.052    0.195    0.315
 232     5250  0.00   -2.126   -0.525    0.014    0.209    0.307
 233     5250  0.50   -1.991   -0.522   -0.003    0.190    0.285
 234     5250  1.00   -1.868   -0.524   -0.019    0.173    0.266
 235     5250  1.50   -1.762   -0.531   -0.036    0.156    0.250
 236     5250  2.00   -1.676   -0.542   -0.051    0.142    0.236
 237     5250  2.50   -1.610   -0.554   -0.063    0.131    0.226
 238     5250  3.00   -1.570   -0.563   -0.068    0.126    0.221
 239     5250  3.50   -1.558   -0.571   -0.066    0.130    0.224
 240     5250  4.00   -1.570   -0.577   -0.058    0.140    0.234
 241     5250  4.50   -1.594   -0.582   -0.048    0.154    0.247
 242     5250  5.00   -1.622   -0.587   -0.037    0.169    0.261
 243     5500  0.00   -1.888   -0.374    0.043    0.187    0.262
 244     5500  0.50   -1.786   -0.385    0.026    0.171    0.242
 245     5500  1.00   -1.687   -0.399    0.008    0.156    0.224
 246     5500  1.50   -1.598   -0.416   -0.010    0.140    0.207
 247     5500  2.00   -1.523   -0.436   -0.028    0.126    0.193
 248     5500  2.50   -1.460   -0.456   -0.044    0.113    0.181
 249     5500  3.00   -1.412   -0.474   -0.056    0.104    0.173
 250     5500  3.50   -1.383   -0.487   -0.060    0.101    0.171
 251     5500  4.00   -1.375   -0.495   -0.057    0.107    0.176
 252     5500  4.50   -1.385   -0.501   -0.048    0.119    0.187
 253     5500  5.00   -1.405   -0.505   -0.037    0.134    0.201
 254     5750  0.00   -1.713   -0.249    0.060    0.155    0.214
 255     5750  0.50   -1.638   -0.269    0.043    0.145    0.196
 256     5750  1.00   -1.561   -0.292    0.026    0.133    0.179
 257     5750  1.50   -1.487   -0.317    0.007    0.119    0.164
 258     5750  2.00   -1.421   -0.344   -0.012    0.105    0.149
 259     5750  2.50   -1.362   -0.372   -0.030    0.091    0.135
 260     5750  3.00   -1.311   -0.397   -0.046    0.080    0.125
 261     5750  3.50   -1.270   -0.418   -0.057    0.072    0.119
 262     5750  4.00   -1.245   -0.431   -0.060    0.072    0.119
 263     5750  4.50   -1.237   -0.439   -0.055    0.080    0.126
 264     5750  5.00   -1.243   -0.443   -0.045    0.093    0.139
 265     6000  0.00   -1.576   -0.143    0.066    0.116    0.165
 266     6000  0.50   -1.530   -0.169    0.053    0.112    0.150
 267     6000  1.00   -1.473   -0.198    0.038    0.104    0.134
 268     6000  1.50   -1.412   -0.229    0.020    0.094    0.119
 269     6000  2.00   -1.354   -0.262    0.001    0.082    0.104
 270     6000  2.50   -1.298   -0.296   -0.020    0.068    0.090
 271     6000  3.00   -1.247   -0.328   -0.039    0.055    0.078
 272     6000  3.50   -1.201   -0.356   -0.055    0.044    0.068
 273     6000  4.00   -1.162   -0.377   -0.064    0.039    0.064
 274     6000  4.50   -1.137   -0.390   -0.065    0.041    0.066
 275     6000  5.00   -1.128   -0.396   -0.059    0.051    0.076
 276     6250  0.50   -1.443   -0.082    0.055    0.072    0.102
 277     6250  1.00   -1.407   -0.114    0.043    0.071    0.089
 278     6250  1.50   -1.360   -0.149    0.028    0.065    0.074
 279     6250  2.00   -1.310   -0.187    0.009    0.055    0.059
 280     6250  2.50   -1.259   -0.226   -0.012    0.043    0.045
 281     6250  3.00   -1.208   -0.264   -0.033    0.030    0.031
 282     6250  3.50   -1.159   -0.299   -0.053    0.017    0.019
 283     6250  4.00   -1.113   -0.327   -0.067    0.008    0.012
 284     6250  4.50   -1.075   -0.347   -0.075    0.004    0.009
 285     6250  5.00   -1.049   -0.358   -0.074    0.009    0.014
 286     6500  0.50   -1.363   -0.003    0.045    0.024    0.049
 287     6500  1.00   -1.352   -0.039    0.042    0.031    0.041
 288     6500  1.50   -1.321   -0.077    0.030    0.030    0.028
 289     6500  2.00   -1.281   -0.117    0.013    0.025    0.014
 290     6500  2.50   -1.235   -0.160   -0.007    0.015   -0.001
 291     6500  3.00   -1.186   -0.203   -0.029    0.003   -0.016
 292     6500  3.50   -1.136   -0.244   -0.051   -0.011   -0.029
 293     6500  4.00   -1.086   -0.280   -0.070   -0.023   -0.039
 294     6500  4.50   -1.039   -0.307   -0.084   -0.030   -0.045
 295     6500  5.00   -1.001   -0.326   -0.090   -0.031   -0.045
 296     6750  0.50   -1.291    0.059    0.034   -0.025   -0.002
 297     6750  1.00   -1.298    0.029    0.030   -0.017   -0.012
 298     6750  1.50   -1.286   -0.012    0.026   -0.010   -0.020
 299     6750  2.00   -1.258   -0.054    0.013   -0.010   -0.033
 300     6750  2.50   -1.221   -0.099   -0.005   -0.016   -0.047
 301     6750  3.00   -1.176   -0.146   -0.027   -0.027   -0.062
 302     6750  3.50   -1.126   -0.192   -0.051   -0.039   -0.076
 303     6750  4.00   -1.074   -0.234   -0.073   -0.053   -0.089
 304     6750  4.50   -1.022   -0.269   -0.091   -0.063   -0.098
 305     6750  5.00   -0.974   -0.295   -0.103   -0.069   -0.101
 306     7000  0.50   -1.224    0.102    0.022   -0.072   -0.052
 307     7000  1.00   -1.244    0.081    0.016   -0.066   -0.063
 308     7000  1.50   -1.250    0.047    0.012   -0.057   -0.073
 309     7000  2.00   -1.238    0.003    0.007   -0.050   -0.082
 310     7000  2.50   -1.210   -0.044   -0.008   -0.051   -0.095
 311     7000  3.00   -1.171   -0.093   -0.028   -0.059   -0.109
 312     7000  3.50   -1.125   -0.142   -0.052   -0.070   -0.124
 313     7000  4.00   -1.073   -0.189   -0.076   -0.083   -0.138
 314     7000  4.50   -1.018   -0.231   -0.098   -0.095   -0.148
 315     7000  5.00   -0.964   -0.265   -0.115   -0.105   -0.155
 316     7250  0.50   -1.160    0.125    0.008   -0.116   -0.102
 317     7250  1.00   -1.191    0.115    0.001   -0.112   -0.113
 318     7250  1.50   -1.211    0.090   -0.004   -0.105   -0.125
 319     7250  2.00   -1.214    0.053   -0.009   -0.097   -0.135
 320     7250  2.50   -1.199    0.005   -0.016   -0.092   -0.145
 321     7250  3.00   -1.169   -0.044   -0.033   -0.094   -0.158
 322     7250  3.50   -1.128   -0.096   -0.055   -0.102   -0.172
 323     7250  4.00   -1.079   -0.147   -0.080   -0.114   -0.186
 324     7250  4.50   -1.023   -0.195   -0.104   -0.127   -0.198
 325     7250  5.00   -0.965   -0.236   -0.126   -0.139   -0.208
 326     7500  0.50   -1.105    0.115   -0.006   -0.151   -0.150
 327     7500  1.00   -1.137    0.131   -0.019   -0.159   -0.165
 328     7500  1.50   -1.169    0.116   -0.023   -0.153   -0.176
 329     7500  2.00   -1.185    0.088   -0.029   -0.146   -0.188
 330     7500  2.50   -1.185    0.048   -0.034   -0.139   -0.199
 331     7500  3.00   -1.165   -0.002   -0.043   -0.134   -0.209
 332     7500  3.50   -1.132   -0.054   -0.061   -0.138   -0.222
 333     7500  4.00   -1.087   -0.107   -0.085   -0.147   -0.235
 334     7500  4.50   -1.033   -0.159   -0.111   -0.159   -0.248
 335     7500  5.00   -0.975   -0.206   -0.136   -0.172   -0.259
 336     7750  1.00   -1.085    0.125   -0.044   -0.204   -0.218
 337     7750  1.50   -1.124    0.124   -0.048   -0.201   -0.230
 338     7750  2.00   -1.154    0.105   -0.052   -0.194   -0.242
 339     7750  2.50   -1.167    0.074   -0.057   -0.188   -0.254
 340     7750  3.00   -1.160    0.033   -0.063   -0.181   -0.264
 341     7750  3.50   -1.134   -0.018   -0.074   -0.178   -0.274
 342     7750  4.00   -1.096   -0.072   -0.094   -0.183   -0.286
 343     7750  4.50   -1.046   -0.126   -0.119   -0.193   -0.299
 344     7750  5.00   -0.989   -0.178   -0.146   -0.206   -0.310
 345     8000  1.00   -1.037    0.093   -0.075   -0.246   -0.275
 346     8000  1.50   -1.081    0.115   -0.080   -0.250   -0.287
 347     8000  2.00   -1.120    0.106   -0.081   -0.245   -0.298
 348     8000  2.50   -1.144    0.083   -0.085   -0.239   -0.310
 349     8000  3.00   -1.150    0.051   -0.091   -0.233   -0.322
 350     8000  3.50   -1.136    0.008   -0.096   -0.226   -0.330
 351     8000  4.00   -1.104   -0.043   -0.108   -0.223   -0.339
 352     8000  4.50   -1.060   -0.097   -0.130   -0.229   -0.350
 353     8000  5.00   -1.005   -0.152   -0.157   -0.240   -0.361
 354     8250  1.00   -0.992    0.028   -0.118   -0.289   -0.340
 355     8250  1.50   -1.038    0.089   -0.117   -0.301   -0.346
 356     8250  2.00   -1.083    0.092   -0.118   -0.298   -0.357
 357     8250  2.50   -1.119    0.078   -0.119   -0.292   -0.369
 358     8250  3.00   -1.137    0.053   -0.123   -0.285   -0.381
 359     8250  3.50   -1.136    0.019   -0.129   -0.279   -0.392
 360     8250  4.00   -1.112   -0.024   -0.133   -0.271   -0.397
 361     8250  4.50   -1.072   -0.074   -0.147   -0.270   -0.404
 362     8250  5.00   -1.022   -0.129   -0.170   -0.277   -0.414
 363     8500  1.50   -1.002    0.045   -0.161   -0.352   -0.409
 364     8500  2.00   -1.050    0.065   -0.160   -0.352   -0.419
 365     8500  2.50   -1.093    0.059   -0.159   -0.347   -0.431
 366     8500  3.00   -1.122    0.041   -0.160   -0.340   -0.443
 367     8500  3.50   -1.131    0.015   -0.164   -0.334   -0.453
 368     8500  4.00   -1.120   -0.020   -0.169   -0.327   -0.461
 369     8500  4.50   -1.085   -0.062   -0.173   -0.317   -0.463
 370     8500  5.00   -1.039   -0.112   -0.188   -0.317   -0.468
 371     8750  1.50   -0.973   -0.008   -0.212   -0.406   -0.477
 372     8750  2.00   -1.021    0.026   -0.207   -0.408   -0.483
 373     8750  2.50   -1.067    0.030   -0.205   -0.404   -0.494
 374     8750  3.00   -1.103    0.019   -0.204   -0.397   -0.505
 375     8750  3.50   -1.124   -0.001   -0.205   -0.390   -0.516
 376     8750  4.00   -1.124   -0.029   -0.209   -0.383   -0.525
 377     8750  4.50   -1.100   -0.065   -0.211   -0.374   -0.528
 378     8750  5.00   -1.056   -0.105   -0.215   -0.365   -0.528
 379     9000  1.50   -0.952   -0.066   -0.268   -0.463   -0.549
 380     9000  2.00   -1.001   -0.020   -0.259   -0.465   -0.549
 381     9000  2.50   -1.048   -0.009   -0.255   -0.463   -0.559
 382     9000  3.00   -1.089   -0.013   -0.253   -0.457   -0.570
 383     9000  3.50   -1.116   -0.027   -0.251   -0.449   -0.581
 384     9000  4.00   -1.125   -0.049   -0.252   -0.441   -0.590
 385     9000  4.50   -1.113   -0.079   -0.255   -0.434   -0.595
 386     9000  5.00   -1.075   -0.112   -0.254   -0.421   -0.592
 387     9250  2.00   -0.988   -0.071   -0.313   -0.524   -0.618
 388     9250  2.50   -1.034   -0.053   -0.308   -0.522   -0.626
 389     9250  3.00   -1.077   -0.052   -0.304   -0.517   -0.637
 390     9250  3.50   -1.109   -0.061   -0.302   -0.509   -0.647
 391     9250  4.00   -1.125   -0.077   -0.300   -0.501   -0.655
 392     9250  4.50   -1.121   -0.101   -0.301   -0.493   -0.660
 393     9250  5.00   -1.096   -0.131   -0.302   -0.483   -0.661
 394     9500  2.00   -0.979   -0.123   -0.368   -0.582   -0.687
 395     9500  2.50   -1.026   -0.101   -0.363   -0.582   -0.693
 396     9500  3.00   -1.069   -0.096   -0.359   -0.578   -0.703
 397     9500  3.50   -1.104   -0.100   -0.355   -0.571   -0.713
 398     9500  4.00   -1.124   -0.112   -0.352   -0.562   -0.721
 399     9500  4.50   -1.128   -0.131   -0.350   -0.553   -0.727
 400     9500  5.00   -1.112   -0.156   -0.350   -0.543   -0.729
 401     9750  2.00   -0.976   -0.175   -0.424   -0.641   -0.755
 402     9750  2.50   -1.022   -0.151   -0.418   -0.642   -0.760
 403     9750  3.00   -1.065   -0.143   -0.414   -0.639   -0.769
 404     9750  3.50   -1.102   -0.144   -0.410   -0.633   -0.779
 405     9750  4.00   -1.127   -0.152   -0.406   -0.624   -0.788
 406     9750  4.50   -1.136   -0.166   -0.402   -0.614   -0.794
 407     9750  5.00   -1.127   -0.187   -0.400   -0.604   -0.796
 408    10000  2.00   -0.975   -0.227   -0.480   -0.700   -0.824
 409    10000  2.50   -1.022   -0.201   -0.474   -0.701   -0.827
 410    10000  3.00   -1.065   -0.192   -0.470   -0.699   -0.836
 411    10000  3.50   -1.103   -0.191   -0.466   -0.694   -0.846
 412    10000  4.00   -1.130   -0.196   -0.461   -0.686   -0.855
 413    10000  4.50   -1.143   -0.206   -0.456   -0.676   -0.860
 414    10000  5.00   -1.139   -0.223   -0.452   -0.665   -0.862
 415    10250  2.00   -0.978   -0.278   -0.535   -0.758   -0.891
 416    10250  2.50   -1.026   -0.252   -0.529   -0.760   -0.894
 417    10250  3.00   -1.068   -0.241   -0.526   -0.759   -0.902
 418    10250  3.50   -1.106   -0.239   -0.522   -0.755   -0.912
 419    10250  4.00   -1.135   -0.242   -0.517   -0.748   -0.920
 420    10250  4.50   -1.151   -0.250   -0.511   -0.739   -0.926
 421    10250  5.00   -1.151   -0.262   -0.506   -0.727   -0.928
 422    10500  2.00   -0.983   -0.329   -0.589   -0.816   -0.957
 423    10500  2.50   -1.032   -0.302   -0.584   -0.818   -0.960
 424    10500  3.00   -1.074   -0.291   -0.581   -0.819   -0.967
 425    10500  3.50   -1.112   -0.288   -0.578   -0.816   -0.977
 426    10500  4.00   -1.142   -0.289   -0.573   -0.809   -0.985
 427    10500  4.50   -1.161   -0.295   -0.567   -0.800   -0.991
 428    10500  5.00   -1.164   -0.305   -0.560   -0.789   -0.994
 429    10750  2.00   -0.989   -0.379   -0.643   -0.873   -1.022
 430    10750  2.50   -1.040   -0.352   -0.638   -0.876   -1.025
 431    10750  3.00   -1.082   -0.341   -0.636   -0.877   -1.032
 432    10750  3.50   -1.120   -0.337   -0.633   -0.875   -1.041
 433    10750  4.00   -1.150   -0.338   -0.629   -0.870   -1.049
 434    10750  4.50   -1.171   -0.342   -0.623   -0.861   -1.056
 435    10750  5.00   -1.178   -0.349   -0.616   -0.850   -1.059
 436    11000  2.00   -0.998   -0.428   -0.697   -0.929   -1.086
 437    11000  2.50   -1.049   -0.402   -0.692   -0.933   -1.089
 438    11000  3.00   -1.093   -0.391   -0.690   -0.935   -1.096
 439    11000  3.50   -1.130   -0.386   -0.688   -0.934   -1.105
 440    11000  4.00   -1.160   -0.386   -0.684   -0.929   -1.113
 441    11000  4.50   -1.182   -0.389   -0.679   -0.922   -1.120
 442    11000  5.00   -1.192   -0.395   -0.672   -0.911   -1.123
 443    11250  2.00   -1.008   -0.477   -0.750   -0.985   -1.149
 444    11250  2.50   -1.061   -0.450   -0.745   -0.989   -1.151
 445    11250  3.00   -1.104   -0.440   -0.744   -0.992   -1.159
 446    11250  3.50   -1.141   -0.435   -0.742   -0.991   -1.167
 447    11250  4.00   -1.172   -0.435   -0.739   -0.988   -1.176
 448    11250  4.50   -1.194   -0.437   -0.734   -0.981   -1.182
 449    11250  5.00   -1.206   -0.442   -0.727   -0.971   -1.186
 450    11500  2.00   -1.020   -0.525   -0.802   -1.040   -1.210
 451    11500  2.50   -1.073   -0.499   -0.798   -1.044   -1.213
 452    11500  3.00   -1.118   -0.488   -0.797   -1.048   -1.221
 453    11500  3.50   -1.154   -0.484   -0.796   -1.048   -1.229
 454    11500  4.00   -1.185   -0.483   -0.793   -1.045   -1.237
 455    11500  4.50   -1.207   -0.485   -0.788   -1.039   -1.244
 456    11500  5.00   -1.220   -0.489   -0.782   -1.030   -1.248
 457    11750  2.00   -1.033   -0.573   -0.854   -1.094   -1.271
 458    11750  2.50   -1.088   -0.546   -0.850   -1.099   -1.274
 459    11750  3.00   -1.132   -0.536   -0.850   -1.103   -1.282
 460    11750  3.50   -1.169   -0.532   -0.849   -1.104   -1.290
 461    11750  4.00   -1.199   -0.531   -0.847   -1.102   -1.298
 462    11750  4.50   -1.222   -0.533   -0.842   -1.097   -1.305
 463    11750  5.00   -1.235   -0.536   -0.836   -1.089   -1.309
 464    12000  2.50   -1.103   -0.593   -0.901   -1.153   -1.334
 465    12000  3.00   -1.148   -0.583   -0.902   -1.158   -1.342
 466    12000  3.50   -1.184   -0.580   -0.901   -1.159   -1.350
 467    12000  4.00   -1.214   -0.579   -0.899   -1.158   -1.358
 468    12000  4.50   -1.237   -0.580   -0.895   -1.153   -1.365
 469    12000  5.00   -1.251   -0.583   -0.890   -1.146   -1.369
 470    12250  2.50   -1.119   -0.639   -0.952   -1.206   -1.392
 471    12250  3.00   -1.164   -0.630   -0.953   -1.212   -1.401
 472    12250  3.50   -1.201   -0.627   -0.953   -1.214   -1.410
 473    12250  4.00   -1.230   -0.626   -0.951   -1.213   -1.417
 474    12250  4.50   -1.253   -0.627   -0.948   -1.209   -1.423
 475    12250  5.00   -1.267   -0.630   -0.942   -1.202   -1.427
 476    12500  2.50   -1.136   -0.685   -1.002   -1.259   -1.450
 477    12500  3.00   -1.181   -0.676   -1.003   -1.265   -1.459
 478    12500  3.50   -1.218   -0.673   -1.004   -1.267   -1.468
 479    12500  4.00   -1.248   -0.673   -1.002   -1.267   -1.475
 480    12500  4.50   -1.270   -0.674   -0.999   -1.263   -1.482
 481    12500  5.00   -1.284   -0.676   -0.994   -1.257   -1.486
 482    12750  2.50   -1.153   -0.730   -1.051   -1.311   -1.506
 483    12750  3.00   -1.199   -0.722   -1.053   -1.317   -1.516
 484    12750  3.50   -1.237   -0.719   -1.054   -1.320   -1.525
 485    12750  4.00   -1.266   -0.719   -1.053   -1.320   -1.533
 486    12750  4.50   -1.287   -0.720   -1.050   -1.317   -1.539
 487    12750  5.00   -1.302   -0.722   -1.045   -1.311   -1.543
 488    13000  2.50   -1.171   -0.774   -1.099   -1.362   -1.562
 489    13000  3.00   -1.218   -0.767   -1.102   -1.369   -1.572
 490    13000  3.50   -1.255   -0.765   -1.103   -1.372   -1.581
 491    13000  4.00   -1.284   -0.765   -1.103   -1.372   -1.589
 492    13000  4.50   -1.306   -0.766   -1.100   -1.369   -1.595
 493    13000  5.00   -1.320   -0.768   -1.096   -1.364   -1.599
 494    14000  2.00   -1.180   -0.973   -1.286   -1.548   -1.769
 495    14000  2.50   -1.246   -0.945   -1.285   -1.558   -1.775
 496    14000  3.00   -1.296   -0.939   -1.291   -1.567   -1.786
 497    14000  3.50   -1.335   -0.939   -1.294   -1.572   -1.797
 498    14000  4.00   -1.363   -0.941   -1.295   -1.574   -1.805
 499    14000  4.50   -1.384   -0.942   -1.293   -1.572   -1.811
 500    14000  5.00   -1.397   -0.944   -1.290   -1.568   -1.815
 501    15000  2.50   -1.322   -1.106   -1.460   -1.741   -1.973
 502    15000  3.00   -1.377   -1.102   -1.468   -1.753   -1.986
 503    15000  3.50   -1.417   -1.104   -1.473   -1.761   -1.998
 504    15000  4.00   -1.446   -1.107   -1.476   -1.764   -2.007
 505    15000  4.50   -1.467   -1.109   -1.475   -1.763   -2.014
 506    15000  5.00   -1.480   -1.111   -1.472   -1.760   -2.018
 507    16000  2.50   -1.397   -1.257   -1.623   -1.912   -2.157
 508    16000  3.00   -1.457   -1.255   -1.634   -1.928   -2.173
 509    16000  3.50   -1.500   -1.259   -1.642   -1.937   -2.187
 510    16000  4.00   -1.530   -1.263   -1.646   -1.942   -2.197
 511    16000  4.50   -1.551   -1.267   -1.646   -1.942   -2.204
 512    16000  5.00   -1.563   -1.269   -1.644   -1.940   -2.208
 513    17000  2.50   -1.469   -1.400   -1.777   -2.073   -2.329
 514    17000  3.00   -1.534   -1.398   -1.790   -2.091   -2.347
 515    17000  3.50   -1.580   -1.405   -1.800   -2.103   -2.363
 516    17000  4.00   -1.613   -1.410   -1.806   -2.109   -2.374
 517    17000  4.50   -1.634   -1.415   -1.808   -2.111   -2.382
 518    17000  5.00   -1.647   -1.419   -1.807   -2.109   -2.386
 519    18000  2.50   -1.539   -1.534   -1.921   -2.223   -2.489
 520    18000  3.00   -1.608   -1.534   -1.936   -2.244   -2.510
 521    18000  3.50   -1.658   -1.542   -1.949   -2.258   -2.528
 522    18000  4.00   -1.693   -1.549   -1.957   -2.267   -2.540
 523    18000  4.50   -1.715   -1.555   -1.960   -2.270   -2.549
 524    18000  5.00   -1.729   -1.559   -1.959   -2.269   -2.554
 525    19000  2.50   -1.608   -1.661   -2.057   -2.364   -2.640
 526    19000  3.00   -1.680   -1.662   -2.074   -2.388   -2.663
 527    19000  3.50   -1.733   -1.671   -2.089   -2.405   -2.682
 528    19000  4.00   -1.770   -1.681   -2.098   -2.415   -2.696
 529    19000  4.50   -1.794   -1.688   -2.103   -2.420   -2.706
 530    19000  5.00   -1.808   -1.693   -2.104   -2.420   -2.711
 531    20000  3.00   -1.751   -1.782   -2.204   -2.523   -2.807
 532    20000  3.50   -1.806   -1.794   -2.221   -2.543   -2.828
 533    20000  4.00   -1.844   -1.805   -2.232   -2.555   -2.843
 534    20000  4.50   -1.870   -1.813   -2.238   -2.561   -2.854
 535    20000  5.00   -1.885   -1.819   -2.240   -2.562   -2.860
 536    21000  3.00   -1.820   -1.896   -2.327   -2.652   -2.942
 537    21000  3.50   -1.877   -1.910   -2.346   -2.673   -2.966
 538    21000  4.00   -1.917   -1.922   -2.359   -2.687   -2.982
 539    21000  4.50   -1.943   -1.931   -2.366   -2.694   -2.993
 540    21000  5.00   -1.959   -1.938   -2.369   -2.696   -3.000
 541    22000  3.00   -1.884   -2.002   -2.442   -2.772   -3.069
 542    22000  3.50   -1.947   -2.020   -2.465   -2.797   -3.096
 543    22000  4.00   -1.988   -2.034   -2.480   -2.812   -3.114
 544    22000  4.50   -2.015   -2.044   -2.488   -2.821   -3.126
 545    22000  5.00   -2.031   -2.051   -2.492   -2.824   -3.133
 546    23000  3.00   -1.944   -2.100   -2.549   -2.884   -3.188
 547    23000  3.50   -2.013   -2.123   -2.577   -2.914   -3.219
 548    23000  4.00   -2.057   -2.139   -2.594   -2.932   -3.239
 549    23000  4.50   -2.084   -2.151   -2.604   -2.941   -3.252
 550    23000  5.00   -2.101   -2.159   -2.608   -2.945   -3.259
 551    24000  3.00   -1.995   -2.190   -2.646   -2.987   -3.296
 552    24000  3.50   -2.075   -2.219   -2.682   -3.024   -3.335
 553    24000  4.00   -2.122   -2.239   -2.702   -3.045   -3.357
 554    24000  4.50   -2.152   -2.252   -2.713   -3.056   -3.371
 555    24000  5.00   -2.169   -2.261   -2.718   -3.060   -3.379
 556    25000  3.00   -2.033   -2.267   -2.730   -3.076   -3.392
 557    25000  3.50   -2.132   -2.309   -2.780   -3.127   -3.443
 558    25000  4.00   -2.185   -2.333   -2.804   -3.151   -3.469
 559    25000  4.50   -2.216   -2.348   -2.817   -3.164   -3.484
 560    25000  5.00   -2.234   -2.358   -2.823   -3.170   -3.493
 561    26000  3.00   -2.052   -2.329   -2.796   -3.144   -3.466
 562    26000  3.50   -2.182   -2.391   -2.869   -3.221   -3.542
 563    26000  4.00   -2.242   -2.420   -2.899   -3.251   -3.574
 564    26000  4.50   -2.277   -2.438   -2.915   -3.266   -3.592
 565    26000  5.00   -2.296   -2.449   -2.923   -3.274   -3.601
 566    27000  3.50   -2.223   -2.463   -2.949   -3.305   -3.632
 567    27000  4.00   -2.294   -2.501   -2.988   -3.344   -3.671
 568    27000  4.50   -2.333   -2.522   -3.007   -3.363   -3.692
 569    27000  5.00   -2.354   -2.535   -3.016   -3.371   -3.703
 570    28000  3.50   -2.252   -2.525   -3.017   -3.377   -3.708
 571    28000  4.00   -2.339   -2.574   -3.068   -3.429   -3.761
 572    28000  4.50   -2.384   -2.600   -3.092   -3.452   -3.786
 573    28000  5.00   -2.408   -2.615   -3.104   -3.463   -3.799
 574    29000  3.50   -2.275   -2.580   -3.076   -3.438   -3.773
 575    29000  4.00   -2.376   -2.639   -3.140   -3.505   -3.841
 576    29000  4.50   -2.428   -2.671   -3.170   -3.534   -3.872
 577    29000  5.00   -2.456   -2.688   -3.184   -3.548   -3.888
 578    30000  3.50   -2.301   -2.635   -3.133   -3.495   -3.833
 579    30000  4.00   -2.406   -2.697   -3.203   -3.571   -3.911
 580    30000  4.50   -2.466   -2.735   -3.241   -3.609   -3.950
 581    30000  5.00   -2.498   -2.756   -3.259   -3.626   -3.969
 582    31000  3.50   -2.337   -2.696   -3.193   -3.554   -3.895
 583    31000  4.00   -2.434   -2.751   -3.262   -3.632   -3.975
 584    31000  4.50   -2.499   -2.793   -3.305   -3.676   -4.021
 585    31000  5.00   -2.535   -2.818   -3.327   -3.697   -4.044
 586    32000  4.00   -2.464   -2.804   -3.319   -3.690   -4.035
 587    32000  4.50   -2.530   -2.848   -3.364   -3.738   -4.085
 588    32000  5.00   -2.569   -2.875   -3.389   -3.763   -4.112
 589    33000  4.00   -2.502   -2.862   -3.379   -3.750   -4.098
 590    33000  4.50   -2.560   -2.900   -3.421   -3.796   -4.146
 591    33000  5.00   -2.601   -2.929   -3.449   -3.824   -4.176
 592    34000  4.00   -2.550   -2.926   -3.444   -3.813   -4.164
 593    34000  4.50   -2.597   -2.955   -3.480   -3.855   -4.208
 594    34000  5.00   -2.634   -2.982   -3.506   -3.884   -4.237
 595    35000  4.00   -2.607   -2.996   -3.514   -3.880   -4.233
 596    35000  4.50   -2.642   -3.015   -3.542   -3.917   -4.272
 597    35000  5.00   -2.673   -3.037   -3.566   -3.944   -4.299
 598    36000  4.00   -2.672   -3.071   -3.589   -3.953   -4.306
 599    36000  4.50   -2.693   -3.079   -3.608   -3.981   -4.337
 600    36000  5.00   -2.718   -3.096   -3.628   -4.005   -4.363
 601    37000  4.00   -2.743   -3.150   -3.668   -4.030   -4.384
 602    37000  4.50   -2.752   -3.148   -3.678   -4.048   -4.406
 603    37000  5.00   -2.769   -3.159   -3.692   -4.068   -4.428
 604    38000  4.00   -2.819   -3.231   -3.750   -4.112   -4.466
 605    38000  4.50   -2.817   -3.221   -3.752   -4.120   -4.479
 606    38000  5.00   -2.826   -3.225   -3.760   -4.134   -4.495
 607    39000  4.00   -2.896   -3.313   -3.834   -4.194   -4.549
 608    39000  4.50   -2.887   -3.297   -3.829   -4.195   -4.555
 609    39000  5.00   -2.889   -3.295   -3.832   -4.203   -4.566
 610    40000  4.50   -2.960   -3.375   -3.908   -4.273   -4.634
 611    40000  5.00   -2.956   -3.368   -3.907   -4.276   -4.640
 612    41000  4.50   -3.034   -3.454   -3.988   -4.353   -4.715
 613    41000  5.00   -3.026   -3.444   -3.983   -4.351   -4.716
 614    42000  4.50   -3.108   -3.532   -4.067   -4.432   -4.795
 615    42000  5.00   -3.098   -3.520   -4.061   -4.428   -4.794
 616    43000  4.50   -3.181   -3.608   -4.146   -4.511   -4.874
 617    43000  5.00   -3.170   -3.596   -4.138   -4.505   -4.872
 618    44000  4.50   -3.253   -3.684   -4.223   -4.589   -4.953
 619    44000  5.00   -3.242   -3.671   -4.215   -4.582   -4.950
 620    45000  4.50   -3.323   -3.758   -4.298   -4.665   -5.029
 621    45000  5.00   -3.314   -3.746   -4.291   -4.659   -5.027
 622    46000  4.50   -3.392   -3.830   -4.372   -4.739   -5.105
 623    46000  5.00   -3.384   -3.819   -4.366   -4.734   -5.103
 624    47000  4.50   -3.460   -3.901   -4.444   -4.812   -5.178
 625    47000  5.00   -3.453   -3.891   -4.439   -4.807   -5.177
 626    48000  4.50   -3.526   -3.970   -4.514   -4.883   -5.249
 627    48000  5.00   -3.520   -3.961   -4.511   -4.879   -5.250
 628    49000  4.50   -3.591   -4.037   -4.583   -4.952   -5.319
 629    49000  5.00   -3.586   -4.029   -4.581   -4.950   -5.321
 630    50000  5.00   -3.651   -4.097   -4.649   -5.019   -5.391
 631    56101  5.00   -3.710   -4.197   -4.724   -5.103   -5.454
 632    62946  5.00   -4.037   -4.536   -5.073   -5.456   -5.811
 633    70627  5.00   -4.370   -4.879   -5.424   -5.812   -6.170
 634    79245  5.00   -4.708   -5.226   -5.779   -6.170   -6.531
 635    88914  5.00   -5.050   -5.576   -6.135   -6.530   -6.894
 636    99763  5.00   -5.396   -5.929   -6.494   -6.892   -7.258
 637   111936  5.00   -5.745   -6.285   -6.854   -7.255   -7.623
 638   125595  5.00   -6.097   -6.643   -7.217   -7.619   -7.989
 639   140920  5.00   -6.452   -7.002   -7.580   -7.985   -8.356
 640   158115  5.00   -6.809   -7.364   -7.945   -8.352   -8.724
 641   177407  5.00   -7.168   -7.727   -8.311   -8.719   -9.093
 642   199055  5.00   -7.529   -8.091   -8.678   -9.088   -9.463
 643   223343  5.00   -7.891   -8.456   -9.046   -9.457   -9.833
 644   250595  5.00   -8.255   -8.823   -9.415   -9.827  -10.203
 645   281172  5.00   -8.620   -9.190   -9.784  -10.197  -10.575
 646   315481  5.00   -8.987   -9.559  -10.154  -10.568  -10.946
 647   353975  5.00   -9.354   -9.928  -10.525  -10.940  -11.318
 648   397167  5.00   -9.722  -10.297  -10.896  -11.311  -11.690
 649   445629  5.00  -10.091  -10.668  -11.267  -11.683  -12.063
 650   500004  5.00  -10.460  -11.038  -11.639  -12.056  -12.436
 651   561014  5.00  -10.830  -11.410  -12.011  -12.428  -12.809
 652   629469  5.00  -11.201  -11.781  -12.384  -12.801  -13.182
 653   706276  5.00  -11.572  -12.153  -12.756  -13.175  -13.556
 654   792455  5.00  -11.944  -12.526  -13.129  -13.548  -13.929
 655   889149  5.00  -12.316  -12.898  -13.503  -13.922  -14.303
 656   997642  5.00  -12.688  -13.271  -13.876  -14.295  -14.677
 657  1119373  5.00  -13.060  -13.644  -14.250  -14.669  -15.051
 658  1255958  5.00  -13.433  -14.018  -14.623  -15.043  -15.425
 659  1409209  5.00  -13.806  -14.391  -14.997  -15.417  -15.799
 660  1581159  5.00  -14.180  -14.765  -15.371  -15.791  -16.174
 661  1774090  5.00  -14.553  -15.139  -15.745  -16.166  -16.548
 662  1990563  5.00  -14.927  -15.513  -16.120  -16.540  -16.922
 663  2233450  5.00  -15.301  -15.887  -16.494  -16.914  -17.297
 664  2505973  5.00  -15.674  -16.261  -16.868  -17.289  -17.672
 665  2811749  5.00  -16.048  -16.635  -17.243  -17.663  -18.046
 666  3154836  5.00  -16.423  -17.010  -17.617  -18.038  -18.421
 667  3539785  5.00  -16.797  -17.384  -17.992  -18.413  -18.796
 668  3971706  5.00  -17.171  -17.759  -18.366  -18.787  -19.170
 669  4456330  5.00  -17.546  -18.133  -18.741  -19.162  -19.545
# BCs for Fluks et al. 1994 M-giant spectra:
#  n     Teff  logg        u        g        r        i        z
   0     3810  0.00   -5.232   -2.180   -0.743   -0.151    0.214
   1     3736  0.00   -5.480   -2.411   -0.956   -0.216    0.214
   2     3666  0.00   -5.741   -2.663   -1.199   -0.300    0.201
   3     3574  0.00   -5.963   -3.071   -1.567   -0.467    0.136
   4     3434  0.00   -6.474   -3.757   -2.226   -0.821    0.018
   5     3309  0.00   -7.001   -4.788   -3.149   -1.410   -0.171
   6     3126  0.00   -7.946   -6.208   -4.480   -2.215   -0.581
   7     2890  0.00   -8.652   -7.675   -5.306   -2.820   -0.984
   8     2667  0.00   -9.374   -8.706   -5.828   -3.150   -1.145
   9     2500  0.00  -10.108   -9.436   -6.407   -3.451   -1.145
