# BCs for ATLAS9 + DUSTY99 + blackbody spectra:
#  n     Teff  logg        u        g        r        i        z
   0      500  3.50  -999999  -75.426  -56.344  -43.599  -32.213
   1      500  4.00  -999999  -74.184  -55.412  -42.855  -31.659
   2      500  4.50  -999999  -73.813  -54.918  -42.260  -31.021
   3      500  5.00  -999999  -71.368  -52.914  -40.544  -29.660
   4      500  5.50  -999999  -68.196  -50.346  -38.398  -28.014
   5      500  6.00  -999999  -64.992  -47.769  -36.268  -26.405
   6      600  3.50  -999999  -61.322  -45.433  -34.897  -25.898
   7      600  4.00  -999999  -60.586  -44.858  -34.431  -25.539
   8      600  4.50  -999999  -62.429  -46.093  -35.198  -25.908
   9      600  5.00  -999999  -60.516  -44.488  -33.794  -24.755
  10      600  5.50  -999999  -58.122  -42.519  -32.115  -23.420
  11      600  6.00  -83.453  -55.492  -40.411  -30.379  -22.083
  12      700  3.50  -73.659  -50.448  -37.000  -28.178  -20.899
  13      700  4.00  -72.828  -49.855  -36.543  -27.815  -20.620
  14      700  4.50  -75.104  -51.333  -37.543  -28.432  -20.928
  15      700  5.00  -73.878  -50.388  -36.722  -27.672  -20.256
  16      700  5.50  -71.387  -48.481  -35.102  -26.217  -19.031
  17      700  6.00  -68.144  -46.061  -33.126  -24.546  -17.712
  18      800  3.50  -60.228  -40.772  -29.414  -22.025  -16.153
  19      800  4.00  -60.458  -40.971  -29.597  -22.194  -16.292
  20      800  4.50  -62.323  -42.205  -30.434  -22.711  -16.583
  21      800  5.00  -61.277  -41.321  -29.620  -21.934  -15.913
  22      800  5.50  -59.737  -39.974  -28.411  -20.852  -15.032
  23      800  6.00  -57.034  -37.827  -26.674  -19.462  -13.977
  24      900  3.50  -48.877  -32.507  -23.057  -17.083  -12.457
  25      900  4.00  -48.985  -32.496  -22.988  -16.969  -12.333
  26      900  4.50  -51.167  -33.915  -23.952  -17.599  -12.746
  27      900  5.00  -49.149  -32.163  -22.457  -16.332  -11.721
  28      900  5.50  -49.234  -32.210  -22.485  -16.348  -11.731
  29     1000  3.50  -43.169  -28.440  -20.001  -14.758  -10.726
  30     1000  4.00  -42.263  -27.729  -19.419  -14.272  -10.328
  31     1000  4.50  -42.328  -27.565  -19.183  -14.007  -10.078
  32     1000  5.00  -42.417  -27.395  -18.946  -13.746   -9.835
  33     1000  5.50  -41.939  -26.931  -18.541  -13.394   -9.538
  34     1000  6.00  -40.268  -25.730  -17.633  -12.695   -8.990
  35     1100  3.50  -37.814  -24.635  -17.121  -12.535   -9.032
  36     1100  4.00  -37.410  -24.323  -16.866  -12.320   -8.853
  37     1100  4.50  -37.378  -24.158  -16.677  -12.126   -8.675
  38     1100  5.00  -36.911  -23.632  -16.187  -11.680   -8.289
  39     1100  5.50  -36.230  -22.979  -15.617  -11.184   -7.870
  40     1100  6.00  -43.583  -28.854  -20.415  -15.172  -11.140
  41     1200  3.50  -33.025  -21.284  -14.570  -10.521   -7.459
  42     1200  4.00  -33.025  -21.284  -14.570  -10.521   -7.459
  43     1200  4.50  -33.025  -21.284  -14.570  -10.521   -7.459
  44     1200  5.00  -33.254  -21.230  -14.422  -10.335   -7.269
  45     1200  6.00  -31.614  -19.808  -13.237   -9.335   -6.434
  46     1300  3.50  -28.790  -18.349  -12.335   -8.746   -6.059
  47     1300  4.00  -28.821  -18.386  -12.367   -8.773   -6.081
  48     1300  4.50  -29.567  -18.859  -12.699   -9.019   -6.266
  49     1300  5.00  -29.588  -18.822  -12.639   -8.951   -6.198
  50     1300  5.50  -29.505  -18.604  -12.414   -8.741   -6.012
  51     1300  6.00  -33.168  -21.497  -14.816  -10.789   -7.743
  52     1400  3.50  -25.259  -15.919  -10.499   -7.299   -4.921
  53     1400  4.00  -25.301  -15.952  -10.523   -7.316   -4.935
  54     1400  4.50  -25.765  -16.240  -10.709   -7.442   -5.018
  55     1400  5.00  -26.244  -16.531  -10.911   -7.591   -5.130
  56     1400  5.50  -26.156  -16.282  -10.659   -7.362   -4.923
  57     1400  6.00  -26.172  -16.287  -10.661   -7.364   -4.924
  58     1500  3.50  -22.608  -14.096   -9.093   -6.154   -3.948
  59     1500  4.00  -22.501  -14.034   -9.068   -6.156   -3.987
  60     1500  4.50  -22.995  -14.315   -9.251   -6.288   -4.099
  61     1500  5.00  -23.214  -14.440   -9.333   -6.347   -4.145
  62     1500  5.50  -23.433  -14.534   -9.384   -6.381   -4.166
  63     1500  6.00  -23.488  -14.512   -9.354   -6.355   -4.139
  64     1600  3.50  -20.702  -12.588   -7.862   -5.116   -2.947
  65     1600  4.00  -20.483  -12.553   -7.881   -5.151   -3.038
  66     1600  4.50  -20.577  -12.608   -7.931   -5.218   -3.161
  67     1600  5.00  -20.679  -12.690   -8.002   -5.289   -3.265
  68     1600  5.50  -20.855  -12.772   -8.056   -5.336   -3.323
  69     1600  6.00  -21.006  -12.830   -8.098   -5.373   -3.359
  70     1700  3.50  -18.968  -11.019   -6.816   -4.212   -2.014
  71     1700  4.00  -18.593  -10.641   -6.446   -3.948   -1.872
  72     1700  4.50  -17.404   -9.707   -5.812   -3.415   -1.417
  73     1700  5.00  -18.457  -10.810   -6.543   -4.026   -2.012
  74     1700  5.50  -18.710  -11.201   -6.844   -4.322   -2.355
  75     1700  6.00  -18.890  -11.363   -6.994   -4.499   -2.599
  76     1800  3.50  -17.527   -9.963   -6.251   -3.690   -1.498
  77     1800  4.00  -17.185   -9.761   -6.039   -3.567   -1.459
  78     1800  4.50  -16.210   -9.064   -5.490   -3.169   -1.187
  79     1800  5.00  -16.087   -9.043   -5.457   -3.134   -1.188
  80     1800  5.50  -16.877   -9.702   -5.825   -3.481   -1.549
  81     1800  6.00  -16.975   -9.805   -5.858   -3.525   -1.603
  82     1900  3.50  -14.996   -8.766   -5.716   -3.156   -0.988
  83     1900  4.00  -16.116   -9.002   -5.726   -3.214   -1.101
  84     1900  4.50  -17.063   -9.589   -5.980   -3.476   -1.406
  85     1900  5.00  -16.059   -8.959   -5.497   -3.129   -1.163
  86     1900  5.50  -16.039   -9.193   -5.593   -3.294   -1.357
  87     1900  6.00  -15.982   -9.228   -5.553   -3.348   -1.455
  88     2000  3.50  -13.075   -8.029   -5.522   -2.869   -0.721
  89     2000  4.00  -14.452   -8.149   -5.382   -2.820   -0.748
  90     2000  4.50  -15.259   -8.234   -5.279   -2.785   -0.777
  91     2000  5.00  -15.694   -8.457   -5.306   -2.865   -0.903
  92     2000  5.50  -15.647   -8.874   -5.474   -3.131   -1.197
  93     2000  6.00  -15.163   -8.696   -5.270   -3.110   -1.236
  94     2100  4.00  -12.780   -7.449   -5.123   -2.524   -0.511
  95     2100  5.00  -14.558   -7.568   -4.868   -2.391   -0.507
  96     2100  5.50  -15.276   -8.144   -5.126   -2.697   -0.801
  97     2100  6.00  -15.070   -8.455   -5.206   -2.957   -1.049
  98     2200  3.50  -10.055   -6.616   -4.893   -2.265   -0.298
  99     2200  4.00  -11.206   -6.771   -4.809   -2.228   -0.310
 100     2200  4.50  -12.532   -6.942   -4.776   -2.191   -0.310
 101     2200  5.00  -13.703   -7.082   -4.689   -2.145   -0.328
 102     2200  5.50  -14.523   -7.397   -4.760   -2.266   -0.464
 103     2200  6.00  -14.607   -7.527   -4.723   -2.386   -0.551
 104     2300  3.50   -9.020   -6.025   -4.487   -1.962   -0.144
 105     2300  4.00  -10.014   -6.177   -4.436   -1.931   -0.151
 106     2300  4.50  -11.285   -6.396   -4.476   -1.922   -0.157
 107     2300  5.00  -12.681   -6.607   -4.457   -1.900   -0.182
 108     2300  5.50  -13.717   -6.809   -4.473   -1.937   -0.240
 109     2300  6.00  -13.977   -6.904   -4.397   -1.986   -0.280
 110     2400  3.50   -8.222   -5.499   -4.033   -1.665   -0.016
 111     2400  4.00   -9.039   -5.633   -4.014   -1.641   -0.020
 112     2400  4.50  -10.140   -5.851   -4.104   -1.648   -0.021
 113     2400  5.50  -12.632   -6.256   -4.159   -1.627   -0.054
 114     2400  6.00  -13.403   -6.453   -4.160   -1.704   -0.122
 115     2500  3.50   -7.683   -5.068   -3.591   -1.402    0.075
 116     2500  4.00   -8.307   -5.157   -3.577   -1.372    0.082
 117     2500  4.50   -9.237   -5.369   -3.713   -1.396    0.084
 118     2500  5.00  -10.386   -5.565   -3.763   -1.371    0.089
 119     2500  5.50  -11.665   -5.796   -3.839   -1.374    0.064
 120     2500  6.00  -12.595   -5.991   -3.875   -1.421    0.020
 121     2600  3.50   -7.258   -4.696   -3.199   -1.180    0.144
 122     2600  4.00   -7.747   -4.747   -3.174   -1.143    0.157
 123     2600  4.50   -8.517   -4.935   -3.322   -1.167    0.167
 124     2600  5.00   -9.444   -5.096   -3.366   -1.142    0.179
 125     2600  5.50  -10.636   -5.322   -3.463   -1.140    0.168
 126     2600  6.00  -11.692   -5.560   -3.560   -1.179    0.125
 127     2700  3.50   -6.917   -4.388   -2.886   -1.011    0.190
 128     2700  4.00   -7.279   -4.386   -2.821   -0.954    0.215
 129     2700  4.50   -7.903   -4.537   -2.953   -0.968    0.234
 130     2700  5.00   -8.668   -4.672   -2.985   -0.945    0.246
 131     2700  5.50   -9.699   -4.877   -3.080   -0.938    0.245
 132     2700  6.00  -10.776   -5.117   -3.201   -0.959    0.217
 133     2800  5.00   -9.038   -4.428   -2.615   -0.654    0.312
 134     2800  5.50  -10.017   -4.682   -2.731   -0.637    0.317
 135     2900  5.00   -8.260   -4.005   -2.234   -0.530    0.346
 136     2900  5.50   -9.174   -4.244   -2.356   -0.522    0.348
 137     3000  5.00   -7.601   -3.650   -1.916   -0.431    0.363
 138     3000  5.50   -8.380   -3.837   -2.007   -0.416    0.375
 139     3100  5.00   -7.024   -3.321   -1.633   -0.335    0.381
 140     3100  5.50   -7.672   -3.483   -1.707   -0.326    0.388
 141     3200  5.00   -6.558   -3.052   -1.404   -0.259    0.388
 142     3200  5.50   -7.056   -3.170   -1.444   -0.242    0.400
 143     3300  5.00   -6.152   -2.806   -1.202   -0.186    0.400
 144     3300  5.50   -6.536   -2.897   -1.224   -0.170    0.407
 145     3400  5.00   -5.817   -2.595   -1.032   -0.122    0.407
 146     3400  5.50   -6.094   -2.663   -1.040   -0.108    0.413
 147     3500  5.00   -5.534   -2.407   -0.883   -0.065    0.413
 148     3500  5.50   -5.720   -2.456   -0.882   -0.050    0.418
 149     3600  5.00   -5.290   -2.242   -0.753   -0.015    0.414
 150     3600  5.50   -5.396   -2.277   -0.749   -0.002    0.418
 151     3700  5.00   -5.080   -2.102   -0.646    0.021    0.406
 152     3700  5.50   -5.137   -2.118   -0.634    0.042    0.421
 153     3800  5.00   -4.880   -1.959   -0.542    0.062    0.405
 154     3800  5.50   -4.887   -1.975   -0.535    0.076    0.416
 155     3500  0.00   -6.955   -2.946   -1.244   -0.390    0.159
 156     3500  0.50   -6.536   -2.843   -1.247   -0.377    0.180
 157     3500  1.00   -6.130   -2.746   -1.241   -0.355    0.208
 158     3500  1.50   -5.756   -2.651   -1.223   -0.323    0.245
 159     3500  2.00   -5.423   -2.553   -1.187   -0.281    0.287
 160     3500  2.50   -5.138   -2.453   -1.135   -0.231    0.334
 161     3500  3.00   -4.916   -2.356   -1.057   -0.168    0.387
 162     3500  3.50   -4.752   -2.267   -0.945   -0.091    0.443
 163     3500  4.00   -4.664   -2.201   -0.832   -0.029    0.478
 164     3500  4.50   -4.676   -2.184   -0.755    0.009    0.492
 165     3500  5.00   -4.773   -2.211   -0.712    0.031    0.497
 166     3750  0.00   -6.292   -2.297   -0.737   -0.154    0.224
 167     3750  0.50   -5.935   -2.231   -0.734   -0.157    0.222
 168     3750  1.00   -5.612   -2.184   -0.736   -0.157    0.226
 169     3750  1.50   -5.324   -2.145   -0.738   -0.151    0.239
 170     3750  2.00   -5.066   -2.104   -0.735   -0.137    0.259
 171     3750  2.50   -4.838   -2.057   -0.724   -0.116    0.287
 172     3750  3.00   -4.657   -2.009   -0.702   -0.086    0.321
 173     3750  3.50   -4.522   -1.967   -0.662   -0.040    0.365
 174     3750  4.00   -4.402   -1.923   -0.600    0.017    0.411
 175     3750  4.50   -4.327   -1.889   -0.543    0.063    0.442
 176     3750  5.00   -4.328   -1.888   -0.506    0.091    0.459
 177     4000  0.00   -5.438   -1.806   -0.458    0.001    0.290
 178     4000  0.50   -5.114   -1.742   -0.457   -0.007    0.279
 179     4000  1.00   -4.841   -1.705   -0.460   -0.013    0.273
 180     4000  1.50   -4.621   -1.687   -0.463   -0.016    0.270
 181     4000  2.00   -4.449   -1.678   -0.466   -0.017    0.270
 182     4000  2.50   -4.320   -1.673   -0.466   -0.014    0.276
 183     4000  3.00   -4.223   -1.668   -0.460   -0.004    0.288
 184     4000  3.50   -4.158   -1.660   -0.447    0.015    0.310
 185     4000  4.00   -4.102   -1.654   -0.423    0.052    0.348
 186     4000  4.50   -4.031   -1.640   -0.390    0.096    0.389
 187     4000  5.00   -3.975   -1.628   -0.359    0.131    0.419
 188     4250  0.00   -4.652   -1.456   -0.268    0.111    0.336
 189     4250  0.50   -4.370   -1.391   -0.270    0.098    0.322
 190     4250  1.00   -4.132   -1.351   -0.275    0.088    0.312
 191     4250  1.50   -3.941   -1.328   -0.281    0.082    0.306
 192     4250  2.00   -3.793   -1.319   -0.287    0.077    0.302
 193     4250  2.50   -3.688   -1.318   -0.291    0.075    0.300
 194     4250  3.00   -3.625   -1.324   -0.293    0.075    0.300
 195     4250  3.50   -3.606   -1.336   -0.291    0.079    0.304
 196     4250  4.00   -3.618   -1.352   -0.284    0.089    0.314
 197     4250  4.50   -3.638   -1.371   -0.269    0.117    0.342
 198     4250  5.00   -3.630   -1.382   -0.248    0.152    0.377
 199     4500  0.00   -4.007   -1.193   -0.132    0.191    0.365
 200     4500  0.50   -3.773   -1.135   -0.135    0.175    0.348
 201     4500  1.00   -3.578   -1.098   -0.141    0.162    0.337
 202     4500  1.50   -3.421   -1.075   -0.148    0.153    0.329
 203     4500  2.00   -3.298   -1.063   -0.155    0.147    0.323
 204     4500  2.50   -3.207   -1.059   -0.161    0.142    0.320
 205     4500  3.00   -3.148   -1.060   -0.165    0.140    0.318
 206     4500  3.50   -3.125   -1.067   -0.166    0.140    0.318
 207     4500  4.00   -3.136   -1.081   -0.164    0.144    0.321
 208     4500  4.50   -3.174   -1.100   -0.159    0.153    0.329
 209     4500  5.00   -3.224   -1.126   -0.148    0.173    0.348
 210     4750  0.00   -3.456   -0.968   -0.037    0.243    0.376
 211     4750  0.50   -3.260   -0.923   -0.041    0.225    0.358
 212     4750  1.00   -3.096   -0.893   -0.048    0.211    0.345
 213     4750  1.50   -2.965   -0.874   -0.055    0.200    0.335
 214     4750  2.00   -2.865   -0.864   -0.062    0.192    0.328
 215     4750  2.50   -2.791   -0.859   -0.068    0.186    0.324
 216     4750  3.00   -2.741   -0.857   -0.073    0.182    0.320
 217     4750  3.50   -2.717   -0.858   -0.075    0.181    0.319
 218     4750  4.00   -2.720   -0.865   -0.074    0.183    0.320
 219     4750  4.50   -2.748   -0.876   -0.071    0.187    0.324
 220     4750  5.00   -2.803   -0.894   -0.065    0.196    0.330
 221     5000  0.00   -2.969   -0.761    0.031    0.266    0.366
 222     5000  0.50   -2.808   -0.734    0.023    0.249    0.349
 223     5000  1.00   -2.668   -0.715    0.015    0.235    0.335
 224     5000  1.50   -2.554   -0.704    0.006    0.223    0.325
 225     5000  2.00   -2.467   -0.698   -0.001    0.214    0.317
 226     5000  2.50   -2.404   -0.695   -0.007    0.207    0.311
 227     5000  3.00   -2.362   -0.695   -0.012    0.202    0.307
 228     5000  3.50   -2.342   -0.696   -0.014    0.200    0.305
 229     5000  4.00   -2.344   -0.698   -0.013    0.201    0.305
 230     5000  4.50   -2.366   -0.703   -0.010    0.205    0.308
 231     5000  5.00   -2.409   -0.712   -0.005    0.211    0.312
 232     5250  0.00   -2.554   -0.572    0.078    0.264    0.339
 233     5250  0.50   -2.427   -0.563    0.067    0.250    0.323
 234     5250  1.00   -2.312   -0.557    0.057    0.237    0.310
 235     5250  1.50   -2.213   -0.555    0.047    0.226    0.299
 236     5250  2.00   -2.136   -0.556    0.039    0.217    0.291
 237     5250  2.50   -2.077   -0.559    0.032    0.210    0.285
 238     5250  3.00   -2.037   -0.563    0.027    0.205    0.281
 239     5250  3.50   -2.016   -0.566    0.025    0.203    0.278
 240     5250  4.00   -2.015   -0.569    0.025    0.203    0.278
 241     5250  4.50   -2.033   -0.572    0.028    0.207    0.281
 242     5250  5.00   -2.067   -0.576    0.034    0.213    0.285
 243     5500  0.00   -2.227   -0.408    0.108    0.244    0.300
 244     5500  0.50   -2.128   -0.412    0.096    0.233    0.285
 245     5500  1.00   -2.031   -0.418    0.084    0.223    0.273
 246     5500  1.50   -1.946   -0.425    0.073    0.214    0.262
 247     5500  2.00   -1.874   -0.434    0.064    0.205    0.254
 248     5500  2.50   -1.817   -0.444    0.055    0.199    0.248
 249     5500  3.00   -1.775   -0.452    0.049    0.194    0.243
 250     5500  3.50   -1.748   -0.460    0.045    0.191    0.241
 251     5500  4.00   -1.739   -0.466    0.045    0.191    0.241
 252     5500  4.50   -1.748   -0.470    0.048    0.195    0.243
 253     5500  5.00   -1.772   -0.473    0.054    0.201    0.248
 254     5750  0.00   -1.977   -0.269    0.124    0.212    0.255
 255     5750  0.50   -1.905   -0.284    0.112    0.205    0.241
 256     5750  1.00   -1.826   -0.297    0.100    0.198    0.229
 257     5750  1.50   -1.750   -0.312    0.089    0.191    0.219
 258     5750  2.00   -1.681   -0.328    0.078    0.184    0.210
 259     5750  2.50   -1.623   -0.344    0.068    0.177    0.203
 260     5750  3.00   -1.577   -0.359    0.060    0.172    0.198
 261     5750  3.50   -1.542   -0.371    0.054    0.169    0.195
 262     5750  4.00   -1.523   -0.381    0.052    0.168    0.195
 263     5750  4.50   -1.518   -0.388    0.054    0.171    0.197
 264     5750  5.00   -1.530   -0.392    0.059    0.177    0.202
 265     6000  0.00   -1.777   -0.152    0.127    0.169    0.205
 266     6000  0.50   -1.736   -0.174    0.119    0.169    0.194
 267     6000  1.00   -1.676   -0.194    0.109    0.166    0.183
 268     6000  1.50   -1.612   -0.215    0.097    0.161    0.172
 269     6000  2.00   -1.549   -0.236    0.085    0.156    0.163
 270     6000  2.50   -1.490   -0.258    0.074    0.150    0.155
 271     6000  3.00   -1.439   -0.278    0.064    0.144    0.149
 272     6000  3.50   -1.396   -0.297    0.055    0.140    0.145
 273     6000  4.00   -1.364   -0.311    0.051    0.138    0.143
 274     6000  4.50   -1.346   -0.322    0.050    0.140    0.145
 275     6000  5.00   -1.343   -0.329    0.054    0.145    0.150
 276     6250  0.50   -1.597   -0.079    0.115    0.124    0.143
 277     6250  1.00   -1.561   -0.104    0.109    0.127    0.134
 278     6250  1.50   -1.511   -0.129    0.100    0.126    0.124
 279     6250  2.00   -1.457   -0.155    0.088    0.123    0.114
 280     6250  2.50   -1.401   -0.182    0.076    0.119    0.106
 281     6250  3.00   -1.347   -0.208    0.063    0.113    0.098
 282     6250  3.50   -1.298   -0.232    0.052    0.108    0.093
 283     6250  4.00   -1.255   -0.253    0.044    0.104    0.089
 284     6250  4.50   -1.223   -0.269    0.040    0.104    0.089
 285     6250  5.00   -1.205   -0.280    0.041    0.108    0.093
 286     6500  0.50   -1.476    0.004    0.101    0.071    0.088
 287     6500  1.00   -1.466   -0.025    0.101    0.081    0.082
 288     6500  1.50   -1.433   -0.054    0.096    0.086    0.074
 289     6500  2.00   -1.389   -0.084    0.086    0.086    0.064
 290     6500  2.50   -1.339   -0.115    0.074    0.084    0.055
 291     6500  3.00   -1.287   -0.146    0.060    0.079    0.047
 292     6500  3.50   -1.235   -0.175    0.047    0.073    0.040
 293     6500  4.00   -1.186   -0.202    0.035    0.068    0.034
 294     6500  4.50   -1.142   -0.224    0.027    0.066    0.032
 295     6500  5.00   -1.109   -0.240    0.024    0.067    0.034
 296     6750  0.50   -1.372    0.067    0.086    0.019    0.033
 297     6750  1.00   -1.379    0.045    0.084    0.028    0.025
 298     6750  1.50   -1.367    0.012    0.085    0.039    0.020
 299     6750  2.00   -1.336   -0.021    0.079    0.045    0.013
 300     6750  2.50   -1.295   -0.055    0.068    0.045    0.003
 301     6750  3.00   -1.248   -0.090    0.055    0.042   -0.006
 302     6750  3.50   -1.196   -0.124    0.040    0.037   -0.014
 303     6750  4.00   -1.144   -0.157    0.025    0.031   -0.021
 304     6750  4.50   -1.093   -0.185    0.013    0.026   -0.025
 305     6750  5.00   -1.048   -0.207    0.005    0.025   -0.026
 306     7000  0.50   -1.276    0.113    0.069   -0.032   -0.020
 307     7000  1.00   -1.299    0.097    0.066   -0.024   -0.029
 308     7000  1.50   -1.305    0.071    0.065   -0.014   -0.037
 309     7000  2.00   -1.291    0.036    0.065   -0.003   -0.042
 310     7000  2.50   -1.261   -0.002    0.058    0.003   -0.050
 311     7000  3.00   -1.220   -0.040    0.046    0.003   -0.059
 312     7000  3.50   -1.172   -0.078    0.030   -0.001   -0.068
 313     7000  4.00   -1.120   -0.115    0.014   -0.007   -0.076
 314     7000  4.50   -1.065   -0.149   -0.001   -0.013   -0.082
 315     7000  5.00   -1.013   -0.178   -0.014   -0.017   -0.085
 316     7250  0.50   -1.191    0.138    0.052   -0.078   -0.072
 317     7250  1.00   -1.224    0.133    0.046   -0.074   -0.082
 318     7250  1.50   -1.245    0.113    0.045   -0.065   -0.092
 319     7250  2.00   -1.248    0.085    0.043   -0.056   -0.100
 320     7250  2.50   -1.231    0.046    0.042   -0.044   -0.106
 321     7250  3.00   -1.199    0.004    0.033   -0.040   -0.113
 322     7250  3.50   -1.157   -0.037    0.019   -0.041   -0.122
 323     7250  4.00   -1.107   -0.078    0.002   -0.046   -0.131
 324     7250  4.50   -1.052   -0.117   -0.016   -0.052   -0.138
 325     7250  5.00   -0.996   -0.151   -0.031   -0.058   -0.143
 326     7500  0.50   -1.115    0.127    0.038   -0.111   -0.120
 327     7500  1.00   -1.149    0.151    0.023   -0.123   -0.136
 328     7500  1.50   -1.183    0.140    0.022   -0.115   -0.146
 329     7500  2.00   -1.201    0.117    0.020   -0.106   -0.156
 330     7500  2.50   -1.201    0.086    0.017   -0.097   -0.164
 331     7500  3.00   -1.181    0.044    0.015   -0.087   -0.170
 332     7500  3.50   -1.146   -0.000    0.004   -0.084   -0.178
 333     7500  4.00   -1.101   -0.044   -0.012   -0.086   -0.186
 334     7500  4.50   -1.048   -0.087   -0.031   -0.092   -0.194
 335     7500  5.00   -0.990   -0.127   -0.049   -0.098   -0.200
 336     7750  1.00   -1.080    0.149   -0.004   -0.169   -0.191
 337     7750  1.50   -1.121    0.151   -0.006   -0.166   -0.202
 338     7750  2.00   -1.153    0.136   -0.006   -0.157   -0.212
 339     7750  2.50   -1.167    0.111   -0.008   -0.148   -0.222
 340     7750  3.00   -1.161    0.076   -0.012   -0.139   -0.230
 341     7750  3.50   -1.136    0.031   -0.016   -0.131   -0.236
 342     7750  4.00   -1.098   -0.015   -0.030   -0.130   -0.243
 343     7750  4.50   -1.049   -0.061   -0.047   -0.133   -0.251
 344     7750  5.00   -0.993   -0.104   -0.067   -0.139   -0.257
 345     8000  1.00   -1.016    0.118   -0.036   -0.211   -0.248
 346     8000  1.50   -1.060    0.145   -0.040   -0.217   -0.259
 347     8000  2.00   -1.101    0.140   -0.039   -0.209   -0.269
 348     8000  2.50   -1.127    0.121   -0.038   -0.200   -0.279
 349     8000  3.00   -1.136    0.093   -0.041   -0.192   -0.289
 350     8000  3.50   -1.126    0.056   -0.045   -0.184   -0.297
 351     8000  4.00   -1.095    0.010   -0.052   -0.177   -0.302
 352     8000  4.50   -1.052   -0.038   -0.067   -0.177   -0.308
 353     8000  5.00   -1.000   -0.085   -0.086   -0.182   -0.315
 354     8250  1.00   -0.961    0.057   -0.078   -0.252   -0.314
 355     8250  1.50   -1.008    0.121   -0.079   -0.268   -0.319
 356     8250  2.00   -1.052    0.128   -0.077   -0.264   -0.330
 357     8250  2.50   -1.087    0.118   -0.075   -0.255   -0.340
 358     8250  3.00   -1.108    0.096   -0.075   -0.246   -0.349
 359     8250  3.50   -1.111    0.067   -0.078   -0.238   -0.358
 360     8250  4.00   -1.092    0.026   -0.082   -0.230   -0.364
 361     8250  4.50   -1.056   -0.021   -0.091   -0.224   -0.367
 362     8250  5.00   -1.008   -0.069   -0.108   -0.225   -0.373
 363     8500  1.50   -0.967    0.082   -0.122   -0.319   -0.382
 364     8500  2.00   -1.012    0.103   -0.121   -0.319   -0.392
 365     8500  2.50   -1.052    0.100   -0.118   -0.312   -0.402
 366     8500  3.00   -1.080    0.085   -0.116   -0.303   -0.411
 367     8500  3.50   -1.092    0.062   -0.116   -0.294   -0.420
 368     8500  4.00   -1.087    0.031   -0.120   -0.286   -0.427
 369     8500  4.50   -1.060   -0.011   -0.123   -0.277   -0.430
 370     8500  5.00   -1.017   -0.058   -0.134   -0.272   -0.433
 371     8750  1.50   -0.930    0.033   -0.171   -0.370   -0.448
 372     8750  2.00   -0.978    0.067   -0.168   -0.375   -0.456
 373     8750  2.50   -1.021    0.071   -0.165   -0.370   -0.466
 374     8750  3.00   -1.056    0.063   -0.162   -0.362   -0.476
 375     8750  3.50   -1.076    0.045   -0.160   -0.352   -0.485
 376     8750  4.00   -1.080    0.020   -0.161   -0.344   -0.492
 377     8750  4.50   -1.064   -0.013   -0.164   -0.335   -0.496
 378     8750  5.00   -1.026   -0.054   -0.166   -0.325   -0.495
 379     9000  1.50   -0.899   -0.021   -0.223   -0.423   -0.518
 380     9000  2.00   -0.952    0.025   -0.217   -0.430   -0.521
 381     9000  2.50   -0.997    0.036   -0.214   -0.429   -0.531
 382     9000  3.00   -1.037    0.032   -0.212   -0.422   -0.542
 383     9000  3.50   -1.064    0.019   -0.209   -0.413   -0.551
 384     9000  4.00   -1.074   -0.001   -0.207   -0.404   -0.558
 385     9000  4.50   -1.067   -0.028   -0.209   -0.395   -0.563
 386     9000  5.00   -1.039   -0.063   -0.210   -0.384   -0.563
 387     9250  2.00   -0.930   -0.022   -0.267   -0.485   -0.586
 388     9250  2.50   -0.978   -0.005   -0.265   -0.486   -0.596
 389     9250  3.00   -1.021   -0.005   -0.263   -0.482   -0.608
 390     9250  3.50   -1.053   -0.014   -0.260   -0.475   -0.617
 391     9250  4.00   -1.070   -0.030   -0.258   -0.466   -0.625
 392     9250  4.50   -1.070   -0.053   -0.257   -0.456   -0.630
 393     9250  5.00   -1.051   -0.082   -0.258   -0.446   -0.632
 394     9500  2.00   -0.912   -0.070   -0.319   -0.540   -0.652
 395     9500  2.50   -0.962   -0.049   -0.317   -0.543   -0.660
 396     9500  3.00   -1.006   -0.046   -0.315   -0.541   -0.672
 397     9500  3.50   -1.043   -0.053   -0.313   -0.536   -0.683
 398     9500  4.00   -1.067   -0.065   -0.311   -0.528   -0.692
 399     9500  4.50   -1.074   -0.084   -0.308   -0.518   -0.698
 400     9500  5.00   -1.063   -0.109   -0.308   -0.508   -0.700
 401     9750  2.00   -0.899   -0.119   -0.371   -0.595   -0.718
 402     9750  2.50   -0.951   -0.096   -0.369   -0.599   -0.725
 403     9750  3.00   -0.996   -0.090   -0.368   -0.600   -0.736
 404     9750  3.50   -1.035   -0.094   -0.366   -0.596   -0.748
 405     9750  4.00   -1.064   -0.105   -0.364   -0.589   -0.758
 406     9750  4.50   -1.079   -0.120   -0.362   -0.580   -0.765
 407     9750  5.00   -1.074   -0.142   -0.360   -0.571   -0.768
 408    10000  2.00   -0.889   -0.167   -0.423   -0.649   -0.783
 409    10000  2.50   -0.942   -0.143   -0.421   -0.655   -0.789
 410    10000  3.00   -0.989   -0.136   -0.421   -0.657   -0.800
 411    10000  3.50   -1.031   -0.138   -0.420   -0.655   -0.813
 412    10000  4.00   -1.062   -0.147   -0.418   -0.650   -0.823
 413    10000  4.50   -1.081   -0.160   -0.415   -0.642   -0.831
 414    10000  5.00   -1.083   -0.178   -0.413   -0.632   -0.834
 415    10250  2.00   -0.882   -0.216   -0.475   -0.704   -0.847
 416    10250  2.50   -0.937   -0.190   -0.473   -0.710   -0.853
 417    10250  3.00   -0.985   -0.182   -0.473   -0.714   -0.864
 418    10250  3.50   -1.027   -0.184   -0.474   -0.714   -0.876
 419    10250  4.00   -1.062   -0.191   -0.473   -0.710   -0.887
 420    10250  4.50   -1.084   -0.202   -0.470   -0.703   -0.895
 421    10250  5.00   -1.092   -0.218   -0.467   -0.694   -0.900
 422    10500  2.00   -0.879   -0.265   -0.528   -0.758   -0.911
 423    10500  2.50   -0.935   -0.238   -0.525   -0.765   -0.916
 424    10500  3.00   -0.984   -0.229   -0.526   -0.770   -0.926
 425    10500  3.50   -1.027   -0.230   -0.527   -0.771   -0.938
 426    10500  4.00   -1.062   -0.236   -0.527   -0.769   -0.950
 427    10500  4.50   -1.088   -0.246   -0.525   -0.763   -0.959
 428    10500  5.00   -1.101   -0.260   -0.522   -0.755   -0.965
 429    10750  2.00   -0.879   -0.313   -0.580   -0.813   -0.974
 430    10750  2.50   -0.935   -0.286   -0.576   -0.819   -0.978
 431    10750  3.00   -0.985   -0.277   -0.578   -0.825   -0.988
 432    10750  3.50   -1.028   -0.277   -0.580   -0.828   -1.001
 433    10750  4.00   -1.065   -0.282   -0.580   -0.827   -1.012
 434    10750  4.50   -1.093   -0.291   -0.579   -0.823   -1.022
 435    10750  5.00   -1.109   -0.303   -0.576   -0.816   -1.029
 436    11000  2.00   -0.883   -0.361   -0.632   -0.868   -1.036
 437    11000  2.50   -0.939   -0.333   -0.628   -0.873   -1.040
 438    11000  3.00   -0.988   -0.324   -0.629   -0.879   -1.050
 439    11000  3.50   -1.032   -0.324   -0.632   -0.883   -1.062
 440    11000  4.00   -1.070   -0.329   -0.633   -0.884   -1.074
 441    11000  4.50   -1.099   -0.337   -0.633   -0.881   -1.084
 442    11000  5.00   -1.118   -0.348   -0.631   -0.875   -1.091
 443    11250  2.00   -0.890   -0.409   -0.684   -0.922   -1.097
 444    11250  2.50   -0.945   -0.380   -0.679   -0.927   -1.100
 445    11250  3.00   -0.994   -0.371   -0.681   -0.934   -1.110
 446    11250  3.50   -1.038   -0.371   -0.684   -0.938   -1.122
 447    11250  4.00   -1.076   -0.376   -0.686   -0.940   -1.134
 448    11250  4.50   -1.107   -0.383   -0.687   -0.939   -1.145
 449    11250  5.00   -1.127   -0.393   -0.685   -0.934   -1.152
 450    11500  2.00   -0.899   -0.457   -0.736   -0.976   -1.158
 451    11500  2.50   -0.954   -0.428   -0.730   -0.981   -1.161
 452    11500  3.00   -1.003   -0.418   -0.732   -0.987   -1.170
 453    11500  3.50   -1.046   -0.418   -0.735   -0.993   -1.182
 454    11500  4.00   -1.085   -0.422   -0.738   -0.996   -1.194
 455    11500  4.50   -1.116   -0.430   -0.739   -0.995   -1.205
 456    11500  5.00   -1.138   -0.439   -0.738   -0.991   -1.213
 457    11750  2.00   -0.911   -0.505   -0.787   -1.030   -1.218
 458    11750  2.50   -0.965   -0.474   -0.781   -1.034   -1.220
 459    11750  3.00   -1.013   -0.465   -0.783   -1.041   -1.230
 460    11750  3.50   -1.057   -0.465   -0.787   -1.046   -1.242
 461    11750  4.00   -1.095   -0.469   -0.790   -1.050   -1.254
 462    11750  4.50   -1.127   -0.476   -0.792   -1.051   -1.264
 463    11750  5.00   -1.149   -0.485   -0.791   -1.048   -1.272
 464    12000  2.50   -0.978   -0.521   -0.832   -1.088   -1.279
 465    12000  3.00   -1.025   -0.511   -0.834   -1.094   -1.288
 466    12000  3.50   -1.068   -0.511   -0.837   -1.100   -1.300
 467    12000  4.00   -1.107   -0.515   -0.841   -1.104   -1.312
 468    12000  4.50   -1.139   -0.522   -0.843   -1.105   -1.323
 469    12000  5.00   -1.162   -0.531   -0.843   -1.104   -1.331
 470    12250  2.50   -0.993   -0.567   -0.882   -1.140   -1.337
 471    12250  3.00   -1.039   -0.558   -0.884   -1.147   -1.346
 472    12250  3.50   -1.082   -0.557   -0.888   -1.152   -1.357
 473    12250  4.00   -1.120   -0.562   -0.891   -1.157   -1.369
 474    12250  4.50   -1.152   -0.568   -0.894   -1.159   -1.380
 475    12250  5.00   -1.176   -0.577   -0.895   -1.158   -1.389
 476    12500  2.50   -1.009   -0.613   -0.932   -1.193   -1.394
 477    12500  3.00   -1.055   -0.603   -0.934   -1.199   -1.403
 478    12500  3.50   -1.097   -0.603   -0.937   -1.205   -1.414
 479    12500  4.00   -1.134   -0.607   -0.941   -1.209   -1.426
 480    12500  4.50   -1.166   -0.614   -0.944   -1.212   -1.437
 481    12500  5.00   -1.191   -0.622   -0.946   -1.212   -1.446
 482    12750  2.50   -1.026   -0.658   -0.981   -1.244   -1.450
 483    12750  3.00   -1.072   -0.649   -0.983   -1.251   -1.459
 484    12750  3.50   -1.113   -0.649   -0.987   -1.257   -1.470
 485    12750  4.00   -1.150   -0.653   -0.991   -1.261   -1.482
 486    12750  4.50   -1.182   -0.659   -0.994   -1.264   -1.493
 487    12750  5.00   -1.207   -0.668   -0.996   -1.265   -1.502
 488    13000  2.50   -1.045   -0.703   -1.030   -1.296   -1.506
 489    13000  3.00   -1.090   -0.694   -1.032   -1.302   -1.515
 490    13000  3.50   -1.131   -0.694   -1.036   -1.308   -1.526
 491    13000  4.00   -1.167   -0.698   -1.040   -1.313   -1.537
 492    13000  4.50   -1.198   -0.704   -1.043   -1.316   -1.548
 493    13000  5.00   -1.223   -0.712   -1.045   -1.317   -1.557
 494    14000  2.00   -1.059   -0.907   -1.222   -1.485   -1.716
 495    14000  2.50   -1.122   -0.875   -1.218   -1.492   -1.719
 496    14000  3.00   -1.171   -0.868   -1.222   -1.501   -1.729
 497    14000  3.50   -1.210   -0.869   -1.226   -1.507   -1.740
 498    14000  4.00   -1.243   -0.873   -1.230   -1.512   -1.751
 499    14000  4.50   -1.272   -0.879   -1.234   -1.515   -1.761
 500    14000  5.00   -1.296   -0.887   -1.236   -1.517   -1.770
 501    15000  2.50   -1.202   -1.036   -1.393   -1.677   -1.917
 502    15000  3.00   -1.255   -1.032   -1.400   -1.688   -1.930
 503    15000  3.50   -1.296   -1.035   -1.407   -1.697   -1.942
 504    15000  4.00   -1.328   -1.040   -1.412   -1.702   -1.952
 505    15000  4.50   -1.355   -1.047   -1.415   -1.705   -1.962
 506    15000  5.00   -1.376   -1.054   -1.418   -1.707   -1.970
 507    16000  2.50   -1.277   -1.187   -1.556   -1.848   -2.101
 508    16000  3.00   -1.339   -1.186   -1.568   -1.864   -2.117
 509    16000  3.50   -1.384   -1.192   -1.578   -1.875   -2.131
 510    16000  4.00   -1.417   -1.199   -1.584   -1.882   -2.143
 511    16000  4.50   -1.443   -1.206   -1.588   -1.885   -2.152
 512    16000  5.00   -1.462   -1.213   -1.590   -1.887   -2.159
 513    17000  2.50   -1.348   -1.327   -1.707   -2.006   -2.271
 514    17000  3.00   -1.419   -1.330   -1.724   -2.028   -2.291
 515    17000  3.50   -1.469   -1.339   -1.737   -2.042   -2.308
 516    17000  4.00   -1.505   -1.348   -1.746   -2.051   -2.321
 517    17000  4.50   -1.531   -1.357   -1.751   -2.056   -2.331
 518    17000  5.00   -1.550   -1.364   -1.754   -2.058   -2.338
 519    18000  2.50   -1.413   -1.458   -1.847   -2.152   -2.427
 520    18000  3.00   -1.494   -1.464   -1.869   -2.180   -2.454
 521    18000  3.50   -1.551   -1.477   -1.887   -2.199   -2.474
 522    18000  4.00   -1.590   -1.489   -1.898   -2.210   -2.489
 523    18000  4.50   -1.618   -1.499   -1.905   -2.217   -2.500
 524    18000  5.00   -1.637   -1.507   -1.909   -2.219   -2.507
 525    19000  2.50   -1.473   -1.581   -1.976   -2.286   -2.570
 526    19000  3.00   -1.565   -1.589   -2.004   -2.322   -2.604
 527    19000  3.50   -1.627   -1.606   -2.027   -2.345   -2.628
 528    19000  4.00   -1.671   -1.621   -2.041   -2.359   -2.646
 529    19000  4.50   -1.702   -1.633   -2.050   -2.368   -2.658
 530    19000  5.00   -1.722   -1.642   -2.055   -2.372   -2.666
 531    20000  3.00   -1.631   -1.705   -2.130   -2.453   -2.744
 532    20000  3.50   -1.700   -1.726   -2.157   -2.482   -2.773
 533    20000  4.00   -1.748   -1.745   -2.175   -2.500   -2.793
 534    20000  4.50   -1.781   -1.759   -2.187   -2.510   -2.807
 535    20000  5.00   -1.803   -1.770   -2.193   -2.516   -2.816
 536    21000  3.00   -1.692   -1.815   -2.247   -2.575   -2.873
 537    21000  3.50   -1.769   -1.840   -2.279   -2.610   -2.908
 538    21000  4.00   -1.821   -1.861   -2.301   -2.631   -2.931
 539    21000  4.50   -1.857   -1.878   -2.315   -2.644   -2.947
 540    21000  5.00   -1.881   -1.890   -2.323   -2.651   -2.958
 541    22000  3.00   -1.751   -1.918   -2.356   -2.689   -2.993
 542    22000  3.50   -1.833   -1.946   -2.394   -2.729   -3.034
 543    22000  4.00   -1.891   -1.971   -2.419   -2.755   -3.061
 544    22000  4.50   -1.929   -1.989   -2.436   -2.771   -3.080
 545    22000  5.00   -1.955   -2.004   -2.446   -2.779   -3.091
 546    23000  3.00   -1.808   -2.016   -2.460   -2.796   -3.106
 547    23000  3.50   -1.895   -2.046   -2.501   -2.841   -3.152
 548    23000  4.00   -1.956   -2.074   -2.530   -2.871   -3.183
 549    23000  4.50   -1.998   -2.095   -2.550   -2.890   -3.204
 550    23000  5.00   -2.026   -2.111   -2.562   -2.900   -3.217
 551    24000  3.00   -1.863   -2.106   -2.558   -2.898   -3.213
 552    24000  3.50   -1.954   -2.141   -2.603   -2.947   -3.263
 553    24000  4.00   -2.019   -2.171   -2.635   -2.980   -3.298
 554    24000  4.50   -2.064   -2.194   -2.657   -3.002   -3.322
 555    24000  5.00   -2.093   -2.212   -2.671   -3.015   -3.337
 556    25000  3.00   -1.910   -2.189   -2.646   -2.990   -3.310
 557    25000  3.50   -2.012   -2.231   -2.699   -3.047   -3.368
 558    25000  4.00   -2.078   -2.263   -2.734   -3.083   -3.406
 559    25000  4.50   -2.125   -2.288   -2.758   -3.107   -3.432
 560    25000  5.00   -2.157   -2.307   -2.774   -3.122   -3.449
 561    26000  3.00   -1.950   -2.263   -2.723   -3.069   -3.394
 562    26000  3.50   -2.066   -2.314   -2.790   -3.143   -3.468
 563    26000  4.00   -2.136   -2.350   -2.828   -3.181   -3.508
 564    26000  4.50   -2.184   -2.377   -2.854   -3.207   -3.536
 565    26000  5.00   -2.217   -2.397   -2.871   -3.224   -3.555
 566    27000  3.50   -2.114   -2.390   -2.873   -3.230   -3.561
 567    27000  4.00   -2.191   -2.432   -2.917   -3.274   -3.606
 568    27000  4.50   -2.240   -2.460   -2.944   -3.302   -3.635
 569    27000  5.00   -2.274   -2.481   -2.963   -3.320   -3.655
 570    28000  3.50   -2.156   -2.458   -2.948   -3.309   -3.643
 571    28000  4.00   -2.241   -2.507   -3.000   -3.362   -3.697
 572    28000  4.50   -2.293   -2.539   -3.030   -3.391   -3.728
 573    28000  5.00   -2.328   -2.561   -3.050   -3.410   -3.749
 574    29000  3.50   -2.194   -2.523   -3.017   -3.379   -3.718
 575    29000  4.00   -2.285   -2.576   -3.076   -3.442   -3.781
 576    29000  4.50   -2.342   -2.612   -3.110   -3.476   -3.816
 577    29000  5.00   -2.378   -2.636   -3.131   -3.496   -3.838
 578    30000  3.50   -2.237   -2.589   -3.085   -3.448   -3.789
 579    30000  4.00   -2.325   -2.640   -3.146   -3.514   -3.858
 580    30000  4.50   -2.387   -2.679   -3.184   -3.554   -3.898
 581    30000  5.00   -2.424   -2.706   -3.207   -3.576   -3.922
 582    31000  3.50   -2.289   -2.660   -3.157   -3.518   -3.861
 583    31000  4.00   -2.365   -2.701   -3.212   -3.583   -3.929
 584    31000  4.50   -2.427   -2.742   -3.253   -3.626   -3.973
 585    31000  5.00   -2.467   -2.770   -3.279   -3.651   -4.000
 586    32000  4.00   -2.407   -2.762   -3.277   -3.649   -3.998
 587    32000  4.50   -2.467   -2.802   -3.319   -3.694   -4.044
 588    32000  5.00   -2.508   -2.832   -3.346   -3.721   -4.072
 589    33000  4.00   -2.457   -2.828   -3.346   -3.716   -4.068
 590    33000  4.50   -2.508   -2.861   -3.383   -3.758   -4.112
 591    33000  5.00   -2.548   -2.891   -3.410   -3.787   -4.141
 592    34000  4.00   -2.513   -2.897   -3.417   -3.786   -4.140
 593    34000  4.50   -2.554   -2.922   -3.448   -3.824   -4.179
 594    34000  5.00   -2.589   -2.949   -3.474   -3.852   -4.208
 595    35000  4.00   -2.576   -2.970   -3.491   -3.858   -4.214
 596    35000  4.50   -2.605   -2.986   -3.515   -3.890   -4.248
 597    35000  5.00   -2.635   -3.009   -3.538   -3.916   -4.275
 598    36000  4.00   -2.644   -3.047   -3.570   -3.934   -4.291
 599    36000  4.50   -2.662   -3.054   -3.585   -3.958   -4.318
 600    36000  5.00   -2.686   -3.071   -3.604   -3.982   -4.342
 601    37000  4.00   -2.716   -3.126   -3.650   -4.013   -4.371
 602    37000  4.50   -2.724   -3.125   -3.658   -4.029   -4.391
 603    37000  5.00   -2.741   -3.136   -3.672   -4.048   -4.411
 604    38000  4.00   -2.790   -3.206   -3.732   -4.094   -4.454
 605    38000  4.50   -2.791   -3.198   -3.734   -4.103   -4.466
 606    38000  5.00   -2.801   -3.204   -3.742   -4.117   -4.481
 607    39000  4.00   -2.865   -3.286   -3.813   -4.176   -4.536
 608    39000  4.50   -2.860   -3.274   -3.811   -4.179   -4.544
 609    39000  5.00   -2.865   -3.275   -3.815   -4.188   -4.554
 610    40000  4.50   -2.931   -3.350   -3.890   -4.256   -4.622
 611    40000  5.00   -2.932   -3.348   -3.890   -4.261   -4.629
 612    41000  4.50   -3.003   -3.426   -3.967   -4.334   -4.701
 613    41000  5.00   -3.001   -3.421   -3.966   -4.336   -4.705
 614    42000  4.50   -3.073   -3.501   -4.044   -4.411   -4.779
 615    42000  5.00   -3.070   -3.495   -4.042   -4.411   -4.782
 616    43000  4.50   -3.143   -3.574   -4.119   -4.486   -4.855
 617    43000  5.00   -3.140   -3.569   -4.118   -4.486   -4.858
 618    44000  4.50   -3.211   -3.646   -4.192   -4.560   -4.930
 619    44000  5.00   -3.208   -3.641   -4.192   -4.560   -4.933
 620    45000  4.50   -3.277   -3.717   -4.264   -4.632   -5.003
 621    45000  5.00   -3.276   -3.712   -4.265   -4.633   -5.007
 622    46000  4.50   -3.343   -3.786   -4.334   -4.703   -5.074
 623    46000  5.00   -3.342   -3.782   -4.336   -4.705   -5.080
 624    47000  4.50   -3.407   -3.854   -4.403   -4.773   -5.144
 625    47000  5.00   -3.407   -3.850   -4.406   -4.775   -5.150
 626    48000  4.50   -3.470   -3.920   -4.470   -4.841   -5.212
 627    48000  5.00   -3.471   -3.917   -4.474   -4.844   -5.220
 628    49000  4.50   -3.532   -3.985   -4.536   -4.907   -5.279
 629    49000  5.00   -3.534   -3.983   -4.541   -4.911   -5.288
 630    50000  5.00   -3.595   -4.047   -4.606   -4.978   -5.354
 631    56101  5.00   -3.710   -4.197   -4.724   -5.103   -5.454
 632    62946  5.00   -4.037   -4.536   -5.073   -5.456   -5.811
 633    70627  5.00   -4.370   -4.879   -5.424   -5.812   -6.170
 634    79245  5.00   -4.708   -5.226   -5.779   -6.170   -6.531
 635    88914  5.00   -5.050   -5.576   -6.135   -6.530   -6.894
 636    99763  5.00   -5.396   -5.929   -6.494   -6.892   -7.258
 637   111936  5.00   -5.745   -6.285   -6.854   -7.255   -7.623
 638   125595  5.00   -6.097   -6.643   -7.217   -7.619   -7.989
 639   140920  5.00   -6.452   -7.002   -7.580   -7.985   -8.356
 640   158115  5.00   -6.809   -7.364   -7.945   -8.352   -8.724
 641   177407  5.00   -7.168   -7.727   -8.311   -8.719   -9.093
 642   199055  5.00   -7.529   -8.091   -8.678   -9.088   -9.463
 643   223343  5.00   -7.891   -8.456   -9.046   -9.457   -9.833
 644   250595  5.00   -8.255   -8.823   -9.415   -9.827  -10.203
 645   281172  5.00   -8.620   -9.190   -9.784  -10.197  -10.575
 646   315481  5.00   -8.987   -9.559  -10.154  -10.568  -10.946
 647   353975  5.00   -9.354   -9.928  -10.525  -10.940  -11.318
 648   397167  5.00   -9.722  -10.297  -10.896  -11.311  -11.690
 649   445629  5.00  -10.091  -10.668  -11.267  -11.683  -12.063
 650   500004  5.00  -10.460  -11.038  -11.639  -12.056  -12.436
 651   561014  5.00  -10.830  -11.410  -12.011  -12.428  -12.809
 652   629469  5.00  -11.201  -11.781  -12.384  -12.801  -13.182
 653   706276  5.00  -11.572  -12.153  -12.756  -13.175  -13.556
 654   792455  5.00  -11.944  -12.526  -13.129  -13.548  -13.929
 655   889149  5.00  -12.316  -12.898  -13.503  -13.922  -14.303
 656   997642  5.00  -12.688  -13.271  -13.876  -14.295  -14.677
 657  1119373  5.00  -13.060  -13.644  -14.250  -14.669  -15.051
 658  1255958  5.00  -13.433  -14.018  -14.623  -15.043  -15.425
 659  1409209  5.00  -13.806  -14.391  -14.997  -15.417  -15.799
 660  1581159  5.00  -14.180  -14.765  -15.371  -15.791  -16.174
 661  1774090  5.00  -14.553  -15.139  -15.745  -16.166  -16.548
 662  1990563  5.00  -14.927  -15.513  -16.120  -16.540  -16.922
 663  2233450  5.00  -15.301  -15.887  -16.494  -16.914  -17.297
 664  2505973  5.00  -15.674  -16.261  -16.868  -17.289  -17.672
 665  2811749  5.00  -16.048  -16.635  -17.243  -17.663  -18.046
 666  3154836  5.00  -16.423  -17.010  -17.617  -18.038  -18.421
 667  3539785  5.00  -16.797  -17.384  -17.992  -18.413  -18.796
 668  3971706  5.00  -17.171  -17.759  -18.366  -18.787  -19.170
 669  4456330  5.00  -17.546  -18.133  -18.741  -19.162  -19.545
# BCs for Fluks et al. 1994 M-giant spectra:
#  n     Teff  logg        u        g        r        i        z
   0     3810  0.00   -5.232   -2.180   -0.743   -0.151    0.214
   1     3736  0.00   -5.480   -2.411   -0.956   -0.216    0.214
   2     3666  0.00   -5.741   -2.663   -1.199   -0.300    0.201
   3     3574  0.00   -5.963   -3.071   -1.567   -0.467    0.136
   4     3434  0.00   -6.474   -3.757   -2.226   -0.821    0.018
   5     3309  0.00   -7.001   -4.788   -3.149   -1.410   -0.171
   6     3126  0.00   -7.946   -6.208   -4.480   -2.215   -0.581
   7     2890  0.00   -8.652   -7.675   -5.306   -2.820   -0.984
   8     2667  0.00   -9.374   -8.706   -5.828   -3.150   -1.145
   9     2500  0.00  -10.108   -9.436   -6.407   -3.451   -1.145
