# BCs for ATLAS9 + DUSTY99 + blackbody spectra:
#  n     Teff  logg        u        g        r        i        z
   0      500  3.50  -999999  -75.426  -56.344  -43.599  -32.213
   1      500  4.00  -999999  -74.184  -55.412  -42.855  -31.659
   2      500  4.50  -999999  -73.813  -54.918  -42.260  -31.021
   3      500  5.00  -999999  -71.368  -52.914  -40.544  -29.660
   4      500  5.50  -999999  -68.196  -50.346  -38.398  -28.014
   5      500  6.00  -999999  -64.992  -47.769  -36.268  -26.405
   6      600  3.50  -999999  -61.322  -45.433  -34.897  -25.898
   7      600  4.00  -999999  -60.586  -44.858  -34.431  -25.539
   8      600  4.50  -999999  -62.429  -46.093  -35.198  -25.908
   9      600  5.00  -999999  -60.516  -44.488  -33.794  -24.755
  10      600  5.50  -999999  -58.122  -42.519  -32.115  -23.420
  11      600  6.00  -83.453  -55.492  -40.411  -30.379  -22.083
  12      700  3.50  -73.659  -50.448  -37.000  -28.178  -20.899
  13      700  4.00  -72.828  -49.855  -36.543  -27.815  -20.620
  14      700  4.50  -75.104  -51.333  -37.543  -28.432  -20.928
  15      700  5.00  -73.878  -50.388  -36.722  -27.672  -20.256
  16      700  5.50  -71.387  -48.481  -35.102  -26.217  -19.031
  17      700  6.00  -68.144  -46.061  -33.126  -24.546  -17.712
  18      800  3.50  -60.228  -40.772  -29.414  -22.025  -16.153
  19      800  4.00  -60.458  -40.971  -29.597  -22.194  -16.292
  20      800  4.50  -62.323  -42.205  -30.434  -22.711  -16.583
  21      800  5.00  -61.277  -41.321  -29.620  -21.934  -15.913
  22      800  5.50  -59.737  -39.974  -28.411  -20.852  -15.032
  23      800  6.00  -57.034  -37.827  -26.674  -19.462  -13.977
  24      900  3.50  -48.877  -32.507  -23.057  -17.083  -12.457
  25      900  4.00  -48.985  -32.496  -22.988  -16.969  -12.333
  26      900  4.50  -51.167  -33.915  -23.952  -17.599  -12.746
  27      900  5.00  -49.149  -32.163  -22.457  -16.332  -11.721
  28      900  5.50  -49.234  -32.210  -22.485  -16.348  -11.731
  29     1000  3.50  -43.169  -28.440  -20.001  -14.758  -10.726
  30     1000  4.00  -42.263  -27.729  -19.419  -14.272  -10.328
  31     1000  4.50  -42.328  -27.565  -19.183  -14.007  -10.078
  32     1000  5.00  -42.417  -27.395  -18.946  -13.746   -9.835
  33     1000  5.50  -41.939  -26.931  -18.541  -13.394   -9.538
  34     1000  6.00  -40.268  -25.730  -17.633  -12.695   -8.990
  35     1100  3.50  -37.814  -24.635  -17.121  -12.535   -9.032
  36     1100  4.00  -37.410  -24.323  -16.866  -12.320   -8.853
  37     1100  4.50  -37.378  -24.158  -16.677  -12.126   -8.675
  38     1100  5.00  -36.911  -23.632  -16.187  -11.680   -8.289
  39     1100  5.50  -36.230  -22.979  -15.617  -11.184   -7.870
  40     1100  6.00  -43.583  -28.854  -20.415  -15.172  -11.140
  41     1200  3.50  -33.025  -21.284  -14.570  -10.521   -7.459
  42     1200  4.00  -33.025  -21.284  -14.570  -10.521   -7.459
  43     1200  4.50  -33.025  -21.284  -14.570  -10.521   -7.459
  44     1200  5.00  -33.254  -21.230  -14.422  -10.335   -7.269
  45     1200  6.00  -31.614  -19.808  -13.237   -9.335   -6.434
  46     1300  3.50  -28.790  -18.349  -12.335   -8.746   -6.059
  47     1300  4.00  -28.821  -18.386  -12.367   -8.773   -6.081
  48     1300  4.50  -29.567  -18.859  -12.699   -9.019   -6.266
  49     1300  5.00  -29.588  -18.822  -12.639   -8.951   -6.198
  50     1300  5.50  -29.505  -18.604  -12.414   -8.741   -6.012
  51     1300  6.00  -33.168  -21.497  -14.816  -10.789   -7.743
  52     1400  3.50  -25.259  -15.919  -10.499   -7.299   -4.921
  53     1400  4.00  -25.301  -15.952  -10.523   -7.316   -4.935
  54     1400  4.50  -25.765  -16.240  -10.709   -7.442   -5.018
  55     1400  5.00  -26.244  -16.531  -10.911   -7.591   -5.130
  56     1400  5.50  -26.156  -16.282  -10.659   -7.362   -4.923
  57     1400  6.00  -26.172  -16.287  -10.661   -7.364   -4.924
  58     1500  3.50  -22.608  -14.096   -9.093   -6.154   -3.948
  59     1500  4.00  -22.501  -14.034   -9.068   -6.156   -3.987
  60     1500  4.50  -22.995  -14.315   -9.251   -6.288   -4.099
  61     1500  5.00  -23.214  -14.440   -9.333   -6.347   -4.145
  62     1500  5.50  -23.433  -14.534   -9.384   -6.381   -4.166
  63     1500  6.00  -23.488  -14.512   -9.354   -6.355   -4.139
  64     1600  3.50  -20.702  -12.588   -7.862   -5.116   -2.947
  65     1600  4.00  -20.483  -12.553   -7.881   -5.151   -3.038
  66     1600  4.50  -20.577  -12.608   -7.931   -5.218   -3.161
  67     1600  5.00  -20.679  -12.690   -8.002   -5.289   -3.265
  68     1600  5.50  -20.855  -12.772   -8.056   -5.336   -3.323
  69     1600  6.00  -21.006  -12.830   -8.098   -5.373   -3.359
  70     1700  3.50  -18.968  -11.019   -6.816   -4.212   -2.014
  71     1700  4.00  -18.593  -10.641   -6.446   -3.948   -1.872
  72     1700  4.50  -17.404   -9.707   -5.812   -3.415   -1.417
  73     1700  5.00  -18.457  -10.810   -6.543   -4.026   -2.012
  74     1700  5.50  -18.710  -11.201   -6.844   -4.322   -2.355
  75     1700  6.00  -18.890  -11.363   -6.994   -4.499   -2.599
  76     1800  3.50  -17.527   -9.963   -6.251   -3.690   -1.498
  77     1800  4.00  -17.185   -9.761   -6.039   -3.567   -1.459
  78     1800  4.50  -16.210   -9.064   -5.490   -3.169   -1.187
  79     1800  5.00  -16.087   -9.043   -5.457   -3.134   -1.188
  80     1800  5.50  -16.877   -9.702   -5.825   -3.481   -1.549
  81     1800  6.00  -16.975   -9.805   -5.858   -3.525   -1.603
  82     1900  3.50  -14.996   -8.766   -5.716   -3.156   -0.988
  83     1900  4.00  -16.116   -9.002   -5.726   -3.214   -1.101
  84     1900  4.50  -17.063   -9.589   -5.980   -3.476   -1.406
  85     1900  5.00  -16.059   -8.959   -5.497   -3.129   -1.163
  86     1900  5.50  -16.039   -9.193   -5.593   -3.294   -1.357
  87     1900  6.00  -15.982   -9.228   -5.553   -3.348   -1.455
  88     2000  3.50  -13.075   -8.029   -5.522   -2.869   -0.721
  89     2000  4.00  -14.452   -8.149   -5.382   -2.820   -0.748
  90     2000  4.50  -15.259   -8.234   -5.279   -2.785   -0.777
  91     2000  5.00  -15.694   -8.457   -5.306   -2.865   -0.903
  92     2000  5.50  -15.647   -8.874   -5.474   -3.131   -1.197
  93     2000  6.00  -15.163   -8.696   -5.270   -3.110   -1.236
  94     2100  4.00  -12.780   -7.449   -5.123   -2.524   -0.511
  95     2100  5.00  -14.558   -7.568   -4.868   -2.391   -0.507
  96     2100  5.50  -15.276   -8.144   -5.126   -2.697   -0.801
  97     2100  6.00  -15.070   -8.455   -5.206   -2.957   -1.049
  98     2200  3.50  -10.055   -6.616   -4.893   -2.265   -0.298
  99     2200  4.00  -11.206   -6.771   -4.809   -2.228   -0.310
 100     2200  4.50  -12.532   -6.942   -4.776   -2.191   -0.310
 101     2200  5.00  -13.703   -7.082   -4.689   -2.145   -0.328
 102     2200  5.50  -14.523   -7.397   -4.760   -2.266   -0.464
 103     2200  6.00  -14.607   -7.527   -4.723   -2.386   -0.551
 104     2300  3.50   -9.020   -6.025   -4.487   -1.962   -0.144
 105     2300  4.00  -10.014   -6.177   -4.436   -1.931   -0.151
 106     2300  4.50  -11.285   -6.396   -4.476   -1.922   -0.157
 107     2300  5.00  -12.681   -6.607   -4.457   -1.900   -0.182
 108     2300  5.50  -13.717   -6.809   -4.473   -1.937   -0.240
 109     2300  6.00  -13.977   -6.904   -4.397   -1.986   -0.280
 110     2400  3.50   -8.222   -5.499   -4.033   -1.665   -0.016
 111     2400  4.00   -9.039   -5.633   -4.014   -1.641   -0.020
 112     2400  4.50  -10.140   -5.851   -4.104   -1.648   -0.021
 113     2400  5.50  -12.632   -6.256   -4.159   -1.627   -0.054
 114     2400  6.00  -13.403   -6.453   -4.160   -1.704   -0.122
 115     2500  3.50   -7.683   -5.068   -3.591   -1.402    0.075
 116     2500  4.00   -8.307   -5.157   -3.577   -1.372    0.082
 117     2500  4.50   -9.237   -5.369   -3.713   -1.396    0.084
 118     2500  5.00  -10.386   -5.565   -3.763   -1.371    0.089
 119     2500  5.50  -11.665   -5.796   -3.839   -1.374    0.064
 120     2500  6.00  -12.595   -5.991   -3.875   -1.421    0.020
 121     2600  3.50   -7.258   -4.696   -3.199   -1.180    0.144
 122     2600  4.00   -7.747   -4.747   -3.174   -1.143    0.157
 123     2600  4.50   -8.517   -4.935   -3.322   -1.167    0.167
 124     2600  5.00   -9.444   -5.096   -3.366   -1.142    0.179
 125     2600  5.50  -10.636   -5.322   -3.463   -1.140    0.168
 126     2600  6.00  -11.692   -5.560   -3.560   -1.179    0.125
 127     2700  3.50   -6.917   -4.388   -2.886   -1.011    0.190
 128     2700  4.00   -7.279   -4.386   -2.821   -0.954    0.215
 129     2700  4.50   -7.903   -4.537   -2.953   -0.968    0.234
 130     2700  5.00   -8.668   -4.672   -2.985   -0.945    0.246
 131     2700  5.50   -9.699   -4.877   -3.080   -0.938    0.245
 132     2700  6.00  -10.776   -5.117   -3.201   -0.959    0.217
 133     2800  5.00   -7.986   -4.269   -2.617   -0.766    0.306
 134     2800  5.50   -8.873   -4.460   -2.709   -0.765    0.304
 135     2900  5.00   -7.427   -3.927   -2.307   -0.629    0.341
 136     2900  5.50   -8.151   -4.074   -2.365   -0.618    0.348
 137     3000  5.00   -6.943   -3.620   -2.037   -0.514    0.368
 138     3000  5.50   -7.536   -3.733   -2.068   -0.499    0.379
 139     3100  5.00   -6.521   -3.343   -1.800   -0.415    0.390
 140     3100  5.50   -6.993   -3.426   -1.802   -0.396    0.399
 141     3200  5.00   -6.154   -3.094   -1.591   -0.328    0.409
 142     3200  5.50   -6.520   -3.149   -1.567   -0.305    0.416
 143     3300  5.00   -5.838   -2.872   -1.409   -0.252    0.424
 144     3300  5.50   -6.116   -2.903   -1.364   -0.226    0.430
 145     3400  5.00   -5.576   -2.676   -1.249   -0.186    0.436
 146     3400  5.50   -5.773   -2.686   -1.190   -0.157    0.440
 147     3500  5.00   -5.319   -2.488   -1.084   -0.127    0.434
 148     3500  5.50   -5.446   -2.483   -1.022   -0.096    0.443
 149     3600  5.00   -5.145   -2.337   -0.958   -0.076    0.438
 150     3600  5.50   -5.212   -2.318   -0.891   -0.045    0.446
 151     3700  5.00   -5.008   -2.205   -0.843   -0.034    0.435
 152     3700  5.50   -5.018   -2.174   -0.774   -0.001    0.446
 153     3800  5.00   -4.897   -2.084   -0.737    0.003    0.430
 154     3800  5.50   -4.855   -2.044   -0.668    0.039    0.443
 155     3500  0.00   -7.191   -3.332   -1.845   -0.540    0.174
 156     3500  0.50   -6.884   -3.378   -1.989   -0.591    0.158
 157     3500  1.00   -6.573   -3.409   -2.106   -0.633    0.145
 158     3500  1.50   -6.256   -3.422   -2.195   -0.665    0.136
 159     3500  2.00   -5.935   -3.404   -2.244   -0.678    0.136
 160     3500  2.50   -5.618   -3.347   -2.249   -0.668    0.153
 161     3500  3.00   -5.324   -3.247   -2.204   -0.625    0.191
 162     3500  3.50   -5.065   -3.096   -2.096   -0.544    0.253
 163     3500  4.00   -4.843   -2.910   -1.924   -0.432    0.337
 164     3500  4.50   -4.649   -2.711   -1.697   -0.302    0.429
 165     3500  5.00   -4.538   -2.541   -1.450   -0.187    0.498
 166     3750  0.00   -6.809   -2.464   -0.863   -0.159    0.286
 167     3750  0.50   -6.509   -2.472   -0.926   -0.181    0.284
 168     3750  1.00   -6.219   -2.474   -0.994   -0.202    0.285
 169     3750  1.50   -5.930   -2.468   -1.064   -0.222    0.287
 170     3750  2.00   -5.648   -2.459   -1.132   -0.240    0.289
 171     3750  2.50   -5.373   -2.448   -1.198   -0.256    0.293
 172     3750  3.00   -5.125   -2.439   -1.254   -0.265    0.301
 173     3750  3.50   -4.910   -2.419   -1.285   -0.262    0.316
 174     3750  4.00   -4.731   -2.381   -1.276   -0.236    0.346
 175     3750  4.50   -4.562   -2.307   -1.197   -0.177    0.395
 176     3750  5.00   -4.415   -2.210   -1.067   -0.099    0.451
 177     4000  0.00   -6.264   -1.914   -0.448    0.028    0.333
 178     4000  0.50   -5.990   -1.912   -0.471    0.017    0.329
 179     4000  1.00   -5.723   -1.910   -0.496    0.007    0.327
 180     4000  1.50   -5.458   -1.896   -0.520   -0.003    0.326
 181     4000  2.00   -5.204   -1.883   -0.547   -0.013    0.326
 182     4000  2.50   -4.975   -1.870   -0.579   -0.024    0.327
 183     4000  3.00   -4.776   -1.868   -0.617   -0.034    0.331
 184     4000  3.50   -4.618   -1.874   -0.658   -0.041    0.339
 185     4000  4.00   -4.490   -1.881   -0.691   -0.042    0.353
 186     4000  4.50   -4.381   -1.881   -0.700   -0.026    0.378
 187     4000  5.00   -4.266   -1.856   -0.656    0.015    0.413
 188     4250  0.00   -5.471   -1.522   -0.220    0.140    0.363
 189     4250  0.50   -5.263   -1.515   -0.235    0.131    0.359
 190     4250  1.00   -5.041   -1.509   -0.250    0.124    0.356
 191     4250  1.50   -4.819   -1.497   -0.263    0.118    0.352
 192     4250  2.00   -4.605   -1.481   -0.274    0.111    0.348
 193     4250  2.50   -4.428   -1.472   -0.284    0.105    0.344
 194     4250  3.00   -4.284   -1.468   -0.298    0.100    0.342
 195     4250  3.50   -4.183   -1.479   -0.316    0.095    0.345
 196     4250  4.00   -4.115   -1.497   -0.335    0.092    0.351
 197     4250  4.50   -4.066   -1.519   -0.353    0.094    0.363
 198     4250  5.00   -4.012   -1.535   -0.357    0.109    0.384
 199     4500  0.00   -4.678   -1.232   -0.068    0.217    0.378
 200     4500  0.50   -4.534   -1.221   -0.080    0.207    0.374
 201     4500  1.00   -4.380   -1.214   -0.093    0.201    0.372
 202     4500  1.50   -4.214   -1.206   -0.105    0.195    0.370
 203     4500  2.00   -4.049   -1.192   -0.115    0.189    0.365
 204     4500  2.50   -3.903   -1.181   -0.122    0.183    0.360
 205     4500  3.00   -3.799   -1.176   -0.129    0.179    0.355
 206     4500  3.50   -3.726   -1.183   -0.137    0.177    0.354
 207     4500  4.00   -3.689   -1.200   -0.145    0.177    0.356
 208     4500  4.50   -3.678   -1.223   -0.152    0.178    0.360
 209     4500  5.00   -3.678   -1.252   -0.160    0.184    0.369
 210     4750  0.00   -4.026   -1.003    0.036    0.272    0.381
 211     4750  0.50   -3.910   -0.991    0.026    0.261    0.377
 212     4750  1.00   -3.796   -0.983    0.016    0.253    0.375
 213     4750  1.50   -3.677   -0.976    0.006    0.247    0.373
 214     4750  2.00   -3.554   -0.966   -0.004    0.240    0.369
 215     4750  2.50   -3.439   -0.955   -0.013    0.234    0.364
 216     4750  3.00   -3.353   -0.948   -0.019    0.229    0.359
 217     4750  3.50   -3.293   -0.948   -0.024    0.226    0.355
 218     4750  4.00   -3.263   -0.957   -0.029    0.226    0.355
 219     4750  4.50   -3.261   -0.975   -0.033    0.228    0.357
 220     4750  5.00   -3.279   -0.999   -0.035    0.232    0.362
 221     5000  0.00   -3.514   -0.808    0.105    0.307    0.376
 222     5000  0.50   -3.400   -0.797    0.097    0.295    0.370
 223     5000  1.00   -3.294   -0.790    0.088    0.286    0.366
 224     5000  1.50   -3.194   -0.785    0.079    0.279    0.363
 225     5000  2.00   -3.097   -0.780    0.071    0.271    0.360
 226     5000  2.50   -3.009   -0.772    0.062    0.264    0.355
 227     5000  3.00   -2.937   -0.766    0.056    0.258    0.350
 228     5000  3.50   -2.887   -0.763    0.051    0.254    0.346
 229     5000  4.00   -2.859   -0.765    0.047    0.252    0.344
 230     5000  4.50   -2.853   -0.774    0.044    0.253    0.345
 231     5000  5.00   -2.869   -0.790    0.043    0.256    0.347
 232     5250  0.00   -3.090   -0.631    0.151    0.319    0.361
 233     5250  0.50   -2.984   -0.626    0.143    0.308    0.353
 234     5250  1.00   -2.883   -0.623    0.135    0.299    0.348
 235     5250  1.50   -2.789   -0.621    0.127    0.291    0.343
 236     5250  2.00   -2.703   -0.620    0.118    0.284    0.339
 237     5250  2.50   -2.628   -0.618    0.111    0.277    0.335
 238     5250  3.00   -2.567   -0.616    0.105    0.271    0.330
 239     5250  3.50   -2.524   -0.615    0.100    0.266    0.327
 240     5250  4.00   -2.500   -0.615    0.097    0.263    0.324
 241     5250  4.50   -2.494   -0.619    0.095    0.263    0.323
 242     5250  5.00   -2.507   -0.628    0.095    0.265    0.325
 243     5500  0.00   -2.719   -0.467    0.182    0.310    0.335
 244     5500  0.50   -2.633   -0.471    0.173    0.302    0.327
 245     5500  1.00   -2.544   -0.474    0.165    0.294    0.320
 246     5500  1.50   -2.457   -0.477    0.156    0.287    0.314
 247     5500  2.00   -2.378   -0.481    0.148    0.280    0.309
 248     5500  2.50   -2.308   -0.484    0.141    0.274    0.304
 249     5500  3.00   -2.250   -0.487    0.134    0.268    0.300
 250     5500  3.50   -2.209   -0.490    0.130    0.264    0.297
 251     5500  4.00   -2.184   -0.493    0.127    0.261    0.294
 252     5500  4.50   -2.176   -0.496    0.126    0.260    0.294
 253     5500  5.00   -2.186   -0.501    0.126    0.262    0.295
 254     5750  0.00   -2.387   -0.319    0.198    0.282    0.298
 255     5750  0.50   -2.331   -0.332    0.191    0.279    0.290
 256     5750  1.00   -2.260   -0.342    0.183    0.274    0.283
 257     5750  1.50   -2.185   -0.351    0.174    0.269    0.276
 258     5750  2.00   -2.113   -0.360    0.166    0.264    0.271
 259     5750  2.50   -2.047   -0.368    0.159    0.258    0.266
 260     5750  3.00   -1.990   -0.375    0.151    0.254    0.261
 261     5750  3.50   -1.947   -0.383    0.146    0.250    0.258
 262     5750  4.00   -1.916   -0.389    0.142    0.247    0.256
 263     5750  4.50   -1.903   -0.395    0.141    0.247    0.256
 264     5750  5.00   -1.906   -0.400    0.142    0.248    0.257
 265     6000  0.00   -2.095   -0.187    0.200    0.238    0.250
 266     6000  0.50   -2.073   -0.209    0.196    0.242    0.245
 267     6000  1.00   -2.023   -0.226    0.190    0.242    0.239
 268     6000  1.50   -1.963   -0.240    0.183    0.241    0.232
 269     6000  2.00   -1.900   -0.254    0.175    0.238    0.226
 270     6000  2.50   -1.839   -0.267    0.167    0.234    0.221
 271     6000  3.00   -1.784   -0.279    0.160    0.230    0.217
 272     6000  3.50   -1.737   -0.291    0.154    0.227    0.213
 273     6000  4.00   -1.700   -0.301    0.149    0.225    0.211
 274     6000  4.50   -1.678   -0.310    0.147    0.224    0.211
 275     6000  5.00   -1.671   -0.317    0.147    0.226    0.212
 276     6250  0.50   -1.853   -0.100    0.189    0.193    0.193
 277     6250  1.00   -1.829   -0.123    0.188    0.200    0.189
 278     6250  1.50   -1.784   -0.143    0.184    0.203    0.184
 279     6250  2.00   -1.730   -0.161    0.177    0.204    0.178
 280     6250  2.50   -1.674   -0.179    0.169    0.202    0.172
 281     6250  3.00   -1.621   -0.196    0.162    0.200    0.168
 282     6250  3.50   -1.571   -0.211    0.155    0.198    0.164
 283     6250  4.00   -1.530   -0.226    0.149    0.196    0.162
 284     6250  4.50   -1.499   -0.238    0.145    0.196    0.162
 285     6250  5.00   -1.481   -0.248    0.144    0.197    0.163
 286     6500  0.50   -1.669   -0.010    0.175    0.139    0.138
 287     6500  1.00   -1.666   -0.032    0.175    0.148    0.134
 288     6500  1.50   -1.640   -0.058    0.176    0.158    0.131
 289     6500  2.00   -1.596   -0.080    0.172    0.163    0.126
 290     6500  2.50   -1.546   -0.102    0.165    0.165    0.120
 291     6500  3.00   -1.494   -0.123    0.158    0.165    0.115
 292     6500  3.50   -1.444   -0.143    0.150    0.164    0.112
 293     6500  4.00   -1.398   -0.161    0.143    0.163    0.109
 294     6500  4.50   -1.359   -0.178    0.138    0.162    0.109
 295     6500  5.00   -1.331   -0.191    0.135    0.163    0.110
 296     6750  0.50   -1.510    0.061    0.156    0.082    0.081
 297     6750  1.00   -1.525    0.043    0.156    0.093    0.077
 298     6750  1.50   -1.518    0.020    0.157    0.105    0.072
 299     6750  2.00   -1.490   -0.009    0.160    0.116    0.070
 300     6750  2.50   -1.448   -0.034    0.156    0.122    0.066
 301     6750  3.00   -1.399   -0.059    0.149    0.125    0.061
 302     6750  3.50   -1.349   -0.083    0.141    0.126    0.057
 303     6750  4.00   -1.299   -0.106    0.133    0.126    0.054
 304     6750  4.50   -1.254   -0.126    0.126    0.125    0.053
 305     6750  5.00   -1.217   -0.144    0.122    0.126    0.054
 306     7000  0.50   -1.371    0.113    0.133    0.026    0.024
 307     7000  1.00   -1.402    0.100    0.134    0.037    0.019
 308     7000  1.50   -1.412    0.082    0.135    0.049    0.013
 309     7000  2.00   -1.401    0.056    0.138    0.062    0.010
 310     7000  2.50   -1.370    0.025    0.140    0.074    0.008
 311     7000  3.00   -1.328   -0.004    0.136    0.081    0.004
 312     7000  3.50   -1.279   -0.031    0.128    0.084    0.000
 313     7000  4.00   -1.228   -0.058    0.120    0.085   -0.003
 314     7000  4.50   -1.178   -0.083    0.111    0.085   -0.004
 315     7000  5.00   -1.133   -0.104    0.105    0.086   -0.004
 316     7250  0.50   -1.252    0.142    0.112   -0.023   -0.032
 317     7250  1.00   -1.290    0.142    0.108   -0.019   -0.040
 318     7250  1.50   -1.316    0.127    0.111   -0.006   -0.045
 319     7250  2.00   -1.321    0.107    0.113    0.006   -0.051
 320     7250  2.50   -1.306    0.079    0.116    0.019   -0.054
 321     7250  3.00   -1.272    0.045    0.117    0.032   -0.055
 322     7250  3.50   -1.228    0.013    0.111    0.038   -0.058
 323     7250  4.00   -1.179   -0.017    0.103    0.041   -0.062
 324     7250  4.50   -1.126   -0.046    0.094    0.042   -0.063
 325     7250  5.00   -1.075   -0.072    0.085    0.043   -0.063
 326     7500  0.50   -1.147    0.128    0.098   -0.053   -0.080
 327     7500  1.00   -1.186    0.166    0.079   -0.072   -0.097
 328     7500  1.50   -1.225    0.159    0.082   -0.062   -0.104
 329     7500  2.00   -1.246    0.142    0.085   -0.049   -0.110
 330     7500  2.50   -1.248    0.120    0.087   -0.037   -0.117
 331     7500  3.00   -1.227    0.088    0.090   -0.023   -0.118
 332     7500  3.50   -1.190    0.051    0.089   -0.011   -0.119
 333     7500  4.00   -1.144    0.017    0.082   -0.006   -0.122
 334     7500  4.50   -1.092   -0.015    0.073   -0.003   -0.124
 335     7500  5.00   -1.037   -0.045    0.063   -0.002   -0.124
 336     7750  1.00   -1.095    0.170    0.050   -0.121   -0.155
 337     7750  1.50   -1.139    0.176    0.050   -0.117   -0.164
 338     7750  2.00   -1.173    0.164    0.054   -0.105   -0.171
 339     7750  2.50   -1.189    0.145    0.057   -0.092   -0.177
 340     7750  3.00   -1.185    0.120    0.058   -0.080   -0.183
 341     7750  3.50   -1.160    0.084    0.060   -0.066   -0.184
 342     7750  4.00   -1.119    0.046    0.058   -0.056   -0.185
 343     7750  4.50   -1.070    0.010    0.049   -0.051   -0.186
 344     7750  5.00   -1.015   -0.024    0.039   -0.049   -0.186
 345     8000  1.00   -1.009    0.145    0.019   -0.162   -0.211
 346     8000  1.50   -1.058    0.176    0.014   -0.170   -0.223
 347     8000  2.00   -1.100    0.172    0.018   -0.160   -0.231
 348     8000  2.50   -1.128    0.157    0.023   -0.147   -0.238
 349     8000  3.00   -1.139    0.136    0.025   -0.135   -0.244
 350     8000  3.50   -1.131    0.108    0.026   -0.124   -0.250
 351     8000  4.00   -1.099    0.069    0.027   -0.111   -0.249
 352     8000  4.50   -1.055    0.030    0.022   -0.102   -0.249
 353     8000  5.00   -1.002   -0.007    0.012   -0.098   -0.249
 354     8250  1.00   -0.926    0.092   -0.024   -0.201   -0.277
 355     8250  1.50   -0.988    0.159   -0.024   -0.221   -0.283
 356     8250  2.00   -1.034    0.167   -0.022   -0.216   -0.293
 357     8250  2.50   -1.072    0.158   -0.016   -0.205   -0.300
 358     8250  3.00   -1.094    0.140   -0.012   -0.192   -0.307
 359     8250  3.50   -1.097    0.116   -0.010   -0.180   -0.313
 360     8250  4.00   -1.081    0.085   -0.011   -0.169   -0.316
 361     8250  4.50   -1.044    0.045   -0.011   -0.157   -0.315
 362     8250  5.00   -0.995    0.005   -0.017   -0.149   -0.313
 363     8500  1.50   -0.928    0.127   -0.066   -0.270   -0.344
 364     8500  2.00   -0.976    0.149   -0.065   -0.272   -0.355
 365     8500  2.50   -1.017    0.146   -0.060   -0.263   -0.363
 366     8500  3.00   -1.048    0.133   -0.055   -0.251   -0.370
 367     8500  3.50   -1.062    0.113   -0.051   -0.239   -0.377
 368     8500  4.00   -1.059    0.087   -0.050   -0.228   -0.382
 369     8500  4.50   -1.036    0.053   -0.050   -0.216   -0.383
 370     8500  5.00   -0.992    0.012   -0.052   -0.204   -0.379
 371     8750  1.50   -0.878    0.085   -0.112   -0.319   -0.408
 372     8750  2.00   -0.929    0.119   -0.110   -0.326   -0.417
 373     8750  2.50   -0.972    0.124   -0.107   -0.322   -0.427
 374     8750  3.00   -1.007    0.116   -0.102   -0.311   -0.435
 375     8750  3.50   -1.030    0.100   -0.097   -0.299   -0.442
 376     8750  4.00   -1.036    0.078   -0.094   -0.287   -0.447
 377     8750  4.50   -1.024    0.049   -0.094   -0.276   -0.449
 378     8750  5.00   -0.991    0.013   -0.093   -0.263   -0.447
 379     9000  1.50   -0.833    0.038   -0.161   -0.369   -0.475
 380     9000  2.00   -0.893    0.083   -0.157   -0.380   -0.480
 381     9000  2.50   -0.938    0.093   -0.156   -0.379   -0.491
 382     9000  3.00   -0.976    0.089   -0.152   -0.372   -0.501
 383     9000  3.50   -1.002    0.077   -0.147   -0.361   -0.508
 384     9000  4.00   -1.014    0.059   -0.142   -0.348   -0.513
 385     9000  4.50   -1.011    0.036   -0.140   -0.336   -0.516
 386     9000  5.00   -0.990    0.005   -0.139   -0.325   -0.516
 387     9250  2.00   -0.862    0.042   -0.205   -0.432   -0.543
 388     9250  2.50   -0.911    0.057   -0.205   -0.436   -0.555
 389     9250  3.00   -0.952    0.056   -0.203   -0.432   -0.566
 390     9250  3.50   -0.982    0.047   -0.200   -0.423   -0.575
 391     9250  4.00   -0.999    0.032   -0.195   -0.412   -0.581
 392     9250  4.50   -1.002    0.012   -0.190   -0.399   -0.584
 393     9250  5.00   -0.988   -0.014   -0.187   -0.387   -0.584
 394     9500  2.00   -0.835   -0.001   -0.254   -0.483   -0.606
 395     9500  2.50   -0.890    0.017   -0.254   -0.491   -0.618
 396     9500  3.00   -0.934    0.018   -0.255   -0.491   -0.631
 397     9500  3.50   -0.968    0.011   -0.253   -0.485   -0.641
 398     9500  4.00   -0.990   -0.002   -0.249   -0.475   -0.649
 399     9500  4.50   -0.997   -0.019   -0.244   -0.463   -0.652
 400     9500  5.00   -0.988   -0.041   -0.240   -0.450   -0.652
 401     9750  2.00   -0.811   -0.046   -0.302   -0.535   -0.669
 402     9750  2.50   -0.871   -0.025   -0.303   -0.544   -0.680
 403     9750  3.00   -0.920   -0.022   -0.306   -0.548   -0.694
 404     9750  3.50   -0.959   -0.028   -0.306   -0.545   -0.707
 405     9750  4.00   -0.985   -0.040   -0.304   -0.538   -0.716
 406     9750  4.50   -0.996   -0.055   -0.299   -0.527   -0.720
 407     9750  5.00   -0.992   -0.074   -0.294   -0.515   -0.721
 408    10000  2.00   -0.790   -0.091   -0.352   -0.586   -0.732
 409    10000  2.50   -0.854   -0.068   -0.352   -0.597   -0.742
 410    10000  3.00   -0.907   -0.063   -0.356   -0.603   -0.756
 411    10000  3.50   -0.951   -0.069   -0.359   -0.604   -0.770
 412    10000  4.00   -0.982   -0.080   -0.358   -0.599   -0.781
 413    10000  4.50   -0.998   -0.094   -0.355   -0.591   -0.787
 414    10000  5.00   -0.999   -0.112   -0.351   -0.579   -0.789
 415    10250  2.00   -0.774   -0.136   -0.401   -0.637   -0.793
 416    10250  2.50   -0.840   -0.111   -0.401   -0.648   -0.802
 417    10250  3.00   -0.896   -0.106   -0.406   -0.657   -0.817
 418    10250  3.50   -0.944   -0.111   -0.410   -0.660   -0.832
 419    10250  4.00   -0.980   -0.122   -0.412   -0.659   -0.845
 420    10250  4.50   -1.002   -0.136   -0.411   -0.653   -0.853
 421    10250  5.00   -1.008   -0.152   -0.407   -0.643   -0.857
 422    10500  2.00   -0.763   -0.182   -0.451   -0.690   -0.855
 423    10500  2.50   -0.829   -0.155   -0.450   -0.700   -0.863
 424    10500  3.00   -0.888   -0.149   -0.455   -0.709   -0.877
 425    10500  3.50   -0.938   -0.154   -0.461   -0.716   -0.893
 426    10500  4.00   -0.978   -0.164   -0.465   -0.717   -0.907
 427    10500  4.50   -1.005   -0.178   -0.465   -0.714   -0.918
 428    10500  5.00   -1.017   -0.194   -0.463   -0.705   -0.923
 429    10750  2.00   -0.757   -0.228   -0.502   -0.742   -0.916
 430    10750  2.50   -0.822   -0.200   -0.499   -0.751   -0.922
 431    10750  3.00   -0.881   -0.193   -0.504   -0.761   -0.937
 432    10750  3.50   -0.933   -0.197   -0.511   -0.769   -0.953
 433    10750  4.00   -0.977   -0.207   -0.516   -0.773   -0.968
 434    10750  4.50   -1.009   -0.221   -0.519   -0.772   -0.980
 435    10750  5.00   -1.026   -0.237   -0.518   -0.767   -0.987
 436    11000  2.00   -0.755   -0.274   -0.553   -0.795   -0.976
 437    11000  2.50   -0.818   -0.244   -0.548   -0.803   -0.981
 438    11000  3.00   -0.877   -0.237   -0.553   -0.813   -0.995
 439    11000  3.50   -0.930   -0.241   -0.560   -0.822   -1.012
 440    11000  4.00   -0.976   -0.250   -0.567   -0.828   -1.028
 441    11000  4.50   -1.012   -0.264   -0.571   -0.829   -1.041
 442    11000  5.00   -1.034   -0.280   -0.572   -0.826   -1.050
 443    11250  2.00   -0.758   -0.321   -0.604   -0.849   -1.036
 444    11250  2.50   -0.818   -0.289   -0.598   -0.854   -1.040
 445    11250  3.00   -0.876   -0.281   -0.602   -0.864   -1.053
 446    11250  3.50   -0.929   -0.284   -0.609   -0.874   -1.070
 447    11250  4.00   -0.977   -0.294   -0.616   -0.881   -1.086
 448    11250  4.50   -1.015   -0.307   -0.622   -0.885   -1.100
 449    11250  5.00   -1.041   -0.323   -0.625   -0.884   -1.110
 450    11500  2.00   -0.765   -0.367   -0.654   -0.902   -1.096
 451    11500  2.50   -0.822   -0.334   -0.647   -0.906   -1.098
 452    11500  3.00   -0.877   -0.325   -0.651   -0.915   -1.111
 453    11500  3.50   -0.930   -0.328   -0.658   -0.925   -1.127
 454    11500  4.00   -0.978   -0.337   -0.666   -0.933   -1.143
 455    11500  4.50   -1.019   -0.350   -0.672   -0.939   -1.158
 456    11500  5.00   -1.048   -0.366   -0.677   -0.940   -1.169
 457    11750  2.00   -0.774   -0.413   -0.705   -0.955   -1.155
 458    11750  2.50   -0.828   -0.379   -0.697   -0.958   -1.156
 459    11750  3.00   -0.882   -0.369   -0.699   -0.967   -1.168
 460    11750  3.50   -0.933   -0.371   -0.706   -0.976   -1.183
 461    11750  4.00   -0.982   -0.380   -0.714   -0.985   -1.200
 462    11750  4.50   -1.023   -0.393   -0.722   -0.991   -1.215
 463    11750  5.00   -1.055   -0.409   -0.727   -0.994   -1.227
 464    12000  2.50   -0.838   -0.424   -0.746   -1.010   -1.213
 465    12000  3.00   -0.889   -0.413   -0.748   -1.017   -1.224
 466    12000  3.50   -0.939   -0.415   -0.754   -1.027   -1.239
 467    12000  4.00   -0.986   -0.424   -0.762   -1.035   -1.255
 468    12000  4.50   -1.029   -0.436   -0.770   -1.043   -1.271
 469    12000  5.00   -1.063   -0.452   -0.777   -1.047   -1.284
 470    12250  2.50   -0.849   -0.468   -0.795   -1.061   -1.270
 471    12250  3.00   -0.898   -0.457   -0.796   -1.068   -1.280
 472    12250  3.50   -0.946   -0.458   -0.802   -1.077   -1.294
 473    12250  4.00   -0.993   -0.466   -0.810   -1.086   -1.310
 474    12250  4.50   -1.035   -0.479   -0.818   -1.094   -1.326
 475    12250  5.00   -1.071   -0.495   -0.826   -1.099   -1.339
 476    12500  2.50   -0.862   -0.512   -0.844   -1.112   -1.326
 477    12500  3.00   -0.910   -0.501   -0.845   -1.119   -1.335
 478    12500  3.50   -0.956   -0.502   -0.850   -1.127   -1.349
 479    12500  4.00   -1.000   -0.509   -0.857   -1.135   -1.364
 480    12500  4.50   -1.043   -0.522   -0.865   -1.143   -1.379
 481    12500  5.00   -1.079   -0.538   -0.874   -1.150   -1.393
 482    12750  2.50   -0.877   -0.556   -0.892   -1.163   -1.381
 483    12750  3.00   -0.923   -0.544   -0.892   -1.169   -1.390
 484    12750  3.50   -0.967   -0.545   -0.897   -1.177   -1.403
 485    12750  4.00   -1.010   -0.551   -0.904   -1.184   -1.417
 486    12750  4.50   -1.051   -0.564   -0.912   -1.193   -1.433
 487    12750  5.00   -1.088   -0.580   -0.921   -1.200   -1.447
 488    13000  2.50   -0.892   -0.599   -0.939   -1.213   -1.435
 489    13000  3.00   -0.938   -0.587   -0.940   -1.219   -1.444
 490    13000  3.50   -0.981   -0.587   -0.944   -1.226   -1.456
 491    13000  4.00   -1.022   -0.594   -0.951   -1.233   -1.470
 492    13000  4.50   -1.061   -0.605   -0.959   -1.241   -1.485
 493    13000  5.00   -1.098   -0.621   -0.967   -1.249   -1.499
 494    14000  2.00   -0.901   -0.808   -1.131   -1.401   -1.642
 495    14000  2.50   -0.961   -0.767   -1.122   -1.405   -1.643
 496    14000  3.00   -1.007   -0.755   -1.124   -1.412   -1.652
 497    14000  3.50   -1.045   -0.754   -1.128   -1.419   -1.663
 498    14000  4.00   -1.081   -0.759   -1.133   -1.425   -1.676
 499    14000  4.50   -1.114   -0.769   -1.140   -1.431   -1.688
 500    14000  5.00   -1.148   -0.785   -1.148   -1.438   -1.702
 501    15000  2.50   -1.034   -0.926   -1.294   -1.586   -1.837
 502    15000  3.00   -1.083   -0.915   -1.298   -1.595   -1.848
 503    15000  3.50   -1.121   -0.913   -1.303   -1.602   -1.859
 504    15000  4.00   -1.153   -0.916   -1.307   -1.608   -1.871
 505    15000  4.50   -1.183   -0.926   -1.313   -1.613   -1.882
 506    15000  5.00   -1.212   -0.941   -1.321   -1.620   -1.894
 507    16000  2.50   -1.106   -1.074   -1.454   -1.754   -2.017
 508    16000  3.00   -1.163   -1.066   -1.462   -1.768   -2.032
 509    16000  3.50   -1.202   -1.065   -1.468   -1.776   -2.044
 510    16000  4.00   -1.232   -1.067   -1.473   -1.782   -2.055
 511    16000  4.50   -1.259   -1.075   -1.478   -1.787   -2.065
 512    16000  5.00   -1.286   -1.090   -1.486   -1.793   -2.076
 513    17000  2.50   -1.173   -1.212   -1.601   -1.908   -2.182
 514    17000  3.00   -1.241   -1.208   -1.616   -1.929   -2.203
 515    17000  3.50   -1.282   -1.208   -1.624   -1.939   -2.217
 516    17000  4.00   -1.311   -1.210   -1.628   -1.945   -2.228
 517    17000  4.50   -1.335   -1.215   -1.632   -1.950   -2.237
 518    17000  5.00   -1.362   -1.231   -1.641   -1.956   -2.248
 519    18000  2.50   -1.234   -1.342   -1.736   -2.048   -2.332
 520    18000  3.00   -1.316   -1.342   -1.759   -2.080   -2.363
 521    18000  3.50   -1.361   -1.345   -1.771   -2.093   -2.380
 522    18000  4.00   -1.390   -1.346   -1.775   -2.100   -2.390
 523    18000  4.50   -1.411   -1.350   -1.778   -2.103   -2.399
 524    18000  5.00   -1.436   -1.363   -1.786   -2.110   -2.409
 525    19000  2.50   -1.291   -1.466   -1.861   -2.175   -2.467
 526    19000  3.00   -1.385   -1.466   -1.891   -2.218   -2.510
 527    19000  3.50   -1.439   -1.474   -1.909   -2.238   -2.532
 528    19000  4.00   -1.468   -1.477   -1.915   -2.245   -2.544
 529    19000  4.50   -1.486   -1.479   -1.917   -2.248   -2.551
 530    19000  5.00   -1.508   -1.490   -1.923   -2.253   -2.560
 531    20000  3.00   -1.449   -1.582   -2.013   -2.344   -2.644
 532    20000  3.50   -1.513   -1.596   -2.038   -2.373   -2.674
 533    20000  4.00   -1.544   -1.601   -2.047   -2.383   -2.688
 534    20000  4.50   -1.561   -1.603   -2.049   -2.385   -2.695
 535    20000  5.00   -1.579   -1.611   -2.053   -2.389   -2.702
 536    21000  3.00   -1.510   -1.692   -2.128   -2.462   -2.768
 537    21000  3.50   -1.583   -1.711   -2.159   -2.499   -2.807
 538    21000  4.00   -1.621   -1.721   -2.173   -2.514   -2.825
 539    21000  4.50   -1.638   -1.724   -2.175   -2.517   -2.832
 540    21000  5.00   -1.650   -1.730   -2.178   -2.518   -2.837
 541    22000  3.00   -1.573   -1.798   -2.238   -2.575   -2.886
 542    22000  3.50   -1.650   -1.820   -2.273   -2.617   -2.930
 543    22000  4.00   -1.695   -1.835   -2.292   -2.637   -2.954
 544    22000  4.50   -1.715   -1.840   -2.298   -2.643   -2.962
 545    22000  5.00   -1.726   -1.845   -2.299   -2.644   -2.966
 546    23000  3.00   -1.639   -1.899   -2.345   -2.685   -3.002
 547    23000  3.50   -1.716   -1.922   -2.381   -2.728   -3.046
 548    23000  4.00   -1.767   -1.942   -2.406   -2.754   -3.076
 549    23000  4.50   -1.792   -1.952   -2.415   -2.764   -3.088
 550    23000  5.00   -1.804   -1.958   -2.418   -2.766   -3.092
 551    24000  3.00   -1.702   -1.994   -2.446   -2.790   -3.112
 552    24000  3.50   -1.782   -2.021   -2.485   -2.835   -3.158
 553    24000  4.00   -1.837   -2.045   -2.513   -2.865   -3.191
 554    24000  4.50   -1.868   -2.059   -2.527   -2.880   -3.208
 555    24000  5.00   -1.883   -2.067   -2.533   -2.884   -3.214
 556    25000  3.00   -1.762   -2.084   -2.539   -2.886   -3.212
 557    25000  3.50   -1.847   -2.113   -2.585   -2.939   -3.267
 558    25000  4.00   -1.905   -2.142   -2.616   -2.972   -3.301
 559    25000  4.50   -1.941   -2.160   -2.634   -2.990   -3.322
 560    25000  5.00   -1.960   -2.171   -2.642   -2.997   -3.331
 561    26000  3.00   -1.824   -2.174   -2.629   -2.974   -3.304
 562    26000  3.50   -1.908   -2.199   -2.678   -3.037   -3.369
 563    26000  4.00   -1.971   -2.233   -2.714   -3.073   -3.407
 564    26000  4.50   -2.011   -2.255   -2.736   -3.095   -3.430
 565    26000  5.00   -2.034   -2.270   -2.747   -3.105   -3.443
 566    27000  3.50   -1.963   -2.278   -2.764   -3.126   -3.463
 567    27000  4.00   -2.033   -2.317   -2.806   -3.170   -3.507
 568    27000  4.50   -2.078   -2.345   -2.832   -3.194   -3.533
 569    27000  5.00   -2.104   -2.363   -2.846   -3.208   -3.549
 570    28000  3.50   -2.015   -2.353   -2.844   -3.209   -3.550
 571    28000  4.00   -2.090   -2.395   -2.892   -3.259   -3.601
 572    28000  4.50   -2.139   -2.428   -2.922   -3.288   -3.631
 573    28000  5.00   -2.170   -2.450   -2.940   -3.305   -3.649
 574    29000  3.50   -2.071   -2.429   -2.923   -3.287   -3.632
 575    29000  4.00   -2.142   -2.468   -2.971   -3.342   -3.688
 576    29000  4.50   -2.196   -2.505   -3.006   -3.376   -3.723
 577    29000  5.00   -2.231   -2.531   -3.027   -3.397   -3.744
 578    30000  3.50   -2.133   -2.508   -3.003   -3.367   -3.714
 579    30000  4.00   -2.193   -2.538   -3.047   -3.420   -3.770
 580    30000  4.50   -2.249   -2.576   -3.084   -3.458   -3.808
 581    30000  5.00   -2.287   -2.605   -3.109   -3.482   -3.832
 582    31000  3.50   -2.203   -2.593   -3.089   -3.449   -3.799
 583    31000  4.00   -2.246   -2.608   -3.121   -3.495   -3.848
 584    31000  4.50   -2.299   -2.645   -3.158   -3.535   -3.888
 585    31000  5.00   -2.340   -2.676   -3.185   -3.562   -3.915
 586    32000  4.00   -2.304   -2.681   -3.197   -3.570   -3.926
 587    32000  4.50   -2.350   -2.712   -3.230   -3.609   -3.965
 588    32000  5.00   -2.390   -2.743   -3.258   -3.637   -3.994
 589    33000  4.00   -2.367   -2.756   -3.275   -3.647   -4.005
 590    33000  4.50   -2.404   -2.780   -3.303   -3.681   -4.041
 591    33000  5.00   -2.441   -2.808   -3.329   -3.710   -4.069
 592    34000  4.00   -2.436   -2.834   -3.356   -3.725   -4.086
 593    34000  4.50   -2.463   -2.850   -3.377   -3.755   -4.117
 594    34000  5.00   -2.495   -2.875   -3.401   -3.781   -4.143
 595    35000  4.00   -2.508   -2.914   -3.439   -3.806   -4.169
 596    35000  4.50   -2.526   -2.922   -3.453   -3.829   -4.194
 597    35000  5.00   -2.552   -2.943   -3.473   -3.853   -4.217
 598    36000  4.00   -2.583   -2.996   -3.523   -3.890   -4.253
 599    36000  4.50   -2.593   -2.997   -3.531   -3.905   -4.272
 600    36000  5.00   -2.612   -3.012   -3.546   -3.925   -4.292
 601    37000  4.00   -2.659   -3.077   -3.607   -3.973   -4.338
 602    37000  4.50   -2.662   -3.073   -3.610   -3.983   -4.351
 603    37000  5.00   -2.676   -3.083   -3.621   -3.998   -4.367
 604    38000  4.00   -2.735   -3.158   -3.690   -4.056   -4.423
 605    38000  4.50   -2.734   -3.150   -3.691   -4.062   -4.433
 606    38000  5.00   -2.743   -3.156   -3.698   -4.073   -4.444
 607    39000  4.00   -2.810   -3.237   -3.772   -4.138   -4.506
 608    39000  4.50   -2.806   -3.227   -3.771   -4.142   -4.514
 609    39000  5.00   -2.812   -3.231   -3.775   -4.149   -4.523
 610    40000  4.50   -2.878   -3.303   -3.851   -4.221   -4.595
 611    40000  5.00   -2.882   -3.305   -3.853   -4.226   -4.601
 612    41000  4.50   -2.949   -3.378   -3.928   -4.298   -4.674
 613    41000  5.00   -2.952   -3.379   -3.931   -4.303   -4.680
 614    42000  4.50   -3.018   -3.451   -4.004   -4.374   -4.752
 615    42000  5.00   -3.022   -3.452   -4.007   -4.379   -4.758
 616    43000  4.50   -3.086   -3.523   -4.078   -4.449   -4.827
 617    43000  5.00   -3.090   -3.524   -4.082   -4.454   -4.834
 618    44000  4.50   -3.152   -3.593   -4.149   -4.521   -4.900
 619    44000  5.00   -3.157   -3.595   -4.155   -4.527   -4.909
 620    45000  4.50   -3.217   -3.661   -4.219   -4.592   -4.971
 621    45000  5.00   -3.222   -3.663   -4.226   -4.598   -4.981
 622    46000  4.50   -3.281   -3.729   -4.288   -4.661   -5.041
 623    46000  5.00   -3.286   -3.730   -4.295   -4.667   -5.052
 624    47000  4.50   -3.343   -3.795   -4.355   -4.729   -5.109
 625    47000  5.00   -3.349   -3.796   -4.362   -4.736   -5.120
 626    48000  4.50   -3.405   -3.860   -4.420   -4.795   -5.176
 627    48000  5.00   -3.410   -3.861   -4.428   -4.802   -5.188
 628    49000  4.50   -3.465   -3.923   -4.485   -4.861   -5.241
 629    49000  5.00   -3.471   -3.925   -4.493   -4.868   -5.254
 630    50000  5.00   -3.530   -3.987   -4.557   -4.932   -5.318
 631    56101  5.00   -3.710   -4.197   -4.724   -5.103   -5.454
 632    62946  5.00   -4.037   -4.536   -5.073   -5.456   -5.811
 633    70627  5.00   -4.370   -4.879   -5.424   -5.812   -6.170
 634    79245  5.00   -4.708   -5.226   -5.779   -6.170   -6.531
 635    88914  5.00   -5.050   -5.576   -6.135   -6.530   -6.894
 636    99763  5.00   -5.396   -5.929   -6.494   -6.892   -7.258
 637   111936  5.00   -5.745   -6.285   -6.854   -7.255   -7.623
 638   125595  5.00   -6.097   -6.643   -7.217   -7.619   -7.989
 639   140920  5.00   -6.452   -7.002   -7.580   -7.985   -8.356
 640   158115  5.00   -6.809   -7.364   -7.945   -8.352   -8.724
 641   177407  5.00   -7.168   -7.727   -8.311   -8.719   -9.093
 642   199055  5.00   -7.529   -8.091   -8.678   -9.088   -9.463
 643   223343  5.00   -7.891   -8.456   -9.046   -9.457   -9.833
 644   250595  5.00   -8.255   -8.823   -9.415   -9.827  -10.203
 645   281172  5.00   -8.620   -9.190   -9.784  -10.197  -10.575
 646   315481  5.00   -8.987   -9.559  -10.154  -10.568  -10.946
 647   353975  5.00   -9.354   -9.928  -10.525  -10.940  -11.318
 648   397167  5.00   -9.722  -10.297  -10.896  -11.311  -11.690
 649   445629  5.00  -10.091  -10.668  -11.267  -11.683  -12.063
 650   500004  5.00  -10.460  -11.038  -11.639  -12.056  -12.436
 651   561014  5.00  -10.830  -11.410  -12.011  -12.428  -12.809
 652   629469  5.00  -11.201  -11.781  -12.384  -12.801  -13.182
 653   706276  5.00  -11.572  -12.153  -12.756  -13.175  -13.556
 654   792455  5.00  -11.944  -12.526  -13.129  -13.548  -13.929
 655   889149  5.00  -12.316  -12.898  -13.503  -13.922  -14.303
 656   997642  5.00  -12.688  -13.271  -13.876  -14.295  -14.677
 657  1119373  5.00  -13.060  -13.644  -14.250  -14.669  -15.051
 658  1255958  5.00  -13.433  -14.018  -14.623  -15.043  -15.425
 659  1409209  5.00  -13.806  -14.391  -14.997  -15.417  -15.799
 660  1581159  5.00  -14.180  -14.765  -15.371  -15.791  -16.174
 661  1774090  5.00  -14.553  -15.139  -15.745  -16.166  -16.548
 662  1990563  5.00  -14.927  -15.513  -16.120  -16.540  -16.922
 663  2233450  5.00  -15.301  -15.887  -16.494  -16.914  -17.297
 664  2505973  5.00  -15.674  -16.261  -16.868  -17.289  -17.672
 665  2811749  5.00  -16.048  -16.635  -17.243  -17.663  -18.046
 666  3154836  5.00  -16.423  -17.010  -17.617  -18.038  -18.421
 667  3539785  5.00  -16.797  -17.384  -17.992  -18.413  -18.796
 668  3971706  5.00  -17.171  -17.759  -18.366  -18.787  -19.170
 669  4456330  5.00  -17.546  -18.133  -18.741  -19.162  -19.545
# BCs for Fluks et al. 1994 M-giant spectra:
#  n     Teff  logg        u        g        r        i        z
   0     3810  0.00   -5.232   -2.180   -0.743   -0.151    0.214
   1     3736  0.00   -5.480   -2.411   -0.956   -0.216    0.214
   2     3666  0.00   -5.741   -2.663   -1.199   -0.300    0.201
   3     3574  0.00   -5.963   -3.071   -1.567   -0.467    0.136
   4     3434  0.00   -6.474   -3.757   -2.226   -0.821    0.018
   5     3309  0.00   -7.001   -4.788   -3.149   -1.410   -0.171
   6     3126  0.00   -7.946   -6.208   -4.480   -2.215   -0.581
   7     2890  0.00   -8.652   -7.675   -5.306   -2.820   -0.984
   8     2667  0.00   -9.374   -8.706   -5.828   -3.150   -1.145
   9     2500  0.00  -10.108   -9.436   -6.407   -3.451   -1.145
