# BCs for ATLAS9 + DUSTY99 + blackbody spectra:
#  n     Teff  logg        u        g        r        i        z
   0      500  3.50  -999999  -75.426  -56.344  -43.599  -32.213
   1      500  4.00  -999999  -74.184  -55.412  -42.855  -31.659
   2      500  4.50  -999999  -73.813  -54.918  -42.260  -31.021
   3      500  5.00  -999999  -71.368  -52.914  -40.544  -29.660
   4      500  5.50  -999999  -68.196  -50.346  -38.398  -28.014
   5      500  6.00  -999999  -64.992  -47.769  -36.268  -26.405
   6      600  3.50  -999999  -61.322  -45.433  -34.897  -25.898
   7      600  4.00  -999999  -60.586  -44.858  -34.431  -25.539
   8      600  4.50  -999999  -62.429  -46.093  -35.198  -25.908
   9      600  5.00  -999999  -60.516  -44.488  -33.794  -24.755
  10      600  5.50  -999999  -58.122  -42.519  -32.115  -23.420
  11      600  6.00  -83.453  -55.492  -40.411  -30.379  -22.083
  12      700  3.50  -73.659  -50.448  -37.000  -28.178  -20.899
  13      700  4.00  -72.828  -49.855  -36.543  -27.815  -20.620
  14      700  4.50  -75.104  -51.333  -37.543  -28.432  -20.928
  15      700  5.00  -73.878  -50.388  -36.722  -27.672  -20.256
  16      700  5.50  -71.387  -48.481  -35.102  -26.217  -19.031
  17      700  6.00  -68.144  -46.061  -33.126  -24.546  -17.712
  18      800  3.50  -60.228  -40.772  -29.414  -22.025  -16.153
  19      800  4.00  -60.458  -40.971  -29.597  -22.194  -16.292
  20      800  4.50  -62.323  -42.205  -30.434  -22.711  -16.583
  21      800  5.00  -61.277  -41.321  -29.620  -21.934  -15.913
  22      800  5.50  -59.737  -39.974  -28.411  -20.852  -15.032
  23      800  6.00  -57.034  -37.827  -26.674  -19.462  -13.977
  24      900  3.50  -48.877  -32.507  -23.057  -17.083  -12.457
  25      900  4.00  -48.985  -32.496  -22.988  -16.969  -12.333
  26      900  4.50  -51.167  -33.915  -23.952  -17.599  -12.746
  27      900  5.00  -49.149  -32.163  -22.457  -16.332  -11.721
  28      900  5.50  -49.234  -32.210  -22.485  -16.348  -11.731
  29     1000  3.50  -43.169  -28.440  -20.001  -14.758  -10.726
  30     1000  4.00  -42.263  -27.729  -19.419  -14.272  -10.328
  31     1000  4.50  -42.328  -27.565  -19.183  -14.007  -10.078
  32     1000  5.00  -42.417  -27.395  -18.946  -13.746   -9.835
  33     1000  5.50  -41.939  -26.931  -18.541  -13.394   -9.538
  34     1000  6.00  -40.268  -25.730  -17.633  -12.695   -8.990
  35     1100  3.50  -37.814  -24.635  -17.121  -12.535   -9.032
  36     1100  4.00  -37.410  -24.323  -16.866  -12.320   -8.853
  37     1100  4.50  -37.378  -24.158  -16.677  -12.126   -8.675
  38     1100  5.00  -36.911  -23.632  -16.187  -11.680   -8.289
  39     1100  5.50  -36.230  -22.979  -15.617  -11.184   -7.870
  40     1100  6.00  -43.583  -28.854  -20.415  -15.172  -11.140
  41     1200  3.50  -33.025  -21.284  -14.570  -10.521   -7.459
  42     1200  4.00  -33.025  -21.284  -14.570  -10.521   -7.459
  43     1200  4.50  -33.025  -21.284  -14.570  -10.521   -7.459
  44     1200  5.00  -33.254  -21.230  -14.422  -10.335   -7.269
  45     1200  6.00  -31.614  -19.808  -13.237   -9.335   -6.434
  46     1300  3.50  -28.790  -18.349  -12.335   -8.746   -6.059
  47     1300  4.00  -28.821  -18.386  -12.367   -8.773   -6.081
  48     1300  4.50  -29.567  -18.859  -12.699   -9.019   -6.266
  49     1300  5.00  -29.588  -18.822  -12.639   -8.951   -6.198
  50     1300  5.50  -29.505  -18.604  -12.414   -8.741   -6.012
  51     1300  6.00  -33.168  -21.497  -14.816  -10.789   -7.743
  52     1400  3.50  -25.259  -15.919  -10.499   -7.299   -4.921
  53     1400  4.00  -25.301  -15.952  -10.523   -7.316   -4.935
  54     1400  4.50  -25.765  -16.240  -10.709   -7.442   -5.018
  55     1400  5.00  -26.244  -16.531  -10.911   -7.591   -5.130
  56     1400  5.50  -26.156  -16.282  -10.659   -7.362   -4.923
  57     1400  6.00  -26.172  -16.287  -10.661   -7.364   -4.924
  58     1500  3.50  -22.608  -14.096   -9.093   -6.154   -3.948
  59     1500  4.00  -22.501  -14.034   -9.068   -6.156   -3.987
  60     1500  4.50  -22.995  -14.315   -9.251   -6.288   -4.099
  61     1500  5.00  -23.214  -14.440   -9.333   -6.347   -4.145
  62     1500  5.50  -23.433  -14.534   -9.384   -6.381   -4.166
  63     1500  6.00  -23.488  -14.512   -9.354   -6.355   -4.139
  64     1600  3.50  -20.702  -12.588   -7.862   -5.116   -2.947
  65     1600  4.00  -20.483  -12.553   -7.881   -5.151   -3.038
  66     1600  4.50  -20.577  -12.608   -7.931   -5.218   -3.161
  67     1600  5.00  -20.679  -12.690   -8.002   -5.289   -3.265
  68     1600  5.50  -20.855  -12.772   -8.056   -5.336   -3.323
  69     1600  6.00  -21.006  -12.830   -8.098   -5.373   -3.359
  70     1700  3.50  -18.968  -11.019   -6.816   -4.212   -2.014
  71     1700  4.00  -18.593  -10.641   -6.446   -3.948   -1.872
  72     1700  4.50  -17.404   -9.707   -5.812   -3.415   -1.417
  73     1700  5.00  -18.457  -10.810   -6.543   -4.026   -2.012
  74     1700  5.50  -18.710  -11.201   -6.844   -4.322   -2.355
  75     1700  6.00  -18.890  -11.363   -6.994   -4.499   -2.599
  76     1800  3.50  -17.527   -9.963   -6.251   -3.690   -1.498
  77     1800  4.00  -17.185   -9.761   -6.039   -3.567   -1.459
  78     1800  4.50  -16.210   -9.064   -5.490   -3.169   -1.187
  79     1800  5.00  -16.087   -9.043   -5.457   -3.134   -1.188
  80     1800  5.50  -16.877   -9.702   -5.825   -3.481   -1.549
  81     1800  6.00  -16.975   -9.805   -5.858   -3.525   -1.603
  82     1900  3.50  -14.996   -8.766   -5.716   -3.156   -0.988
  83     1900  4.00  -16.116   -9.002   -5.726   -3.214   -1.101
  84     1900  4.50  -17.063   -9.589   -5.980   -3.476   -1.406
  85     1900  5.00  -16.059   -8.959   -5.497   -3.129   -1.163
  86     1900  5.50  -16.039   -9.193   -5.593   -3.294   -1.357
  87     1900  6.00  -15.982   -9.228   -5.553   -3.348   -1.455
  88     2000  3.50  -13.075   -8.029   -5.522   -2.869   -0.721
  89     2000  4.00  -14.452   -8.149   -5.382   -2.820   -0.748
  90     2000  4.50  -15.259   -8.234   -5.279   -2.785   -0.777
  91     2000  5.00  -15.694   -8.457   -5.306   -2.865   -0.903
  92     2000  5.50  -15.647   -8.874   -5.474   -3.131   -1.197
  93     2000  6.00  -15.163   -8.696   -5.270   -3.110   -1.236
  94     2100  4.00  -12.780   -7.449   -5.123   -2.524   -0.511
  95     2100  5.00  -14.558   -7.568   -4.868   -2.391   -0.507
  96     2100  5.50  -15.276   -8.144   -5.126   -2.697   -0.801
  97     2100  6.00  -15.070   -8.455   -5.206   -2.957   -1.049
  98     2200  3.50  -10.055   -6.616   -4.893   -2.265   -0.298
  99     2200  4.00  -11.206   -6.771   -4.809   -2.228   -0.310
 100     2200  4.50  -12.532   -6.942   -4.776   -2.191   -0.310
 101     2200  5.00  -13.703   -7.082   -4.689   -2.145   -0.328
 102     2200  5.50  -14.523   -7.397   -4.760   -2.266   -0.464
 103     2200  6.00  -14.607   -7.527   -4.723   -2.386   -0.551
 104     2300  3.50   -9.020   -6.025   -4.487   -1.962   -0.144
 105     2300  4.00  -10.014   -6.177   -4.436   -1.931   -0.151
 106     2300  4.50  -11.285   -6.396   -4.476   -1.922   -0.157
 107     2300  5.00  -12.681   -6.607   -4.457   -1.900   -0.182
 108     2300  5.50  -13.717   -6.809   -4.473   -1.937   -0.240
 109     2300  6.00  -13.977   -6.904   -4.397   -1.986   -0.280
 110     2400  3.50   -8.222   -5.499   -4.033   -1.665   -0.016
 111     2400  4.00   -9.039   -5.633   -4.014   -1.641   -0.020
 112     2400  4.50  -10.140   -5.851   -4.104   -1.648   -0.021
 113     2400  5.50  -12.632   -6.256   -4.159   -1.627   -0.054
 114     2400  6.00  -13.403   -6.453   -4.160   -1.704   -0.122
 115     2500  3.50   -7.683   -5.068   -3.591   -1.402    0.075
 116     2500  4.00   -8.307   -5.157   -3.577   -1.372    0.082
 117     2500  4.50   -9.237   -5.369   -3.713   -1.396    0.084
 118     2500  5.00  -10.386   -5.565   -3.763   -1.371    0.089
 119     2500  5.50  -11.665   -5.796   -3.839   -1.374    0.064
 120     2500  6.00  -12.595   -5.991   -3.875   -1.421    0.020
 121     2600  3.50   -7.258   -4.696   -3.199   -1.180    0.144
 122     2600  4.00   -7.747   -4.747   -3.174   -1.143    0.157
 123     2600  4.50   -8.517   -4.935   -3.322   -1.167    0.167
 124     2600  5.00   -9.444   -5.096   -3.366   -1.142    0.179
 125     2600  5.50  -10.636   -5.322   -3.463   -1.140    0.168
 126     2600  6.00  -11.692   -5.560   -3.560   -1.179    0.125
 127     2700  3.50   -6.917   -4.388   -2.886   -1.011    0.190
 128     2700  4.00   -7.279   -4.386   -2.821   -0.954    0.215
 129     2700  4.50   -7.903   -4.537   -2.953   -0.968    0.234
 130     2700  5.00   -8.668   -4.672   -2.985   -0.945    0.246
 131     2700  5.50   -9.699   -4.877   -3.080   -0.938    0.245
 132     2700  6.00  -10.776   -5.117   -3.201   -0.959    0.217
 133     2800  5.00   -9.943   -4.392   -2.420   -0.504    0.354
 134     2800  5.50  -10.841   -4.629   -2.510   -0.461    0.382
 135     2900  5.00   -9.088   -3.981   -2.058   -0.416    0.367
 136     2900  5.50   -9.964   -4.206   -2.168   -0.381    0.390
 137     3000  5.00   -8.315   -3.626   -1.749   -0.338    0.372
 138     3000  5.50   -9.136   -3.822   -1.855   -0.306    0.395
 139     3100  5.00   -7.629   -3.306   -1.480   -0.262    0.376
 140     3100  5.50   -8.342   -3.481   -1.573   -0.238    0.395
 141     3200  5.00   -7.056   -3.035   -1.261   -0.199    0.378
 142     3200  5.50   -7.640   -3.175   -1.330   -0.176    0.395
 143     3300  5.00   -6.561   -2.793   -1.074   -0.139    0.381
 144     3300  5.50   -7.020   -2.909   -1.126   -0.121    0.396
 145     3400  5.00   -6.145   -2.581   -0.916   -0.085    0.386
 146     3400  5.50   -6.480   -2.674   -0.954   -0.071    0.396
 147     3500  5.00   -5.786   -2.388   -0.780   -0.035    0.391
 148     3500  5.50   -6.002   -2.463   -0.807   -0.025    0.398
 149     3600  5.00   -5.471   -2.218   -0.667    0.007    0.393
 150     3600  5.50   -5.611   -2.274   -0.682    0.017    0.402
 151     3700  5.00   -5.188   -2.062   -0.571    0.043    0.393
 152     3700  5.50   -5.257   -2.107   -0.581    0.051    0.401
 153     3800  5.00   -4.914   -1.919   -0.494    0.070    0.390
 154     3800  5.50   -4.952   -1.954   -0.496    0.080    0.399
 155     3500  0.00   -6.883   -2.891   -1.098   -0.331    0.167
 156     3500  0.50   -6.381   -2.706   -1.038   -0.294    0.198
 157     3500  1.00   -5.906   -2.549   -0.982   -0.252    0.235
 158     3500  1.50   -5.492   -2.414   -0.924   -0.204    0.279
 159     3500  2.00   -5.151   -2.295   -0.865   -0.153    0.326
 160     3500  2.50   -4.905   -2.204   -0.803   -0.098    0.374
 161     3500  3.00   -4.754   -2.145   -0.731   -0.035    0.423
 162     3500  3.50   -4.680   -2.108   -0.661    0.015    0.452
 163     3500  4.00   -4.688   -2.110   -0.622    0.040    0.461
 164     3500  4.50   -4.768   -2.145   -0.605    0.054    0.466
 165     3500  5.00   -4.932   -2.215   -0.607    0.061    0.468
 166     3750  0.00   -6.145   -2.333   -0.749   -0.152    0.222
 167     3750  0.50   -5.743   -2.216   -0.722   -0.149    0.218
 168     3750  1.00   -5.373   -2.126   -0.697   -0.139    0.223
 169     3750  1.50   -5.048   -2.050   -0.670   -0.121    0.240
 170     3750  2.00   -4.770   -1.979   -0.639   -0.095    0.266
 171     3750  2.50   -4.559   -1.917   -0.604   -0.062    0.298
 172     3750  3.00   -4.421   -1.875   -0.566   -0.020    0.338
 173     3750  3.50   -4.332   -1.850   -0.523    0.031    0.384
 174     3750  4.00   -4.269   -1.828   -0.482    0.072    0.416
 175     3750  4.50   -4.268   -1.832   -0.459    0.095    0.432
 176     3750  5.00   -4.335   -1.864   -0.447    0.110    0.442
 177     4000  0.00   -5.287   -1.857   -0.490    0.001    0.296
 178     4000  0.50   -4.922   -1.752   -0.477   -0.009    0.281
 179     4000  1.00   -4.607   -1.684   -0.471   -0.016    0.270
 180     4000  1.50   -4.359   -1.644   -0.468   -0.020    0.264
 181     4000  2.00   -4.179   -1.622   -0.464   -0.020    0.264
 182     4000  2.50   -4.057   -1.607   -0.453   -0.011    0.270
 183     4000  3.00   -3.978   -1.592   -0.433    0.008    0.288
 184     4000  3.50   -3.938   -1.584   -0.407    0.042    0.321
 185     4000  4.00   -3.904   -1.580   -0.378    0.084    0.362
 186     4000  4.50   -3.863   -1.570   -0.349    0.120    0.397
 187     4000  5.00   -3.865   -1.578   -0.330    0.144    0.417
 188     4250  0.00   -4.518   -1.504   -0.302    0.113    0.349
 189     4250  0.50   -4.199   -1.407   -0.294    0.098    0.329
 190     4250  1.00   -3.924   -1.342   -0.294    0.085    0.314
 191     4250  1.50   -3.708   -1.303   -0.297    0.075    0.303
 192     4250  2.00   -3.553   -1.282   -0.300    0.069    0.296
 193     4250  2.50   -3.453   -1.274   -0.302    0.066    0.293
 194     4250  3.00   -3.402   -1.275   -0.300    0.067    0.294
 195     4250  3.50   -3.396   -1.284   -0.293    0.074    0.300
 196     4250  4.00   -3.427   -1.300   -0.279    0.095    0.320
 197     4250  4.50   -3.457   -1.316   -0.260    0.128    0.352
 198     4250  5.00   -3.467   -1.327   -0.238    0.160    0.383
 199     4500  0.00   -3.863   -1.225   -0.165    0.192    0.379
 200     4500  0.50   -3.601   -1.147   -0.161    0.173    0.356
 201     4500  1.00   -3.375   -1.092   -0.164    0.158    0.339
 202     4500  1.50   -3.198   -1.058   -0.169    0.145    0.327
 203     4500  2.00   -3.069   -1.038   -0.174    0.136    0.318
 204     4500  2.50   -2.983   -1.028   -0.178    0.131    0.313
 205     4500  3.00   -2.938   -1.026   -0.179    0.129    0.311
 206     4500  3.50   -2.928   -1.030   -0.177    0.131    0.312
 207     4500  4.00   -2.949   -1.040   -0.172    0.137    0.317
 208     4500  4.50   -2.999   -1.057   -0.162    0.152    0.330
 209     4500  5.00   -3.056   -1.079   -0.149    0.176    0.354
 210     4750  0.00   -3.275   -0.975   -0.066    0.236    0.383
 211     4750  0.50   -3.067   -0.922   -0.068    0.218    0.362
 212     4750  1.00   -2.886   -0.884   -0.073    0.201    0.344
 213     4750  1.50   -2.743   -0.860   -0.080    0.188    0.331
 214     4750  2.00   -2.639   -0.845   -0.086    0.178    0.321
 215     4750  2.50   -2.569   -0.838   -0.091    0.171    0.314
 216     4750  3.00   -2.531   -0.834   -0.093    0.168    0.311
 217     4750  3.50   -2.522   -0.835   -0.093    0.168    0.310
 218     4750  4.00   -2.537   -0.838   -0.089    0.171    0.313
 219     4750  4.50   -2.575   -0.846   -0.083    0.179    0.319
 220     4750  5.00   -2.637   -0.861   -0.074    0.191    0.329
 221     5000  0.00   -2.765   -0.747    0.005    0.251    0.363
 222     5000  0.50   -2.601   -0.720   -0.004    0.233    0.344
 223     5000  1.00   -2.457   -0.701   -0.012    0.218    0.328
 224     5000  1.50   -2.340   -0.690   -0.021    0.205    0.315
 225     5000  2.00   -2.252   -0.684   -0.028    0.195    0.305
 226     5000  2.50   -2.194   -0.682   -0.034    0.187    0.298
 227     5000  3.00   -2.161   -0.682   -0.037    0.183    0.294
 228     5000  3.50   -2.153   -0.683   -0.037    0.183    0.293
 229     5000  4.00   -2.167   -0.685   -0.034    0.186    0.295
 230     5000  4.50   -2.198   -0.688   -0.028    0.192    0.300
 231     5000  5.00   -2.248   -0.694   -0.020    0.201    0.307
 232     5250  0.00   -2.370   -0.552    0.053    0.243    0.328
 233     5250  0.50   -2.239   -0.545    0.040    0.228    0.310
 234     5250  1.00   -2.121   -0.542    0.028    0.214    0.295
 235     5250  1.50   -2.022   -0.543    0.018    0.202    0.283
 236     5250  2.00   -1.945   -0.547    0.008    0.192    0.274
 237     5250  2.50   -1.889   -0.552    0.001    0.185    0.267
 238     5250  3.00   -1.855   -0.558   -0.004    0.181    0.262
 239     5250  3.50   -1.843   -0.563   -0.004    0.180    0.261
 240     5250  4.00   -1.850   -0.566   -0.001    0.183    0.264
 241     5250  4.50   -1.875   -0.568    0.004    0.189    0.269
 242     5250  5.00   -1.915   -0.571    0.013    0.198    0.276
 243     5500  0.00   -2.080   -0.391    0.083    0.222    0.286
 244     5500  0.50   -1.978   -0.397    0.068    0.209    0.269
 245     5500  1.00   -1.879   -0.406    0.055    0.197    0.254
 246     5500  1.50   -1.791   -0.416    0.042    0.187    0.242
 247     5500  2.00   -1.718   -0.429    0.030    0.177    0.233
 248     5500  2.50   -1.661   -0.443    0.021    0.169    0.225
 249     5500  3.00   -1.621   -0.455    0.014    0.164    0.220
 250     5500  3.50   -1.598   -0.464    0.011    0.162    0.219
 251     5500  4.00   -1.594   -0.471    0.013    0.165    0.221
 252     5500  4.50   -1.607   -0.475    0.018    0.171    0.226
 253     5500  5.00   -1.635   -0.477    0.026    0.180    0.234
 254     5750  0.00   -1.861   -0.258    0.098    0.189    0.239
 255     5750  0.50   -1.787   -0.274    0.085    0.181    0.224
 256     5750  1.00   -1.708   -0.290    0.071    0.172    0.210
 257     5750  1.50   -1.632   -0.309    0.057    0.163    0.198
 258     5750  2.00   -1.564   -0.328    0.044    0.154    0.187
 259     5750  2.50   -1.505   -0.348    0.031    0.146    0.179
 260     5750  3.00   -1.457   -0.367    0.021    0.139    0.172
 261     5750  3.50   -1.422   -0.383    0.015    0.135    0.169
 262     5750  4.00   -1.402   -0.394    0.014    0.136    0.169
 263     5750  4.50   -1.399   -0.401    0.017    0.141    0.174
 264     5750  5.00   -1.412   -0.405    0.025    0.150    0.182
 265     6000  0.00   -1.688   -0.146    0.102    0.147    0.189
 266     6000  0.50   -1.644   -0.169    0.092    0.146    0.176
 267     6000  1.00   -1.585   -0.191    0.080    0.141    0.163
 268     6000  1.50   -1.523   -0.216    0.067    0.135    0.151
 269     6000  2.00   -1.461   -0.241    0.053    0.127    0.140
 270     6000  2.50   -1.403   -0.267    0.038    0.119    0.131
 271     6000  3.00   -1.351   -0.292    0.025    0.111    0.123
 272     6000  3.50   -1.306   -0.314    0.014    0.105    0.117
 273     6000  4.00   -1.272   -0.331    0.008    0.102    0.115
 274     6000  4.50   -1.251   -0.343    0.008    0.105    0.117
 275     6000  5.00   -1.247   -0.349    0.014    0.112    0.124
 276     6250  0.50   -1.528   -0.078    0.091    0.102    0.126
 277     6250  1.00   -1.492   -0.105    0.083    0.104    0.116
 278     6250  1.50   -1.443   -0.134    0.071    0.102    0.104
 279     6250  2.00   -1.390   -0.164    0.057    0.096    0.093
 280     6250  2.50   -1.336   -0.195    0.042    0.089    0.082
 281     6250  3.00   -1.284   -0.225    0.026    0.081    0.072
 282     6250  3.50   -1.234   -0.254    0.012    0.073    0.065
 283     6250  4.00   -1.190   -0.277    0.001    0.067    0.060
 284     6250  4.50   -1.154   -0.295   -0.004    0.066    0.059
 285     6250  5.00   -1.132   -0.306   -0.003    0.070    0.063
 286     6500  0.50   -1.425    0.003    0.078    0.051    0.071
 287     6500  1.00   -1.414   -0.028    0.077    0.060    0.065
 288     6500  1.50   -1.382   -0.061    0.069    0.063    0.055
 289     6500  2.00   -1.340   -0.094    0.057    0.062    0.044
 290     6500  2.50   -1.292   -0.130    0.042    0.056    0.033
 291     6500  3.00   -1.241   -0.165    0.025    0.049    0.022
 292     6500  3.50   -1.190   -0.199    0.008    0.040    0.013
 293     6500  4.00   -1.140   -0.229   -0.007    0.032    0.005
 294     6500  4.50   -1.094   -0.254   -0.017    0.028    0.002
 295     6500  5.00   -1.057   -0.271   -0.021    0.028    0.003
 296     6750  0.50   -1.335    0.065    0.064    0.000    0.018
 297     6750  1.00   -1.341    0.040    0.061    0.009    0.010
 298     6750  1.50   -1.329    0.005    0.061    0.019    0.003
 299     6750  2.00   -1.300   -0.032    0.052    0.022   -0.006
 300     6750  2.50   -1.261   -0.070    0.039    0.020   -0.017
 301     6750  3.00   -1.214   -0.110    0.022    0.015   -0.028
 302     6750  3.50   -1.164   -0.149    0.003    0.007   -0.039
 303     6750  4.00   -1.112   -0.185   -0.014   -0.002   -0.048
 304     6750  4.50   -1.060   -0.216   -0.029   -0.010   -0.054
 305     6750  5.00   -1.013   -0.240   -0.039   -0.013   -0.056
 306     7000  0.50   -1.252    0.110    0.049   -0.049   -0.034
 307     7000  1.00   -1.273    0.091    0.045   -0.041   -0.043
 308     7000  1.50   -1.279    0.063    0.043   -0.032   -0.052
 309     7000  2.00   -1.265    0.024    0.041   -0.022   -0.059
 310     7000  2.50   -1.236   -0.017    0.031   -0.019   -0.068
 311     7000  3.00   -1.196   -0.059    0.016   -0.022   -0.079
 312     7000  3.50   -1.150   -0.102   -0.003   -0.029   -0.091
 313     7000  4.00   -1.098   -0.143   -0.023   -0.037   -0.101
 314     7000  4.50   -1.043   -0.181   -0.041   -0.046   -0.109
 315     7000  5.00   -0.990   -0.212   -0.056   -0.053   -0.114
 316     7250  0.50   -1.176    0.134    0.033   -0.094   -0.085
 317     7250  1.00   -1.208    0.126    0.027   -0.090   -0.095
 318     7250  1.50   -1.228    0.105    0.024   -0.082   -0.106
 319     7250  2.00   -1.231    0.073    0.021   -0.073   -0.115
 320     7250  2.50   -1.214    0.031    0.018   -0.064   -0.122
 321     7250  3.00   -1.184   -0.014    0.006   -0.062   -0.132
 322     7250  3.50   -1.143   -0.059   -0.011   -0.066   -0.143
 323     7250  4.00   -1.093   -0.104   -0.032   -0.074   -0.154
 324     7250  4.50   -1.039   -0.147   -0.052   -0.083   -0.163
 325     7250  5.00   -0.982   -0.184   -0.071   -0.092   -0.170
 326     7500  0.50   -1.109    0.124    0.019   -0.128   -0.133
 327     7500  1.00   -1.142    0.144    0.005   -0.138   -0.148
 328     7500  1.50   -1.174    0.131    0.003   -0.131   -0.158
 329     7500  2.00   -1.192    0.106   -0.000   -0.123   -0.169
 330     7500  2.50   -1.191    0.071   -0.004   -0.114   -0.179
 331     7500  3.00   -1.172    0.026   -0.009   -0.107   -0.186
 332     7500  3.50   -1.138   -0.021   -0.023   -0.106   -0.196
 333     7500  4.00   -1.093   -0.069   -0.043   -0.112   -0.207
 334     7500  4.50   -1.041   -0.115   -0.064   -0.120   -0.217
 335     7500  5.00   -0.983   -0.158   -0.086   -0.130   -0.225
 336     7750  1.00   -1.080    0.140   -0.021   -0.184   -0.203
 337     7750  1.50   -1.119    0.141   -0.024   -0.181   -0.214
 338     7750  2.00   -1.150    0.124   -0.025   -0.173   -0.224
 339     7750  2.50   -1.164    0.097   -0.029   -0.165   -0.235
 340     7750  3.00   -1.158    0.059   -0.033   -0.157   -0.244
 341     7750  3.50   -1.133    0.012   -0.040   -0.151   -0.252
 342     7750  4.00   -1.096   -0.037   -0.057   -0.152   -0.261
 343     7750  4.50   -1.047   -0.087   -0.078   -0.158   -0.271
 344     7750  5.00   -0.991   -0.134   -0.101   -0.168   -0.279
 345     8000  1.00   -1.025    0.108   -0.052   -0.226   -0.259
 346     8000  1.50   -1.067    0.133   -0.057   -0.231   -0.271
 347     8000  2.00   -1.106    0.127   -0.057   -0.225   -0.282
 348     8000  2.50   -1.131    0.107   -0.058   -0.217   -0.293
 349     8000  3.00   -1.139    0.077   -0.062   -0.209   -0.303
 350     8000  3.50   -1.128    0.037   -0.067   -0.202   -0.311
 351     8000  4.00   -1.098   -0.011   -0.076   -0.197   -0.318
 352     8000  4.50   -1.054   -0.062   -0.094   -0.199   -0.326
 353     8000  5.00   -1.002   -0.112   -0.117   -0.207   -0.335
 354     8250  1.00   -0.975    0.047   -0.095   -0.268   -0.325
 355     8250  1.50   -1.021    0.108   -0.095   -0.283   -0.331
 356     8250  2.00   -1.065    0.114   -0.095   -0.279   -0.342
 357     8250  2.50   -1.100    0.101   -0.094   -0.271   -0.353
 358     8250  3.00   -1.119    0.079   -0.096   -0.263   -0.363
 359     8250  3.50   -1.120    0.047   -0.100   -0.256   -0.373
 360     8250  4.00   -1.099    0.006   -0.104   -0.248   -0.378
 361     8250  4.50   -1.062   -0.043   -0.115   -0.244   -0.383
 362     8250  5.00   -1.014   -0.094   -0.135   -0.248   -0.391
 363     8500  1.50   -0.983    0.068   -0.138   -0.333   -0.394
 364     8500  2.00   -1.029    0.087   -0.138   -0.334   -0.404
 365     8500  2.50   -1.071    0.083   -0.136   -0.328   -0.415
 366     8500  3.00   -1.098    0.067   -0.136   -0.320   -0.425
 367     8500  3.50   -1.109    0.042   -0.138   -0.312   -0.435
 368     8500  4.00   -1.101    0.009   -0.142   -0.304   -0.442
 369     8500  4.50   -1.070   -0.032   -0.145   -0.295   -0.445
 370     8500  5.00   -1.026   -0.081   -0.158   -0.292   -0.448
 371     8750  1.50   -0.948    0.017   -0.187   -0.385   -0.460
 372     8750  2.00   -0.997    0.051   -0.184   -0.389   -0.467
 373     8750  2.50   -1.043    0.055   -0.182   -0.385   -0.478
 374     8750  3.00   -1.078    0.044   -0.181   -0.378   -0.489
 375     8750  3.50   -1.099    0.025   -0.181   -0.370   -0.499
 376     8750  4.00   -1.100   -0.001   -0.183   -0.362   -0.507
 377     8750  4.50   -1.081   -0.036   -0.186   -0.353   -0.511
 378     8750  5.00   -1.040   -0.076   -0.188   -0.343   -0.510
 379     9000  1.50   -0.919   -0.039   -0.241   -0.439   -0.530
 380     9000  2.00   -0.971    0.007   -0.234   -0.444   -0.532
 381     9000  2.50   -1.018    0.018   -0.231   -0.442   -0.542
 382     9000  3.00   -1.060    0.013   -0.229   -0.437   -0.554
 383     9000  3.50   -1.089   -0.001   -0.228   -0.430   -0.565
 384     9000  4.00   -1.099   -0.022   -0.228   -0.422   -0.573
 385     9000  4.50   -1.089   -0.051   -0.231   -0.413   -0.578
 386     9000  5.00   -1.056   -0.085   -0.231   -0.401   -0.577
 387     9250  2.00   -0.951   -0.041   -0.285   -0.500   -0.598
 388     9250  2.50   -0.999   -0.024   -0.282   -0.500   -0.608
 389     9250  3.00   -1.043   -0.024   -0.280   -0.496   -0.619
 390     9250  3.50   -1.077   -0.034   -0.278   -0.489   -0.630
 391     9250  4.00   -1.095   -0.051   -0.277   -0.481   -0.638
 392     9250  4.50   -1.095   -0.075   -0.278   -0.473   -0.645
 393     9250  5.00   -1.073   -0.105   -0.279   -0.464   -0.646
 394     9500  2.00   -0.936   -0.091   -0.338   -0.556   -0.665
 395     9500  2.50   -0.984   -0.070   -0.335   -0.558   -0.672
 396     9500  3.00   -1.029   -0.066   -0.332   -0.555   -0.684
 397     9500  3.50   -1.066   -0.072   -0.330   -0.550   -0.695
 398     9500  4.00   -1.091   -0.085   -0.328   -0.542   -0.704
 399     9500  4.50   -1.099   -0.105   -0.327   -0.534   -0.711
 400     9500  5.00   -1.087   -0.131   -0.328   -0.525   -0.714
 401     9750  2.00   -0.925   -0.141   -0.392   -0.612   -0.732
 402     9750  2.50   -0.974   -0.118   -0.388   -0.615   -0.738
 403     9750  3.00   -1.019   -0.111   -0.386   -0.614   -0.748
 404     9750  3.50   -1.059   -0.114   -0.384   -0.610   -0.760
 405     9750  4.00   -1.088   -0.124   -0.381   -0.603   -0.770
 406     9750  4.50   -1.103   -0.140   -0.379   -0.595   -0.777
 407     9750  5.00   -1.098   -0.162   -0.378   -0.586   -0.781
 408    10000  2.00   -0.919   -0.192   -0.446   -0.669   -0.799
 409    10000  2.50   -0.969   -0.166   -0.441   -0.672   -0.803
 410    10000  3.00   -1.014   -0.158   -0.440   -0.673   -0.813
 411    10000  3.50   -1.054   -0.159   -0.438   -0.670   -0.825
 412    10000  4.00   -1.087   -0.166   -0.435   -0.664   -0.835
 413    10000  4.50   -1.106   -0.179   -0.432   -0.656   -0.843
 414    10000  5.00   -1.108   -0.198   -0.430   -0.647   -0.847
 415    10250  2.00   -0.917   -0.241   -0.499   -0.725   -0.864
 416    10250  2.50   -0.968   -0.215   -0.495   -0.729   -0.868
 417    10250  3.00   -1.013   -0.206   -0.494   -0.731   -0.878
 418    10250  3.50   -1.053   -0.206   -0.492   -0.729   -0.889
 419    10250  4.00   -1.086   -0.211   -0.490   -0.724   -0.899
 420    10250  4.50   -1.108   -0.221   -0.487   -0.717   -0.907
 421    10250  5.00   -1.116   -0.237   -0.484   -0.708   -0.912
 422    10500  2.00   -0.918   -0.291   -0.552   -0.781   -0.929
 423    10500  2.50   -0.970   -0.264   -0.548   -0.786   -0.933
 424    10500  3.00   -1.015   -0.255   -0.548   -0.788   -0.942
 425    10500  3.50   -1.055   -0.254   -0.547   -0.788   -0.953
 426    10500  4.00   -1.089   -0.258   -0.545   -0.784   -0.963
 427    10500  4.50   -1.113   -0.266   -0.542   -0.778   -0.971
 428    10500  5.00   -1.125   -0.279   -0.538   -0.769   -0.977
 429    10750  2.00   -0.922   -0.340   -0.605   -0.837   -0.993
 430    10750  2.50   -0.974   -0.313   -0.601   -0.842   -0.996
 431    10750  3.00   -1.020   -0.304   -0.601   -0.845   -1.005
 432    10750  3.50   -1.060   -0.302   -0.601   -0.846   -1.016
 433    10750  4.00   -1.094   -0.305   -0.600   -0.844   -1.026
 434    10750  4.50   -1.120   -0.312   -0.597   -0.838   -1.035
 435    10750  5.00   -1.134   -0.323   -0.593   -0.830   -1.040
 436    11000  2.00   -0.928   -0.389   -0.658   -0.892   -1.056
 437    11000  2.50   -0.981   -0.362   -0.654   -0.897   -1.059
 438    11000  3.00   -1.028   -0.352   -0.655   -0.902   -1.068
 439    11000  3.50   -1.068   -0.350   -0.655   -0.904   -1.079
 440    11000  4.00   -1.103   -0.353   -0.655   -0.902   -1.089
 441    11000  4.50   -1.129   -0.359   -0.652   -0.898   -1.098
 442    11000  5.00   -1.145   -0.368   -0.648   -0.890   -1.104
 443    11250  2.00   -0.936   -0.437   -0.711   -0.947   -1.118
 444    11250  2.50   -0.990   -0.410   -0.706   -0.952   -1.121
 445    11250  3.00   -1.037   -0.400   -0.707   -0.957   -1.130
 446    11250  3.50   -1.078   -0.399   -0.708   -0.960   -1.141
 447    11250  4.00   -1.113   -0.401   -0.709   -0.960   -1.151
 448    11250  4.50   -1.140   -0.407   -0.707   -0.956   -1.160
 449    11250  5.00   -1.157   -0.414   -0.703   -0.949   -1.166
 450    11500  2.00   -0.947   -0.486   -0.763   -1.002   -1.179
 451    11500  2.50   -1.001   -0.457   -0.758   -1.007   -1.182
 452    11500  3.00   -1.048   -0.448   -0.759   -1.012   -1.191
 453    11500  3.50   -1.089   -0.446   -0.761   -1.016   -1.202
 454    11500  4.00   -1.124   -0.449   -0.762   -1.016   -1.212
 455    11500  4.50   -1.152   -0.454   -0.761   -1.014   -1.221
 456    11500  5.00   -1.170   -0.461   -0.757   -1.008   -1.227
 457    11750  2.00   -0.959   -0.533   -0.814   -1.056   -1.239
 458    11750  2.50   -1.014   -0.505   -0.810   -1.061   -1.242
 459    11750  3.00   -1.061   -0.495   -0.811   -1.067   -1.251
 460    11750  3.50   -1.102   -0.494   -0.813   -1.071   -1.262
 461    11750  4.00   -1.137   -0.497   -0.814   -1.072   -1.272
 462    11750  4.50   -1.165   -0.501   -0.814   -1.071   -1.281
 463    11750  5.00   -1.185   -0.508   -0.811   -1.066   -1.288
 464    12000  2.50   -1.028   -0.552   -0.861   -1.114   -1.301
 465    12000  3.00   -1.075   -0.542   -0.862   -1.120   -1.310
 466    12000  3.50   -1.116   -0.541   -0.865   -1.125   -1.321
 467    12000  4.00   -1.151   -0.544   -0.866   -1.127   -1.332
 468    12000  4.50   -1.180   -0.549   -0.866   -1.126   -1.341
 469    12000  5.00   -1.200   -0.555   -0.864   -1.122   -1.347
 470    12250  2.50   -1.043   -0.598   -0.911   -1.167   -1.360
 471    12250  3.00   -1.090   -0.589   -0.913   -1.174   -1.369
 472    12250  3.50   -1.131   -0.588   -0.916   -1.178   -1.379
 473    12250  4.00   -1.166   -0.591   -0.918   -1.181   -1.390
 474    12250  4.50   -1.195   -0.595   -0.918   -1.181   -1.399
 475    12250  5.00   -1.216   -0.601   -0.917   -1.178   -1.406
 476    12500  2.50   -1.060   -0.644   -0.961   -1.220   -1.417
 477    12500  3.00   -1.107   -0.635   -0.963   -1.226   -1.426
 478    12500  3.50   -1.148   -0.634   -0.966   -1.231   -1.437
 479    12500  4.00   -1.182   -0.637   -0.968   -1.234   -1.447
 480    12500  4.50   -1.211   -0.641   -0.969   -1.235   -1.457
 481    12500  5.00   -1.232   -0.647   -0.968   -1.232   -1.463
 482    12750  2.50   -1.078   -0.689   -1.010   -1.272   -1.474
 483    12750  3.00   -1.125   -0.680   -1.013   -1.278   -1.483
 484    12750  3.50   -1.165   -0.680   -1.016   -1.284   -1.494
 485    12750  4.00   -1.199   -0.683   -1.018   -1.287   -1.504
 486    12750  4.50   -1.228   -0.687   -1.019   -1.288   -1.513
 487    12750  5.00   -1.249   -0.693   -1.019   -1.286   -1.520
 488    13000  2.50   -1.096   -0.733   -1.059   -1.323   -1.529
 489    13000  3.00   -1.143   -0.725   -1.062   -1.330   -1.539
 490    13000  3.50   -1.183   -0.725   -1.065   -1.335   -1.549
 491    13000  4.00   -1.217   -0.728   -1.068   -1.339   -1.560
 492    13000  4.50   -1.245   -0.733   -1.069   -1.340   -1.569
 493    13000  5.00   -1.267   -0.738   -1.068   -1.339   -1.576
 494    14000  2.00   -1.109   -0.936   -1.249   -1.511   -1.738
 495    14000  2.50   -1.174   -0.905   -1.246   -1.520   -1.743
 496    14000  3.00   -1.223   -0.899   -1.251   -1.529   -1.753
 497    14000  3.50   -1.263   -0.900   -1.256   -1.535   -1.764
 498    14000  4.00   -1.295   -0.904   -1.259   -1.539   -1.775
 499    14000  4.50   -1.321   -0.908   -1.261   -1.541   -1.783
 500    14000  5.00   -1.342   -0.914   -1.261   -1.541   -1.790
 501    15000  2.50   -1.252   -1.067   -1.422   -1.704   -1.941
 502    15000  3.00   -1.307   -1.063   -1.430   -1.716   -1.954
 503    15000  3.50   -1.348   -1.066   -1.436   -1.724   -1.966
 504    15000  4.00   -1.380   -1.071   -1.441   -1.729   -1.977
 505    15000  4.50   -1.405   -1.076   -1.443   -1.731   -1.985
 506    15000  5.00   -1.423   -1.081   -1.443   -1.731   -1.992
 507    16000  2.50   -1.328   -1.218   -1.585   -1.875   -2.125
 508    16000  3.00   -1.390   -1.217   -1.597   -1.891   -2.141
 509    16000  3.50   -1.435   -1.222   -1.606   -1.902   -2.156
 510    16000  4.00   -1.467   -1.229   -1.612   -1.909   -2.167
 511    16000  4.50   -1.491   -1.234   -1.615   -1.911   -2.175
 512    16000  5.00   -1.508   -1.240   -1.615   -1.911   -2.182
 513    17000  2.50   -1.399   -1.359   -1.737   -2.034   -2.296
 514    17000  3.00   -1.469   -1.361   -1.753   -2.055   -2.316
 515    17000  3.50   -1.518   -1.369   -1.765   -2.069   -2.333
 516    17000  4.00   -1.553   -1.377   -1.773   -2.077   -2.345
 517    17000  4.50   -1.578   -1.384   -1.777   -2.081   -2.354
 518    17000  5.00   -1.595   -1.390   -1.779   -2.082   -2.360
 519    18000  2.50   -1.466   -1.492   -1.879   -2.182   -2.454
 520    18000  3.00   -1.543   -1.495   -1.899   -2.208   -2.478
 521    18000  3.50   -1.598   -1.507   -1.915   -2.225   -2.498
 522    18000  4.00   -1.637   -1.517   -1.925   -2.236   -2.512
 523    18000  4.50   -1.663   -1.526   -1.931   -2.241   -2.522
 524    18000  5.00   -1.680   -1.533   -1.933   -2.243   -2.529
 525    19000  2.50   -1.530   -1.616   -2.011   -2.319   -2.600
 526    19000  3.00   -1.614   -1.621   -2.035   -2.350   -2.630
 527    19000  3.50   -1.674   -1.636   -2.054   -2.371   -2.652
 528    19000  4.00   -1.716   -1.649   -2.067   -2.385   -2.669
 529    19000  4.50   -1.744   -1.659   -2.075   -2.392   -2.680
 530    19000  5.00   -1.763   -1.667   -2.078   -2.395   -2.688
 531    20000  3.00   -1.682   -1.740   -2.162   -2.483   -2.771
 532    20000  3.50   -1.746   -1.757   -2.186   -2.508   -2.797
 533    20000  4.00   -1.791   -1.773   -2.201   -2.524   -2.816
 534    20000  4.50   -1.822   -1.785   -2.211   -2.534   -2.829
 535    20000  5.00   -1.842   -1.794   -2.216   -2.538   -2.837
 536    21000  3.00   -1.746   -1.850   -2.281   -2.608   -2.903
 537    21000  3.50   -1.816   -1.871   -2.309   -2.637   -2.933
 538    21000  4.00   -1.864   -1.890   -2.328   -2.656   -2.954
 539    21000  4.50   -1.897   -1.903   -2.339   -2.667   -2.969
 540    21000  5.00   -1.918   -1.914   -2.345   -2.673   -2.978
 541    22000  3.00   -1.806   -1.954   -2.393   -2.724   -3.025
 542    22000  3.50   -1.882   -1.979   -2.425   -2.759   -3.061
 543    22000  4.00   -1.934   -2.000   -2.447   -2.781   -3.085
 544    22000  4.50   -1.969   -2.016   -2.460   -2.794   -3.101
 545    22000  5.00   -1.991   -2.027   -2.468   -2.800   -3.111
 546    23000  3.00   -1.863   -2.052   -2.497   -2.832   -3.140
 547    23000  3.50   -1.945   -2.080   -2.534   -2.872   -3.181
 548    23000  4.00   -2.001   -2.104   -2.559   -2.898   -3.208
 549    23000  4.50   -2.038   -2.122   -2.575   -2.913   -3.226
 550    23000  5.00   -2.061   -2.134   -2.584   -2.921   -3.237
 551    24000  3.00   -1.916   -2.141   -2.593   -2.933   -3.246
 552    24000  3.50   -2.005   -2.175   -2.637   -2.980   -3.294
 553    24000  4.00   -2.064   -2.202   -2.665   -3.009   -3.324
 554    24000  4.50   -2.104   -2.222   -2.683   -3.026   -3.344
 555    24000  5.00   -2.129   -2.236   -2.694   -3.036   -3.357
 556    25000  3.00   -1.959   -2.222   -2.680   -3.024   -3.343
 557    25000  3.50   -2.062   -2.265   -2.733   -3.081   -3.400
 558    25000  4.00   -2.125   -2.295   -2.765   -3.113   -3.434
 559    25000  4.50   -2.166   -2.316   -2.785   -3.133   -3.456
 560    25000  5.00   -2.193   -2.331   -2.797   -3.145   -3.470
 561    26000  3.00   -1.991   -2.292   -2.753   -3.099   -3.423
 562    26000  3.50   -2.114   -2.347   -2.824   -3.175   -3.499
 563    26000  4.00   -2.182   -2.382   -2.859   -3.212   -3.537
 564    26000  4.50   -2.226   -2.405   -2.882   -3.234   -3.561
 565    26000  5.00   -2.254   -2.422   -2.895   -3.247   -3.577
 566    27000  3.50   -2.160   -2.422   -2.905   -3.262   -3.590
 567    27000  4.00   -2.235   -2.463   -2.948   -3.304   -3.634
 568    27000  4.50   -2.281   -2.489   -2.973   -3.329   -3.661
 569    27000  5.00   -2.311   -2.507   -2.988   -3.343   -3.677
 570    28000  3.50   -2.197   -2.488   -2.978   -3.338   -3.671
 571    28000  4.00   -2.283   -2.537   -3.030   -3.391   -3.725
 572    28000  4.50   -2.333   -2.567   -3.058   -3.418   -3.754
 573    28000  5.00   -2.364   -2.586   -3.074   -3.434   -3.772
 574    29000  3.50   -2.230   -2.550   -3.043   -3.405   -3.742
 575    29000  4.00   -2.325   -2.605   -3.104   -3.469   -3.807
 576    29000  4.50   -2.381   -2.639   -3.137   -3.502   -3.841
 577    29000  5.00   -2.413   -2.661   -3.156   -3.519   -3.861
 578    30000  3.50   -2.267   -2.612   -3.108   -3.470   -3.809
 579    30000  4.00   -2.362   -2.667   -3.172   -3.540   -3.882
 580    30000  4.50   -2.423   -2.705   -3.210   -3.578   -3.922
 581    30000  5.00   -2.458   -2.729   -3.231   -3.599   -3.943
 582    31000  3.50   -2.312   -2.678   -3.175   -3.535   -3.878
 583    31000  4.00   -2.397   -2.725   -3.236   -3.606   -3.951
 584    31000  4.50   -2.460   -2.767   -3.277   -3.649   -3.995
 585    31000  5.00   -2.499   -2.793   -3.301   -3.672   -4.020
 586    32000  4.00   -2.434   -2.783   -3.298   -3.668   -4.016
 587    32000  4.50   -2.497   -2.825   -3.341   -3.715   -4.064
 588    32000  5.00   -2.537   -2.853   -3.367   -3.741   -4.091
 589    33000  4.00   -2.479   -2.845   -3.363   -3.733   -4.083
 590    33000  4.50   -2.533   -2.881   -3.402   -3.777   -4.129
 591    33000  5.00   -2.574   -2.910   -3.429   -3.805   -4.158
 592    34000  4.00   -2.532   -2.912   -3.431   -3.800   -4.152
 593    34000  4.50   -2.575   -2.939   -3.465   -3.840   -4.194
 594    34000  5.00   -2.611   -2.966   -3.490   -3.868   -4.223
 595    35000  4.00   -2.591   -2.983   -3.503   -3.870   -4.224
 596    35000  4.50   -2.624   -3.001   -3.530   -3.904   -4.260
 597    35000  5.00   -2.654   -3.024   -3.552   -3.930   -4.288
 598    36000  4.00   -2.658   -3.059   -3.579   -3.944   -4.299
 599    36000  4.50   -2.678   -3.067   -3.597   -3.970   -4.328
 600    36000  5.00   -2.702   -3.085   -3.617   -3.994   -4.353
 601    37000  4.00   -2.729   -3.138   -3.659   -4.022   -4.378
 602    37000  4.50   -2.738   -3.137   -3.668   -4.039   -4.399
 603    37000  5.00   -2.755   -3.148   -3.683   -4.059   -4.420
 604    38000  4.00   -2.803   -3.218   -3.741   -4.102   -4.459
 605    38000  4.50   -2.803   -3.210   -3.743   -4.111   -4.473
 606    38000  5.00   -2.814   -3.215   -3.752   -4.126   -4.489
 607    39000  4.00   -2.878   -3.298   -3.822   -4.184   -4.542
 608    39000  4.50   -2.873   -3.285   -3.820   -4.187   -4.549
 609    39000  5.00   -2.877   -3.285   -3.824   -4.196   -4.560
 610    40000  4.50   -2.944   -3.362   -3.898   -4.264   -4.628
 611    40000  5.00   -2.943   -3.358   -3.898   -4.268   -4.634
 612    41000  4.50   -3.016   -3.438   -3.977   -4.342   -4.707
 613    41000  5.00   -3.012   -3.432   -3.974   -4.343   -4.710
 614    42000  4.50   -3.088   -3.514   -4.054   -4.420   -4.786
 615    42000  5.00   -3.083   -3.506   -4.051   -4.419   -4.787
 616    43000  4.50   -3.158   -3.589   -4.130   -4.496   -4.863
 617    43000  5.00   -3.153   -3.581   -4.127   -4.494   -4.864
 618    44000  4.50   -3.228   -3.662   -4.205   -4.571   -4.939
 619    44000  5.00   -3.223   -3.654   -4.202   -4.570   -4.940
 620    45000  4.50   -3.296   -3.734   -4.278   -4.645   -5.013
 621    45000  5.00   -3.292   -3.727   -4.276   -4.644   -5.015
 622    46000  4.50   -3.362   -3.804   -4.349   -4.717   -5.085
 623    46000  5.00   -3.360   -3.798   -4.349   -4.717   -5.089
 624    47000  4.50   -3.427   -3.872   -4.418   -4.787   -5.156
 625    47000  5.00   -3.426   -3.867   -4.420   -4.788   -5.161
 626    48000  4.50   -3.491   -3.940   -4.487   -4.856   -5.225
 627    48000  5.00   -3.491   -3.935   -4.489   -4.858   -5.231
 628    49000  4.50   -3.554   -4.005   -4.553   -4.924   -5.293
 629    49000  5.00   -3.555   -4.002   -4.557   -4.927   -5.300
 630    50000  5.00   -3.617   -4.067   -4.623   -4.994   -5.368
 631    56101  5.00   -3.710   -4.197   -4.724   -5.103   -5.454
 632    62946  5.00   -4.037   -4.536   -5.073   -5.456   -5.811
 633    70627  5.00   -4.370   -4.879   -5.424   -5.812   -6.170
 634    79245  5.00   -4.708   -5.226   -5.779   -6.170   -6.531
 635    88914  5.00   -5.050   -5.576   -6.135   -6.530   -6.894
 636    99763  5.00   -5.396   -5.929   -6.494   -6.892   -7.258
 637   111936  5.00   -5.745   -6.285   -6.854   -7.255   -7.623
 638   125595  5.00   -6.097   -6.643   -7.217   -7.619   -7.989
 639   140920  5.00   -6.452   -7.002   -7.580   -7.985   -8.356
 640   158115  5.00   -6.809   -7.364   -7.945   -8.352   -8.724
 641   177407  5.00   -7.168   -7.727   -8.311   -8.719   -9.093
 642   199055  5.00   -7.529   -8.091   -8.678   -9.088   -9.463
 643   223343  5.00   -7.891   -8.456   -9.046   -9.457   -9.833
 644   250595  5.00   -8.255   -8.823   -9.415   -9.827  -10.203
 645   281172  5.00   -8.620   -9.190   -9.784  -10.197  -10.575
 646   315481  5.00   -8.987   -9.559  -10.154  -10.568  -10.946
 647   353975  5.00   -9.354   -9.928  -10.525  -10.940  -11.318
 648   397167  5.00   -9.722  -10.297  -10.896  -11.311  -11.690
 649   445629  5.00  -10.091  -10.668  -11.267  -11.683  -12.063
 650   500004  5.00  -10.460  -11.038  -11.639  -12.056  -12.436
 651   561014  5.00  -10.830  -11.410  -12.011  -12.428  -12.809
 652   629469  5.00  -11.201  -11.781  -12.384  -12.801  -13.182
 653   706276  5.00  -11.572  -12.153  -12.756  -13.175  -13.556
 654   792455  5.00  -11.944  -12.526  -13.129  -13.548  -13.929
 655   889149  5.00  -12.316  -12.898  -13.503  -13.922  -14.303
 656   997642  5.00  -12.688  -13.271  -13.876  -14.295  -14.677
 657  1119373  5.00  -13.060  -13.644  -14.250  -14.669  -15.051
 658  1255958  5.00  -13.433  -14.018  -14.623  -15.043  -15.425
 659  1409209  5.00  -13.806  -14.391  -14.997  -15.417  -15.799
 660  1581159  5.00  -14.180  -14.765  -15.371  -15.791  -16.174
 661  1774090  5.00  -14.553  -15.139  -15.745  -16.166  -16.548
 662  1990563  5.00  -14.927  -15.513  -16.120  -16.540  -16.922
 663  2233450  5.00  -15.301  -15.887  -16.494  -16.914  -17.297
 664  2505973  5.00  -15.674  -16.261  -16.868  -17.289  -17.672
 665  2811749  5.00  -16.048  -16.635  -17.243  -17.663  -18.046
 666  3154836  5.00  -16.423  -17.010  -17.617  -18.038  -18.421
 667  3539785  5.00  -16.797  -17.384  -17.992  -18.413  -18.796
 668  3971706  5.00  -17.171  -17.759  -18.366  -18.787  -19.170
 669  4456330  5.00  -17.546  -18.133  -18.741  -19.162  -19.545
# BCs for Fluks et al. 1994 M-giant spectra:
#  n     Teff  logg        u        g        r        i        z
   0     3810  0.00   -5.232   -2.180   -0.743   -0.151    0.214
   1     3736  0.00   -5.480   -2.411   -0.956   -0.216    0.214
   2     3666  0.00   -5.741   -2.663   -1.199   -0.300    0.201
   3     3574  0.00   -5.963   -3.071   -1.567   -0.467    0.136
   4     3434  0.00   -6.474   -3.757   -2.226   -0.821    0.018
   5     3309  0.00   -7.001   -4.788   -3.149   -1.410   -0.171
   6     3126  0.00   -7.946   -6.208   -4.480   -2.215   -0.581
   7     2890  0.00   -8.652   -7.675   -5.306   -2.820   -0.984
   8     2667  0.00   -9.374   -8.706   -5.828   -3.150   -1.145
   9     2500  0.00  -10.108   -9.436   -6.407   -3.451   -1.145
