<head>
         976           6      -1           6           0           1           2
           3           4           5
<head>
       495.00000      -999999.00      -75.426003      -56.344002      -43.598999
      -32.213001
       503.50000      -999999.00      -75.426003      -56.344002      -43.598999
      -32.213001
       504.00000      -999999.00      -74.183998      -55.411999      -42.855000
      -31.659000
       504.50000      -999999.00      -73.813004      -54.917999      -42.259998
      -31.021000
       505.00000      -999999.00      -71.367996      -52.914001      -40.543999
      -29.660000
       505.50000      -999999.00      -68.195999      -50.346001      -38.397999
      -28.014000
       506.00000      -999999.00      -64.991997      -47.769001      -36.268002
      -26.405001
       510.00000      -999999.00      -64.991997      -47.769001      -36.268002
      -26.405001
       595.00000      -999999.00      -61.321999      -45.432999      -34.896999
      -25.898001
       603.50000      -999999.00      -61.321999      -45.432999      -34.896999
      -25.898001
       604.00000      -999999.00      -60.585999      -44.858002      -34.431000
      -25.539000
       604.50000      -999999.00      -62.429001      -46.092999      -35.198002
      -25.908001
       605.00000      -999999.00      -60.515999      -44.487999      -33.793999
      -24.754999
       605.50000      -999999.00      -58.122002      -42.519001      -32.115002
      -23.420000
       606.00000      -83.453003      -55.492001      -40.410999      -30.379000
      -22.083000
       610.00000      -83.453003      -55.492001      -40.410999      -30.379000
      -22.083000
       695.00000      -73.658997      -50.448002      -37.000000      -28.177999
      -20.899000
       703.50000      -73.658997      -50.448002      -37.000000      -28.177999
      -20.899000
       704.00000      -72.828003      -49.855000      -36.542999      -27.815001
      -20.620001
       704.50000      -75.103996      -51.333000      -37.542999      -28.431999
      -20.927999
       705.00000      -73.877998      -50.388000      -36.722000      -27.672001
      -20.256001
       705.50000      -71.387001      -48.480999      -35.102001      -26.216999
      -19.031000
       706.00000      -68.143997      -46.061001      -33.125999      -24.546000
      -17.712000
       710.00000      -68.143997      -46.061001      -33.125999      -24.546000
      -17.712000
       795.00000      -60.228001      -40.771999      -29.414000      -22.025000
      -16.153000
       803.50000      -60.228001      -40.771999      -29.414000      -22.025000
      -16.153000
       804.00000      -60.458000      -40.971001      -29.597000      -22.194000
      -16.292000
       804.50000      -62.323002      -42.205002      -30.434000      -22.711000
      -16.583000
       805.00000      -61.277000      -41.320999      -29.620001      -21.934000
      -15.913000
       805.50000      -59.737000      -39.973999      -28.410999      -20.851999
      -15.032000
       806.00000      -57.034000      -37.827000      -26.674000      -19.462000
      -13.977000
       810.00000      -57.034000      -37.827000      -26.674000      -19.462000
      -13.977000
       895.00000      -48.876999      -32.507000      -23.056999      -17.083000
      -12.457000
       903.50000      -48.876999      -32.507000      -23.056999      -17.083000
      -12.457000
       904.00000      -48.985001      -32.495998      -22.988001      -16.969000
      -12.333000
       904.50000      -51.167000      -33.915001      -23.952000      -17.599001
      -12.746000
       905.00000      -49.148998      -32.162998      -22.457001      -16.332001
      -11.721000
       905.50000      -49.234001      -32.209999      -22.485001      -16.348000
      -11.731000
       910.00000      -49.234001      -32.209999      -22.485001      -16.348000
      -11.731000
       995.00000      -43.168999      -28.440001      -20.000999      -14.758000
      -10.726000
       1003.5000      -43.168999      -28.440001      -20.000999      -14.758000
      -10.726000
       1004.0000      -42.263000      -27.729000      -19.419001      -14.272000
      -10.328000
       1004.5000      -42.327999      -27.565001      -19.183001      -14.007000
      -10.078000
       1005.0000      -42.417000      -27.395000      -18.945999      -13.746000
      -9.8350000
       1005.5000      -41.938999      -26.931000      -18.541000      -13.394000
      -9.5380001
       1006.0000      -40.268002      -25.730000      -17.632999      -12.695000
      -8.9899998
       1010.0000      -40.268002      -25.730000      -17.632999      -12.695000
      -8.9899998
       1095.0000      -37.813999      -24.635000      -17.121000      -12.535000
      -9.0319996
       1103.5000      -37.813999      -24.635000      -17.121000      -12.535000
      -9.0319996
       1104.0000      -37.410000      -24.323000      -16.865999      -12.320000
      -8.8529997
       1104.5000      -37.377998      -24.158001      -16.677000      -12.126000
      -8.6750002
       1105.0000      -36.910999      -23.632000      -16.187000      -11.680000
      -8.2889996
       1105.5000      -36.230000      -22.979000      -15.617000      -11.184000
      -7.8699999
       1106.0000      -43.583000      -28.854000      -20.415001      -15.172000
      -11.140000
       1110.0000      -43.583000      -28.854000      -20.415001      -15.172000
      -11.140000
       1195.0000      -33.025002      -21.284000      -14.570000      -10.521000
      -7.4590001
       1203.5000      -33.025002      -21.284000      -14.570000      -10.521000
      -7.4590001
       1204.0000      -33.025002      -21.284000      -14.570000      -10.521000
      -7.4590001
       1204.5000      -33.025002      -21.284000      -14.570000      -10.521000
      -7.4590001
       1205.0000      -33.254002      -21.230000      -14.422000      -10.335000
      -7.2690001
       1206.0000      -31.614000      -19.808001      -13.237000      -9.3350000
      -6.4340000
       1210.0000      -31.614000      -19.808001      -13.237000      -9.3350000
      -6.4340000
       1295.0000      -28.790001      -18.349001      -12.335000      -8.7460003
      -6.0590000
       1303.5000      -28.790001      -18.349001      -12.335000      -8.7460003
      -6.0590000
       1304.0000      -28.820999      -18.386000      -12.367000      -8.7729998
      -6.0809999
       1304.5000      -29.566999      -18.858999      -12.699000      -9.0190001
      -6.2659998
       1305.0000      -29.587999      -18.822001      -12.639000      -8.9510002
      -6.1980000
       1305.5000      -29.504999      -18.604000      -12.414000      -8.7410002
      -6.0120001
       1306.0000      -33.167999      -21.497000      -14.816000      -10.789000
      -7.7430000
       1310.0000      -33.167999      -21.497000      -14.816000      -10.789000
      -7.7430000
       1395.0000      -25.259001      -15.919000      -10.499000      -7.2989998
      -4.9210000
       1403.5000      -25.259001      -15.919000      -10.499000      -7.2989998
      -4.9210000
       1404.0000      -25.301001      -15.952000      -10.523000      -7.3160000
      -4.9349999
       1404.5000      -25.764999      -16.240000      -10.709000      -7.4419999
      -5.0180001
       1405.0000      -26.243999      -16.531000      -10.911000      -7.5910001
      -5.1300001
       1405.5000      -26.156000      -16.282000      -10.659000      -7.3620000
      -4.9229999
       1406.0000      -26.172001      -16.287001      -10.661000      -7.3639998
      -4.9239998
       1410.0000      -26.172001      -16.287001      -10.661000      -7.3639998
      -4.9239998
       1495.0000      -22.608000      -14.096000      -9.0930004      -6.1539998
      -3.9480000
       1503.5000      -22.608000      -14.096000      -9.0930004      -6.1539998
      -3.9480000
       1504.0000      -22.500999      -14.034000      -9.0679998      -6.1560001
      -3.9870000
       1504.5000      -22.995001      -14.315000      -9.2510004      -6.2880001
      -4.0990000
       1505.0000      -23.214001      -14.440000      -9.3330002      -6.3470001
      -4.1450000
       1505.5000      -23.433001      -14.534000      -9.3839998      -6.3810000
      -4.1659999
       1506.0000      -23.488001      -14.512000      -9.3540001      -6.3550000
      -4.1389999
       1510.0000      -23.488001      -14.512000      -9.3540001      -6.3550000
      -4.1389999
       1595.0000      -20.702000      -12.588000      -7.8620000      -5.1160002
      -2.9470000
       1603.5000      -20.702000      -12.588000      -7.8620000      -5.1160002
      -2.9470000
       1604.0000      -20.483000      -12.553000      -7.8810000      -5.1510000
      -3.0380001
       1604.5000      -20.577000      -12.608000      -7.9310002      -5.2179999
      -3.1610000
       1605.0000      -20.679001      -12.690000      -8.0019999      -5.2890000
      -3.2650001
       1605.5000      -20.855000      -12.772000      -8.0559998      -5.3360000
      -3.3230000
       1606.0000      -21.006001      -12.830000      -8.0979996      -5.3730001
      -3.3590000
       1610.0000      -21.006001      -12.830000      -8.0979996      -5.3730001
      -3.3590000
       1695.0000      -18.968000      -11.019000      -6.8160000      -4.2119999
      -2.0139999
       1703.5000      -18.968000      -11.019000      -6.8160000      -4.2119999
      -2.0139999
       1704.0000      -18.593000      -10.641000      -6.4460001      -3.9480000
      -1.8720000
       1704.5000      -17.403999      -9.7069998      -5.8119998      -3.4150000
      -1.4170001
       1705.0000      -18.457001      -10.810000      -6.5430002      -4.0260000
      -2.0120001
       1705.5000      -18.709999      -11.201000      -6.8439999      -4.3220000
      -2.3550000
       1706.0000      -18.889999      -11.363000      -6.9940000      -4.4990001
      -2.5990000
       1710.0000      -18.889999      -11.363000      -6.9940000      -4.4990001
      -2.5990000
       1795.0000      -17.527000      -9.9630003      -6.2509999      -3.6900001
      -1.4980000
       1803.5000      -17.527000      -9.9630003      -6.2509999      -3.6900001
      -1.4980000
       1804.0000      -17.184999      -9.7609997      -6.0390000      -3.5669999
      -1.4590000
       1804.5000      -16.209999      -9.0640001      -5.4899998      -3.1689999
      -1.1870000
       1805.0000      -16.087000      -9.0430002      -5.4569998      -3.1340001
      -1.1880000
       1805.5000      -16.877001      -9.7019997      -5.8249998      -3.4809999
      -1.5490000
       1806.0000      -16.975000      -9.8050003      -5.8579998      -3.5250001
      -1.6030000
       1810.0000      -16.975000      -9.8050003      -5.8579998      -3.5250001
      -1.6030000
       1895.0000      -14.996000      -8.7659998      -5.7160001      -3.1559999
     -0.98799998
       1903.5000      -14.996000      -8.7659998      -5.7160001      -3.1559999
     -0.98799998
       1904.0000      -16.115999      -9.0019999      -5.7259998      -3.2140000
      -1.1010000
       1904.5000      -17.063000      -9.5889997      -5.9800000      -3.4760001
      -1.4060000
       1905.0000      -16.059000      -8.9589996      -5.4970002      -3.1289999
      -1.1630000
       1905.5000      -16.039000      -9.1929998      -5.5929999      -3.2939999
      -1.3570000
       1906.0000      -15.982000      -9.2279997      -5.5530000      -3.3480000
      -1.4550000
       1910.0000      -15.982000      -9.2279997      -5.5530000      -3.3480000
      -1.4550000
       1995.0000      -13.075000      -8.0290003      -5.5219998      -2.8690000
     -0.72100002
       2003.5000      -13.075000      -8.0290003      -5.5219998      -2.8690000
     -0.72100002
       2004.0000      -14.452000      -8.1490002      -5.3820000      -2.8199999
     -0.74800003
       2004.5000      -15.259000      -8.2340002      -5.2789998      -2.7850001
     -0.77700001
       2005.0000      -15.694000      -8.4569998      -5.3060002      -2.8650000
     -0.90300000
       2005.5000      -15.647000      -8.8739996      -5.4740000      -3.1310000
      -1.1970000
       2006.0000      -15.163000      -8.6960001      -5.2700000      -3.1099999
      -1.2359999
       2010.0000      -15.163000      -8.6960001      -5.2700000      -3.1099999
      -1.2359999
       2095.0000      -12.780000      -7.4489999      -5.1230001      -2.5239999
     -0.51099998
       2104.0000      -12.780000      -7.4489999      -5.1230001      -2.5239999
     -0.51099998
       2105.0000      -14.558000      -7.5679998      -4.8680000      -2.3910000
     -0.50700003
       2105.5000      -15.276000      -8.1440001      -5.1259999      -2.6970000
     -0.80100000
       2106.0000      -15.070000      -8.4549999      -5.2059999      -2.9570000
      -1.0490000
       2110.0000      -15.070000      -8.4549999      -5.2059999      -2.9570000
      -1.0490000
       2195.0000      -10.055000      -6.6160002      -4.8930001      -2.2650001
     -0.29800001
       2203.5000      -10.055000      -6.6160002      -4.8930001      -2.2650001
     -0.29800001
       2204.0000      -11.206000      -6.7709999      -4.8090000      -2.2279999
     -0.31000000
       2204.5000      -12.532000      -6.9419999      -4.7760000      -2.1910000
     -0.31000000
       2205.0000      -13.703000      -7.0819998      -4.6890001      -2.1450000
     -0.32800001
       2205.5000      -14.523000      -7.3969998      -4.7600002      -2.2660000
     -0.46399999
       2206.0000      -14.607000      -7.5270000      -4.7230000      -2.3859999
     -0.55100000
       2210.0000      -14.607000      -7.5270000      -4.7230000      -2.3859999
     -0.55100000
       2295.0000      -9.0200005      -6.0250001      -4.4870000      -1.9620000
     -0.14399999
       2303.5000      -9.0200005      -6.0250001      -4.4870000      -1.9620000
     -0.14399999
       2304.0000      -10.014000      -6.1770000      -4.4359999      -1.9310000
     -0.15099999
       2304.5000      -11.285000      -6.3959999      -4.4759998      -1.9220001
     -0.15700001
       2305.0000      -12.681000      -6.6069999      -4.4569998      -1.9000000
     -0.18200000
       2305.5000      -13.717000      -6.8090000      -4.4730000      -1.9370000
     -0.23999999
       2306.0000      -13.977000      -6.9039998      -4.3969998      -1.9859999
     -0.28000000
       2310.0000      -13.977000      -6.9039998      -4.3969998      -1.9859999
     -0.28000000
       2395.0000      -8.2220001      -5.4990001      -4.0330000      -1.6650000
    -0.016000001
       2403.5000      -8.2220001      -5.4990001      -4.0330000      -1.6650000
    -0.016000001
       2404.0000      -9.0389996      -5.6329999      -4.0139999      -1.6410000
    -0.020000000
       2404.5000      -10.140000      -5.8509998      -4.1040001      -1.6480000
    -0.021000000
       2405.5000      -12.632000      -6.2560000      -4.1589999      -1.6270000
    -0.054000001
       2406.0000      -13.403000      -6.4530001      -4.1599998      -1.7040000
     -0.12200000
       2410.0000      -13.403000      -6.4530001      -4.1599998      -1.7040000
     -0.12200000
       2495.0000      -10.108000      -9.4359999      -6.4070001      -3.4510000
      -1.1450000
       2500.0000      -10.108000      -9.4359999      -6.4070001      -3.4510000
      -1.1450000
       2503.5000      -7.6830001      -5.0679998      -3.5910001      -1.4020000
     0.075000003
       2504.0000      -8.3070002      -5.1570001      -3.5769999      -1.3720000
     0.082000002
       2504.5000      -9.2370005      -5.3690000      -3.7130001      -1.3960000
     0.083999999
       2505.0000      -10.386000      -5.5650001      -3.7630000      -1.3710001
     0.089000002
       2505.5000      -11.665000      -5.7960000      -3.8390000      -1.3740000
     0.064000003
       2506.0000      -12.595000      -5.9910002      -3.8750000      -1.4210000
     0.020000000
       2510.0000      -12.595000      -5.9910002      -3.8750000      -1.4210000
     0.020000000
       2595.0000      -9.6684787      -8.9988744      -6.0602935      -3.2707605
      -1.1450000
       2600.0000      -9.6684787      -8.9988744      -6.0602935      -3.2707605
      -1.1450000
       2603.5000      -7.2579999      -4.6960001      -3.1989999      -1.1799999
      0.14399999
       2604.0000      -7.7470002      -4.7470002      -3.1740000      -1.1430000
      0.15700001
       2604.5000      -8.5170002      -4.9349999      -3.3220000      -1.1670001
      0.16700000
       2605.0000      -9.4440002      -5.0960002      -3.3659999      -1.1420000
      0.17900001
       2605.5000      -10.636000      -5.3220000      -3.4630001      -1.1400000
      0.16800000
       2606.0000      -11.692000      -5.5599999      -3.5599999      -1.1790000
      0.12500000
       2610.0000      -11.692000      -5.5599999      -3.5599999      -1.1790000
      0.12500000
       2695.0000      -9.2671567      -8.5534308      -5.7507535      -3.1011660
      -1.1211749
       2700.0000      -9.2671567      -8.5534308      -5.7507535      -3.1011660
      -1.1211749
       2703.5000      -6.9169998      -4.3880000      -2.8859999      -1.0110000
      0.19000000
       2704.0000      -7.2789998      -4.3860002      -2.8210001     -0.95400000
      0.21500000
       2704.5000      -7.9029999      -4.5370002      -2.9530001     -0.96799999
      0.23400000
       2705.0000      -8.6680002      -4.6719999      -2.9849999     -0.94499999
      0.24600001
       2705.5000      -9.6990004      -4.8769999      -3.0799999     -0.93800002
      0.24500000
       2706.0000      -10.776000      -5.1170001      -3.2010000     -0.95899999
      0.21699999
       2710.0000      -10.776000      -5.1170001      -3.2010000     -0.95899999
      0.21699999
       2795.0000      -8.9433902      -8.0910989      -5.5166728      -2.9531839
      -1.0489776
       2800.0000      -8.9433902      -8.0910989      -5.5166728      -2.9531839
      -1.0489776
       2805.0000      -9.0380001      -4.4280000      -2.6150000     -0.65399998
      0.31200001
       2805.5000      -10.017000      -4.6820002      -2.7309999     -0.63700002
      0.31700000
       2810.0000      -10.017000      -4.6820002      -2.7309999     -0.63700002
      0.31700000
       2895.0000      -8.6220852      -7.6128392      -5.2710002      -2.7943643
     -0.96692375
       2900.0000      -8.6220852      -7.6128392      -5.2710002      -2.7943643
     -0.96692375
       2905.0000      -8.2600002      -4.0050001      -2.2340000     -0.52999997
      0.34599999
       2905.5000      -9.1739998      -4.2440000      -2.3559999     -0.52200001
      0.34799999
       2910.0000      -9.1739998      -4.2440000      -2.3559999     -0.52200001
      0.34799999
       2995.0000      -8.3229325      -6.9912290      -4.9210001      -2.5380084
     -0.79616102
       3000.0000      -8.3229325      -6.9912290      -4.9210001      -2.5380084
     -0.79616102
       3005.0000      -7.6009998      -3.6500001      -1.9160000     -0.43099999
      0.36300001
       3005.5000      -8.3800001      -3.8369999      -2.0070000     -0.41600001
      0.37500000
       3010.0000      -8.3800001      -3.8369999      -2.0070000     -0.41600001
      0.37500000
       3095.0000      -8.0237798      -6.3696188      -4.5710000      -2.2816525
     -0.62539828
       3100.0000      -8.0237798      -6.3696188      -4.5710000      -2.2816525
     -0.62539828
       3105.0000      -7.0240002      -3.3210001      -1.6330000     -0.33500001
      0.38100001
       3105.5000      -7.6719999      -3.4830000      -1.7070000     -0.32600001
      0.38800001
       3110.0000      -7.6719999      -3.4830000      -1.7070000     -0.32600001
      0.38800001
       3195.0000      -7.5638689      -5.6337925      -3.9417814      -1.8894808
     -0.41520763
       3200.0000      -7.5638689      -5.6337925      -3.9417814      -1.8894808
     -0.41520763
       3205.0000      -6.5580001      -3.0520000      -1.4040000     -0.25900000
      0.38800001
       3205.5000      -7.0560002      -3.1700001      -1.4440000     -0.24200000
      0.40000001
       3210.0000      -7.0560002      -3.1700001      -1.4440000     -0.24200000
      0.40000001
       3295.0000      -7.0474753      -4.8578362      -3.2144590      -1.4495901
     -0.19116394
       3300.0000      -7.0474753      -4.8578362      -3.2144590      -1.4495901
     -0.19116394
       3305.0000      -6.1520000      -2.8060000      -1.2020000     -0.18600000
      0.40000001
       3305.5000      -6.5359998      -2.8970001      -1.2240000     -0.17000000
      0.40700001
       3310.0000      -6.5359998      -2.8970001      -1.2240000     -0.17000000
      0.40700001
       3395.0000      -6.6173440      -4.0374320      -2.4770560     -0.98120798
    -0.033408002
       3400.0000      -6.6173440      -4.0374320      -2.4770560     -0.98120798
    -0.033408002
       3405.0000      -5.8169999      -2.5950000      -1.0319999     -0.12200000
      0.40700001
       3405.5000      -6.0939999      -2.6630001      -1.0400000     -0.10800000
      0.41299999
       3410.0000      -6.0939999      -2.6630001      -1.0400000     -0.10800000
      0.41299999
       3495.0000      -6.9549999      -2.9460001      -1.2440000     -0.38999999
      0.15899999
       3500.0000      -6.9549999      -2.9460001      -1.2440000     -0.38999999
      0.15899999
       3500.5000      -6.5359998      -2.8429999      -1.2470000     -0.37700000
      0.18000001
       3501.0000      -6.1300001      -2.7460001      -1.2410001     -0.35499999
      0.20800000
       3501.5000      -5.7560000      -2.6510000      -1.2230000     -0.32300001
      0.24500000
       3502.0000      -5.4229999      -2.5530000      -1.1870000     -0.28099999
      0.28700000
       3502.5000      -5.1380000      -2.4530001      -1.1350000     -0.23100001
      0.33399999
       3503.0000      -4.9159999      -2.3559999      -1.0570000     -0.16800000
      0.38699999
       3503.5000      -4.7519999      -2.2670000     -0.94499999    -0.090999998
      0.44299999
       3504.0000      -4.6640000      -2.2010000     -0.83200002    -0.028999999
      0.47799999
       3504.5000      -4.6760001      -2.1840000     -0.75500000    0.0089999996
      0.49200001
       3505.0000      -4.7729998      -2.2110000     -0.71200001     0.030999999
      0.49700001
       3505.5000      -4.7729998      -2.2110000     -0.71200001     0.030999999
      0.49700001
       3506.0000      -4.7729998      -2.2110000     -0.71200001     0.030999999
      0.49700001
       3510.0000      -4.7729998      -2.2110000     -0.71200001     0.030999999
      0.49700001
       3595.0000      -5.2900000      -2.2420001     -0.75300002    -0.015000000
      0.41400000
       3605.0000      -5.2900000      -2.2420001     -0.75300002    -0.015000000
      0.41400000
       3605.5000      -5.3959999      -2.2770000     -0.74900001   -0.0020000001
      0.41800001
       3610.0000      -5.3959999      -2.2770000     -0.74900001   -0.0020000001
      0.41800001
       3695.0000      -5.0799999      -2.1020000     -0.64600003     0.021000000
      0.40599999
       3705.0000      -5.0799999      -2.1020000     -0.64600003     0.021000000
      0.40599999
       3705.5000      -5.1370001      -2.1180000     -0.63400000     0.041999999
      0.42100000
       3710.0000      -5.1370001      -2.1180000     -0.63400000     0.041999999
      0.42100000
       3745.0000      -6.2919998      -2.2969999     -0.73699999     -0.15400000
      0.22400001
       3750.0000      -6.2919998      -2.2969999     -0.73699999     -0.15400000
      0.22400001
       3750.5000      -5.9349999      -2.2309999     -0.73400003     -0.15700001
      0.22200000
       3751.0000      -5.6120000      -2.1840000     -0.73600000     -0.15700001
      0.22600000
       3751.5000      -5.3239999      -2.1450000     -0.73799998     -0.15099999
      0.23899999
       3752.0000      -5.0660000      -2.1040001     -0.73500001     -0.13699999
      0.25900000
       3752.5000      -4.8379998      -2.0569999     -0.72399998     -0.11600000
      0.28700000
       3753.0000      -4.6570001      -2.0090001     -0.70200002    -0.086000003
      0.32100001
       3753.5000      -4.5219998      -1.9670000     -0.66200000    -0.039999999
      0.36500001
       3754.0000      -4.4020000      -1.9230000     -0.60000002     0.017000001
      0.41100001
       3754.5000      -4.3270001      -1.8890001     -0.54299998     0.063000001
      0.44200000
       3755.0000      -4.3280001      -1.8880000     -0.50599998     0.090999998
      0.45899999
       3760.0000      -4.3280001      -1.8880000     -0.50599998     0.090999998
      0.45899999
       3795.0000      -4.8800001      -1.9590000     -0.54200000     0.061999999
      0.40500000
       3805.0000      -4.8800001      -1.9590000     -0.54200000     0.061999999
      0.40500000
       3805.5000      -4.8870001      -1.9750000     -0.53500003     0.075999998
      0.41600001
       3810.0000      -4.8870001      -1.9750000     -0.53500003     0.075999998
      0.41600001
       3995.0000      -5.4380002      -1.8060000     -0.45800000    0.0010000000
      0.28999999
       4000.0000      -5.4380002      -1.8060000     -0.45800000    0.0010000000
      0.28999999
       4000.5000      -5.1139998      -1.7420000     -0.45699999   -0.0070000002
      0.27900001
       4001.0000      -4.8410001      -1.7050000     -0.46000001    -0.013000000
      0.27300000
       4001.5000      -4.6209998      -1.6870000     -0.46300000    -0.016000001
      0.27000001
       4002.0000      -4.4489999      -1.6780000     -0.46599999    -0.017000001
      0.27000001
       4002.5000      -4.3200002      -1.6730000     -0.46599999    -0.014000000
      0.27599999
       4003.0000      -4.2230000      -1.6680000     -0.46000001   -0.0040000002
      0.28799999
       4003.5000      -4.1580000      -1.6600000     -0.44700000     0.015000000
      0.31000000
       4004.0000      -4.1020002      -1.6540000     -0.42300001     0.052000001
      0.34799999
       4004.5000      -4.0310001      -1.6400000     -0.38999999     0.096000001
      0.38900000
       4005.0000      -3.9749999      -1.6280000     -0.35900000      0.13100000
      0.41900000
       4010.0000      -3.9749999      -1.6280000     -0.35900000      0.13100000
      0.41900000
       4245.0000      -4.6520000      -1.4560000     -0.26800001      0.11100000
      0.33600000
       4250.0000      -4.6520000      -1.4560000     -0.26800001      0.11100000
      0.33600000
       4250.5000      -4.3699999      -1.3910000     -0.27000001     0.097999997
      0.32200000
       4251.0000      -4.1320000      -1.3510000     -0.27500001     0.088000000
      0.31200001
       4251.5000      -3.9410000      -1.3279999     -0.28099999     0.082000002
      0.30599999
       4252.0000      -3.7930000      -1.3190000     -0.28700000     0.077000000
      0.30199999
       4252.5000      -3.6880000      -1.3180000     -0.29100001     0.075000003
      0.30000001
       4253.0000      -3.6250000      -1.3240000     -0.29300001     0.075000003
      0.30000001
       4253.5000      -3.6059999      -1.3360000     -0.29100001     0.079000004
      0.30399999
       4254.0000      -3.6180000      -1.3520000     -0.28400001     0.089000002
      0.31400001
       4254.5000      -3.6380000      -1.3710001     -0.26899999      0.11700000
      0.34200001
       4255.0000      -3.6300001      -1.3820000     -0.24800000      0.15200000
      0.37700000
       4260.0000      -3.6300001      -1.3820000     -0.24800000      0.15200000
      0.37700000
       4495.0000      -4.0070000      -1.1930000     -0.13200000      0.19100000
      0.36500001
       4500.0000      -4.0070000      -1.1930000     -0.13200000      0.19100000
      0.36500001
       4500.5000      -3.7730000      -1.1350000     -0.13500001      0.17500000
      0.34799999
       4501.0000      -3.5780001      -1.0980000     -0.14100000      0.16200000
      0.33700001
       4501.5000      -3.4210000      -1.0750000     -0.14800000      0.15300000
      0.32900000
       4502.0000      -3.2980001      -1.0630000     -0.15500000      0.14700000
      0.32300001
       4502.5000      -3.2070000      -1.0590000     -0.16100000      0.14200000
      0.31999999
       4503.0000      -3.1480000      -1.0599999     -0.16500001      0.14000000
      0.31799999
       4503.5000      -3.1250000      -1.0670000     -0.16599999      0.14000000
      0.31799999
       4504.0000      -3.1359999      -1.0810000     -0.16400000      0.14399999
      0.32100001
       4504.5000      -3.1740000      -1.1000000     -0.15899999      0.15300000
      0.32900000
       4505.0000      -3.2240000      -1.1260000     -0.14800000      0.17299999
      0.34799999
       4510.0000      -3.2240000      -1.1260000     -0.14800000      0.17299999
      0.34799999
       4745.0000      -3.4560001     -0.96799999    -0.037000000      0.24300000
      0.37599999
       4750.0000      -3.4560001     -0.96799999    -0.037000000      0.24300000
      0.37599999
       4750.5000      -3.2600000     -0.92299998    -0.041000001      0.22499999
      0.35800001
       4751.0000      -3.0960000     -0.89300001    -0.048000000      0.21100000
      0.34500000
       4751.5000      -2.9649999     -0.87400001    -0.055000000      0.20000000
      0.33500001
       4752.0000      -2.8650000     -0.86400002    -0.061999999      0.19200000
      0.32800001
       4752.5000      -2.7909999     -0.85900003    -0.068000004      0.18600000
      0.32400000
       4753.0000      -2.7409999     -0.85699999    -0.072999999      0.18200000
      0.31999999
       4753.5000      -2.7170000     -0.85799998    -0.075000003      0.18099999
      0.31900001
       4754.0000      -2.7200000     -0.86500001    -0.074000001      0.18300000
      0.31999999
       4754.5000      -2.7479999     -0.87599999    -0.071000002      0.18700001
      0.32400000
       4755.0000      -2.8030000     -0.89399999    -0.064999998      0.19599999
      0.33000001
       4760.0000      -2.8030000     -0.89399999    -0.064999998      0.19599999
      0.33000001
       4995.0000      -2.9690001     -0.76099998     0.030999999      0.26600000
      0.36600000
       5000.0000      -2.9690001     -0.76099998     0.030999999      0.26600000
      0.36600000
       5000.5000      -2.8080001     -0.73400003     0.023000000      0.24900000
      0.34900001
       5001.0000      -2.6680000     -0.71499997     0.015000000      0.23500000
      0.33500001
       5001.5000      -2.5539999     -0.70400000    0.0060000001      0.22300000
      0.32499999
       5002.0000      -2.4670000     -0.69800001   -0.0010000000      0.21400000
      0.31700000
       5002.5000      -2.4040000     -0.69499999   -0.0070000002      0.20700000
      0.31099999
       5003.0000      -2.3620000     -0.69499999    -0.012000000      0.20200001
      0.30700001
       5003.5000      -2.3420000     -0.69599998    -0.014000000      0.20000000
      0.30500001
       5004.0000      -2.3440001     -0.69800001    -0.013000000      0.20100001
      0.30500001
       5004.5000      -2.3659999     -0.70300001   -0.0099999998      0.20500000
      0.30800000
       5005.0000      -2.4089999     -0.71200001   -0.0049999999      0.21100000
      0.31200001
       5010.0000      -2.4089999     -0.71200001   -0.0049999999      0.21100000
      0.31200001
       5245.0000      -2.5539999     -0.57200003     0.078000002      0.26400000
      0.33899999
       5250.0000      -2.5539999     -0.57200003     0.078000002      0.26400000
      0.33899999
       5250.5000      -2.4270000     -0.56300002     0.067000002      0.25000000
      0.32300001
       5251.0000      -2.3120000     -0.55699998     0.057000000      0.23700000
      0.31000000
       5251.5000      -2.2130001     -0.55500001     0.046999998      0.22600000
      0.29899999
       5252.0000      -2.1359999     -0.55599999     0.039000001      0.21699999
      0.29100001
       5252.5000      -2.0769999     -0.55900002     0.032000002      0.20999999
      0.28500000
       5253.0000      -2.0369999     -0.56300002     0.027000001      0.20500000
      0.28099999
       5253.5000      -2.0160000     -0.56599998     0.025000000      0.20299999
      0.27800000
       5254.0000      -2.0150001     -0.56900001     0.025000000      0.20299999
      0.27800000
       5254.5000      -2.0330000     -0.57200003     0.028000001      0.20700000
      0.28099999
       5255.0000      -2.0669999     -0.57599998     0.034000002      0.21300000
      0.28500000
       5260.0000      -2.0669999     -0.57599998     0.034000002      0.21300000
      0.28500000
       5495.0000      -2.2270000     -0.40799999      0.10800000      0.24400000
      0.30000001
       5500.0000      -2.2270000     -0.40799999      0.10800000      0.24400000
      0.30000001
       5500.5000      -2.1280000     -0.41200000     0.096000001      0.23300000
      0.28500000
       5501.0000      -2.0309999     -0.41800001     0.083999999      0.22300000
      0.27300000
       5501.5000      -1.9460000     -0.42500001     0.072999999      0.21400000
      0.26199999
       5502.0000      -1.8740000     -0.43399999     0.064000003      0.20500000
      0.25400001
       5502.5000      -1.8170000     -0.44400001     0.055000000      0.19900000
      0.24800000
       5503.0000      -1.7750000     -0.45199999     0.048999999      0.19400001
      0.24300000
       5503.5000      -1.7480000     -0.46000001     0.045000002      0.19100000
      0.24100000
       5504.0000      -1.7390000     -0.46599999     0.045000002      0.19100000
      0.24100000
       5504.5000      -1.7480000     -0.47000000     0.048000000      0.19499999
      0.24300000
       5505.0000      -1.7720000     -0.47299999     0.054000001      0.20100001
      0.24800000
       5510.0000      -1.7720000     -0.47299999     0.054000001      0.20100001
      0.24800000
       5745.0000      -1.9770000     -0.26899999      0.12400000      0.21200000
      0.25500000
       5750.0000      -1.9770000     -0.26899999      0.12400000      0.21200000
      0.25500000
       5750.5000      -1.9050000     -0.28400001      0.11200000      0.20500000
      0.24100000
       5751.0000      -1.8260000     -0.29699999      0.10000000      0.19800000
      0.22900000
       5751.5000      -1.7500000     -0.31200001     0.089000002      0.19100000
      0.21900000
       5752.0000      -1.6810000     -0.32800001     0.078000002      0.18400000
      0.20999999
       5752.5000      -1.6230000     -0.34400001     0.068000004      0.17700000
      0.20299999
       5753.0000      -1.5770000     -0.35900000     0.059999999      0.17200001
      0.19800000
       5753.5000      -1.5420001     -0.37099999     0.054000001      0.16900000
      0.19499999
       5754.0000      -1.5230000     -0.38100001     0.052000001      0.16800000
      0.19499999
       5754.5000      -1.5180000     -0.38800001     0.054000001      0.17100000
      0.19700000
       5755.0000      -1.5300000     -0.39199999     0.059000000      0.17700000
      0.20200001
       5760.0000      -1.5300000     -0.39199999     0.059000000      0.17700000
      0.20200001
       5995.0000      -1.7770000     -0.15200000      0.12700000      0.16900000
      0.20500000
       6000.0000      -1.7770000     -0.15200000      0.12700000      0.16900000
      0.20500000
       6000.5000      -1.7359999     -0.17399999      0.11900000      0.16900000
      0.19400001
       6001.0000      -1.6760000     -0.19400001      0.10900000      0.16599999
      0.18300000
       6001.5000      -1.6120000     -0.21500000     0.097000003      0.16100000
      0.17200001
       6002.0000      -1.5490000     -0.23600000     0.085000001      0.15600000
      0.16300000
       6002.5000      -1.4900000     -0.25799999     0.074000001      0.15000001
      0.15500000
       6003.0000      -1.4390000     -0.27800000     0.064000003      0.14399999
      0.14900000
       6003.5000      -1.3960000     -0.29699999     0.055000000      0.14000000
      0.14500000
       6004.0000      -1.3640000     -0.31099999     0.050999999      0.13800000
      0.14300001
       6004.5000      -1.3460000     -0.32200000     0.050000001      0.14000000
      0.14500000
       6005.0000      -1.3430001     -0.32900000     0.054000001      0.14500000
      0.15000001
       6010.0000      -1.3430001     -0.32900000     0.054000001      0.14500000
      0.15000001
       6245.0000      -1.5970000    -0.079000004      0.11500000      0.12400000
      0.14300001
       6250.5000      -1.5970000    -0.079000004      0.11500000      0.12400000
      0.14300001
       6251.0000      -1.5610000     -0.10400000      0.10900000      0.12700000
      0.13400000
       6251.5000      -1.5110000     -0.12899999      0.10000000      0.12600000
      0.12400000
       6252.0000      -1.4570000     -0.15500000     0.088000000      0.12300000
      0.11400000
       6252.5000      -1.4010000     -0.18200000     0.075999998      0.11900000
      0.10600000
       6253.0000      -1.3470000     -0.20800000     0.063000001      0.11300000
     0.097999997
       6253.5000      -1.2980000     -0.23199999     0.052000001      0.10800000
     0.093000002
       6254.0000      -1.2550000     -0.25299999     0.044000000      0.10400000
     0.089000002
       6254.5000      -1.2230000     -0.26899999     0.039999999      0.10400000
     0.089000002
       6255.0000      -1.2050000     -0.28000000     0.041000001      0.10800000
     0.093000002
       6260.0000      -1.2050000     -0.28000000     0.041000001      0.10800000
     0.093000002
       6495.0000      -1.4760000    0.0040000002      0.10100000     0.071000002
     0.088000000
       6500.5000      -1.4760000    0.0040000002      0.10100000     0.071000002
     0.088000000
       6501.0000      -1.4660000    -0.025000000      0.10100000     0.081000000
     0.082000002
       6501.5000      -1.4330000    -0.054000001     0.096000001     0.086000003
     0.074000001
       6502.0000      -1.3890001    -0.083999999     0.086000003     0.086000003
     0.064000003
       6502.5000      -1.3390000     -0.11500000     0.074000001     0.083999999
     0.055000000
       6503.0000      -1.2869999     -0.14600000     0.059999999     0.079000004
     0.046999998
       6503.5000      -1.2350000     -0.17500000     0.046999998     0.072999999
     0.039999999
       6504.0000      -1.1860000     -0.20200001     0.035000000     0.068000004
     0.034000002
       6504.5000      -1.1420000     -0.22400001     0.027000001     0.066000000
     0.032000002
       6505.0000      -1.1090000     -0.23999999     0.024000000     0.067000002
     0.034000002
       6510.0000      -1.1090000     -0.23999999     0.024000000     0.067000002
     0.034000002
       6745.0000      -1.3720000     0.067000002     0.086000003     0.018999999
     0.033000000
       6750.5000      -1.3720000     0.067000002     0.086000003     0.018999999
     0.033000000
       6751.0000      -1.3789999     0.045000002     0.083999999     0.028000001
     0.025000000
       6751.5000      -1.3670000     0.012000000     0.085000001     0.039000001
     0.020000000
       6752.0000      -1.3360000    -0.021000000     0.079000004     0.045000002
     0.013000000
       6752.5000      -1.2950000    -0.055000000     0.068000004     0.045000002
    0.0030000000
       6753.0000      -1.2480000    -0.090000004     0.055000000     0.041999999
   -0.0060000001
       6753.5000      -1.1960000     -0.12400000     0.039999999     0.037000000
    -0.014000000
       6754.0000      -1.1440001     -0.15700001     0.025000000     0.030999999
    -0.021000000
       6754.5000      -1.0930001     -0.18500000     0.013000000     0.026000001
    -0.025000000
       6755.0000      -1.0480000     -0.20700000    0.0049999999     0.025000000
    -0.026000001
       6760.0000      -1.0480000     -0.20700000    0.0049999999     0.025000000
    -0.026000001
       6995.0000      -1.2760000      0.11300000     0.068999998    -0.032000002
    -0.020000000
       7000.5000      -1.2760000      0.11300000     0.068999998    -0.032000002
    -0.020000000
       7001.0000      -1.2990000     0.097000003     0.066000000    -0.024000000
    -0.028999999
       7001.5000      -1.3049999     0.071000002     0.064999998    -0.014000000
    -0.037000000
       7002.0000      -1.2910000     0.035999998     0.064999998   -0.0030000000
    -0.041999999
       7002.5000      -1.2610000   -0.0020000001     0.057999998    0.0030000000
    -0.050000001
       7003.0000      -1.2200000    -0.039999999     0.046000000    0.0030000000
    -0.059000000
       7003.5000      -1.1720001    -0.078000002     0.029999999   -0.0010000000
    -0.068000004
       7004.0000      -1.1200000     -0.11500000     0.014000000   -0.0070000002
    -0.075999998
       7004.5000      -1.0650001     -0.14900000   -0.0010000000    -0.013000000
    -0.082000002
       7005.0000      -1.0130000     -0.17800000    -0.014000000    -0.017000001
    -0.085000001
       7010.0000      -1.0130000     -0.17800000    -0.014000000    -0.017000001
    -0.085000001
       7245.0000      -1.1910000      0.13800000     0.052000001    -0.078000002
    -0.071999997
       7250.5000      -1.1910000      0.13800000     0.052000001    -0.078000002
    -0.071999997
       7251.0000      -1.2240000      0.13300000     0.046000000    -0.074000001
    -0.082000002
       7251.5000      -1.2450000      0.11300000     0.045000002    -0.064999998
    -0.092000000
       7252.0000      -1.2480000     0.085000001     0.043000001    -0.056000002
     -0.10000000
       7252.5000      -1.2309999     0.046000000     0.041999999    -0.044000000
     -0.10600000
       7253.0000      -1.1990000    0.0040000002     0.033000000    -0.039999999
     -0.11300000
       7253.5000      -1.1569999    -0.037000000     0.018999999    -0.041000001
     -0.12200000
       7254.0000      -1.1070000    -0.078000002    0.0020000001    -0.046000000
     -0.13100000
       7254.5000      -1.0520000     -0.11700000    -0.016000001    -0.052000001
     -0.13800000
       7255.0000     -0.99599999     -0.15099999    -0.030999999    -0.057999998
     -0.14300001
       7260.0000     -0.99599999     -0.15099999    -0.030999999    -0.057999998
     -0.14300001
       7495.0000      -1.1150000      0.12700000     0.037999999     -0.11100000
     -0.12000000
       7500.5000      -1.1150000      0.12700000     0.037999999     -0.11100000
     -0.12000000
       7501.0000      -1.1490000      0.15099999     0.023000000     -0.12300000
     -0.13600001
       7501.5000      -1.1830000      0.14000000     0.022000000     -0.11500000
     -0.14600000
       7502.0000      -1.2010000      0.11700000     0.020000000     -0.10600000
     -0.15600000
       7502.5000      -1.2010000     0.086000003     0.017000001    -0.097000003
     -0.16400000
       7503.0000      -1.1810000     0.044000000     0.015000000    -0.086999997
     -0.17000000
       7503.5000      -1.1460000      -0.0000000    0.0040000002    -0.083999999
     -0.17800000
       7504.0000      -1.1010000    -0.044000000    -0.012000000    -0.086000003
     -0.18600000
       7504.5000      -1.0480000    -0.086999997    -0.030999999    -0.092000000
     -0.19400001
       7505.0000     -0.99000001     -0.12700000    -0.048999999    -0.097999997
     -0.20000000
       7510.0000     -0.99000001     -0.12700000    -0.048999999    -0.097999997
     -0.20000000
       7745.0000      -1.0800000      0.14900000   -0.0040000002     -0.16900000
     -0.19100000
       7751.0000      -1.0800000      0.14900000   -0.0040000002     -0.16900000
     -0.19100000
       7751.5000      -1.1210001      0.15099999   -0.0060000001     -0.16599999
     -0.20200001
       7752.0000      -1.1530000      0.13600001   -0.0060000001     -0.15700001
     -0.21200000
       7752.5000      -1.1670001      0.11100000   -0.0080000004     -0.14800000
     -0.22200000
       7753.0000      -1.1610000     0.075999998    -0.012000000     -0.13900000
     -0.23000000
       7753.5000      -1.1360000     0.030999999    -0.016000001     -0.13100000
     -0.23600000
       7754.0000      -1.0980000    -0.015000000    -0.029999999     -0.13000000
     -0.24300000
       7754.5000      -1.0490000    -0.061000001    -0.046999998     -0.13300000
     -0.25099999
       7755.0000     -0.99299997     -0.10400000    -0.067000002     -0.13900000
     -0.25700000
       7760.0000     -0.99299997     -0.10400000    -0.067000002     -0.13900000
     -0.25700000
       7995.0000      -1.0160000      0.11800000    -0.035999998     -0.21100000
     -0.24800000
       8001.0000      -1.0160000      0.11800000    -0.035999998     -0.21100000
     -0.24800000
       8001.5000      -1.0599999      0.14500000    -0.039999999     -0.21699999
     -0.25900000
       8002.0000      -1.1010000      0.14000000    -0.039000001     -0.20900001
     -0.26899999
       8002.5000      -1.1270000      0.12100000    -0.037999999     -0.20000000
     -0.27900001
       8003.0000      -1.1360000     0.093000002    -0.041000001     -0.19200000
     -0.28900000
       8003.5000      -1.1260000     0.056000002    -0.045000002     -0.18400000
     -0.29699999
       8004.0000      -1.0950000    0.0099999998    -0.052000001     -0.17700000
     -0.30199999
       8004.5000      -1.0520000    -0.037999999    -0.067000002     -0.17700000
     -0.30800000
       8005.0000      -1.0000000    -0.085000001    -0.086000003     -0.18200000
     -0.31500000
       8010.0000      -1.0000000    -0.085000001    -0.086000003     -0.18200000
     -0.31500000
       8245.0000     -0.96100003     0.057000000    -0.078000002     -0.25200000
     -0.31400001
       8251.0000     -0.96100003     0.057000000    -0.078000002     -0.25200000
     -0.31400001
       8251.5000      -1.0080000      0.12100000    -0.079000004     -0.26800001
     -0.31900001
       8252.0000      -1.0520000      0.12800001    -0.077000000     -0.26400000
     -0.33000001
       8252.5000      -1.0870000      0.11800000    -0.075000003     -0.25500000
     -0.34000000
       8253.0000      -1.1080000     0.096000001    -0.075000003     -0.24600001
     -0.34900001
       8253.5000      -1.1109999     0.067000002    -0.078000002     -0.23800001
     -0.35800001
       8254.0000      -1.0920000     0.026000001    -0.082000002     -0.23000000
     -0.36399999
       8254.5000      -1.0560000    -0.021000000    -0.090999998     -0.22400001
     -0.36700001
       8255.0000      -1.0080000    -0.068999998     -0.10800000     -0.22499999
     -0.37300000
       8260.0000      -1.0080000    -0.068999998     -0.10800000     -0.22499999
     -0.37300000
       8495.0000     -0.96700001     0.082000002     -0.12200000     -0.31900001
     -0.38200000
       8501.5000     -0.96700001     0.082000002     -0.12200000     -0.31900001
     -0.38200000
       8502.0000      -1.0120000      0.10300000     -0.12100000     -0.31900001
     -0.39199999
       8502.5000      -1.0520000      0.10000000     -0.11800000     -0.31200001
     -0.40200001
       8503.0000      -1.0800000     0.085000001     -0.11600000     -0.30300000
     -0.41100001
       8503.5000      -1.0920000     0.061999999     -0.11600000     -0.29400000
     -0.41999999
       8504.0000      -1.0870000     0.030999999     -0.12000000     -0.28600001
     -0.42699999
       8504.5000      -1.0599999    -0.011000000     -0.12300000     -0.27700001
     -0.43000001
       8505.0000      -1.0170000    -0.057999998     -0.13400000     -0.27200001
     -0.43300000
       8510.0000      -1.0170000    -0.057999998     -0.13400000     -0.27200001
     -0.43300000
       8745.0000     -0.93000001     0.033000000     -0.17100000     -0.37000000
     -0.44800001
       8751.5000     -0.93000001     0.033000000     -0.17100000     -0.37000000
     -0.44800001
       8752.0000     -0.97799999     0.067000002     -0.16800000     -0.37500000
     -0.45600000
       8752.5000      -1.0210000     0.071000002     -0.16500001     -0.37000000
     -0.46599999
       8753.0000      -1.0560000     0.063000001     -0.16200000     -0.36199999
     -0.47600001
       8753.5000      -1.0760000     0.045000002     -0.16000000     -0.35200000
     -0.48500001
       8754.0000      -1.0800000     0.020000000     -0.16100000     -0.34400001
     -0.49200001
       8754.5000      -1.0640000    -0.013000000     -0.16400000     -0.33500001
     -0.49599999
       8755.0000      -1.0260000    -0.054000001     -0.16599999     -0.32499999
     -0.49500000
       8760.0000      -1.0260000    -0.054000001     -0.16599999     -0.32499999
     -0.49500000
       8995.0000     -0.89899999    -0.021000000     -0.22300000     -0.42300001
     -0.51800001
       9001.5000     -0.89899999    -0.021000000     -0.22300000     -0.42300001
     -0.51800001
       9002.0000     -0.95200002     0.025000000     -0.21699999     -0.43000001
     -0.52100003
       9002.5000     -0.99699998     0.035999998     -0.21400000     -0.42899999
     -0.53100002
       9003.0000      -1.0369999     0.032000002     -0.21200000     -0.42199999
     -0.54200000
       9003.5000      -1.0640000     0.018999999     -0.20900001     -0.41299999
     -0.55100000
       9004.0000      -1.0740000   -0.0010000000     -0.20700000     -0.40400001
     -0.55800003
       9004.5000      -1.0670000    -0.028000001     -0.20900001     -0.39500001
     -0.56300002
       9005.0000      -1.0390000    -0.063000001     -0.20999999     -0.38400000
     -0.56300002
       9010.0000      -1.0390000    -0.063000001     -0.20999999     -0.38400000
     -0.56300002
       9245.0000     -0.93000001    -0.022000000     -0.26699999     -0.48500001
     -0.58600003
       9252.0000     -0.93000001    -0.022000000     -0.26699999     -0.48500001
     -0.58600003
       9252.5000     -0.97799999   -0.0049999999     -0.26499999     -0.48600000
     -0.59600002
       9253.0000      -1.0210000   -0.0049999999     -0.26300001     -0.48199999
     -0.60799998
       9253.5000      -1.0530000    -0.014000000     -0.25999999     -0.47499999
     -0.61699998
       9254.0000      -1.0700001    -0.029999999     -0.25799999     -0.46599999
     -0.62500000
       9254.5000      -1.0700001    -0.052999999     -0.25700000     -0.45600000
     -0.63000000
       9255.0000      -1.0510000    -0.082000002     -0.25799999     -0.44600001
     -0.63200003
       9260.0000      -1.0510000    -0.082000002     -0.25799999     -0.44600001
     -0.63200003
       9495.0000     -0.91200000    -0.070000000     -0.31900001     -0.54000002
     -0.65200001
       9502.0000     -0.91200000    -0.070000000     -0.31900001     -0.54000002
     -0.65200001
       9502.5000     -0.96200001    -0.048999999     -0.31700000     -0.54299998
     -0.66000003
       9503.0000      -1.0060000    -0.046000000     -0.31500000     -0.54100001
     -0.67199999
       9503.5000      -1.0430000    -0.052999999     -0.31299999     -0.53600001
     -0.68300003
       9504.0000      -1.0670000    -0.064999998     -0.31099999     -0.52800000
     -0.69199997
       9504.5000      -1.0740000    -0.083999999     -0.30800000     -0.51800001
     -0.69800001
       9505.0000      -1.0630000     -0.10900000     -0.30800000     -0.50800002
     -0.69999999
       9510.0000      -1.0630000     -0.10900000     -0.30800000     -0.50800002
     -0.69999999
       9745.0000     -0.89899999     -0.11900000     -0.37099999     -0.59500003
     -0.71799999
       9752.0000     -0.89899999     -0.11900000     -0.37099999     -0.59500003
     -0.71799999
       9752.5000     -0.95099998    -0.096000001     -0.36899999     -0.59899998
     -0.72500002
       9753.0000     -0.99599999    -0.090000004     -0.36800000     -0.60000002
     -0.73600000
       9753.5000      -1.0350000    -0.093999997     -0.36600000     -0.59600002
     -0.74800003
       9754.0000      -1.0640000     -0.10500000     -0.36399999     -0.58899999
     -0.75800002
       9754.5000      -1.0790000     -0.12000000     -0.36199999     -0.57999998
     -0.76499999
       9755.0000      -1.0740000     -0.14200000     -0.36000001     -0.57099998
     -0.76800001
       9760.0000      -1.0740000     -0.14200000     -0.36000001     -0.57099998
     -0.76800001
       9995.0000     -0.88900000     -0.16700000     -0.42300001     -0.64899999
     -0.78299999
       10002.000     -0.88900000     -0.16700000     -0.42300001     -0.64899999
     -0.78299999
       10002.500     -0.94199997     -0.14300001     -0.42100000     -0.65499997
     -0.78899997
       10003.000     -0.98900002     -0.13600001     -0.42100000     -0.65700001
     -0.80000001
       10003.500      -1.0310000     -0.13800000     -0.41999999     -0.65499997
     -0.81300002
       10004.000      -1.0620000     -0.14700000     -0.41800001     -0.64999998
     -0.82300001
       10004.500      -1.0810000     -0.16000000     -0.41499999     -0.64200002
     -0.83099997
       10005.000      -1.0829999     -0.17800000     -0.41299999     -0.63200003
     -0.83399999
       10010.000      -1.0829999     -0.17800000     -0.41299999     -0.63200003
     -0.83399999
       10245.000     -0.88200003     -0.21600001     -0.47499999     -0.70400000
     -0.84700000
       10252.000     -0.88200003     -0.21600001     -0.47499999     -0.70400000
     -0.84700000
       10252.500     -0.93699998     -0.19000000     -0.47299999     -0.70999998
     -0.85299999
       10253.000     -0.98500001     -0.18200000     -0.47299999     -0.71399999
     -0.86400002
       10253.500      -1.0270000     -0.18400000     -0.47400001     -0.71399999
     -0.87599999
       10254.000      -1.0620000     -0.19100000     -0.47299999     -0.70999998
     -0.88700002
       10254.500      -1.0840000     -0.20200001     -0.47000000     -0.70300001
     -0.89499998
       10255.000      -1.0920000     -0.21799999     -0.46700001     -0.69400001
     -0.89999998
       10260.000      -1.0920000     -0.21799999     -0.46700001     -0.69400001
     -0.89999998
       10495.000     -0.87900001     -0.26499999     -0.52800000     -0.75800002
     -0.91100001
       10502.000     -0.87900001     -0.26499999     -0.52800000     -0.75800002
     -0.91100001
       10502.500     -0.93500000     -0.23800001     -0.52499998     -0.76499999
     -0.91600001
       10503.000     -0.98400003     -0.22900000     -0.52600002     -0.76999998
     -0.92600000
       10503.500      -1.0270000     -0.23000000     -0.52700001     -0.77100003
     -0.93800002
       10504.000      -1.0620000     -0.23600000     -0.52700001     -0.76899999
     -0.94999999
       10504.500      -1.0880001     -0.24600001     -0.52499998     -0.76300001
     -0.95899999
       10505.000      -1.1010000     -0.25999999     -0.52200001     -0.75500000
     -0.96499997
       10510.000      -1.1010000     -0.25999999     -0.52200001     -0.75500000
     -0.96499997
       10745.000     -0.87900001     -0.31299999     -0.57999998     -0.81300002
     -0.97399998
       10752.000     -0.87900001     -0.31299999     -0.57999998     -0.81300002
     -0.97399998
       10752.500     -0.93500000     -0.28600001     -0.57599998     -0.81900001
     -0.97799999
       10753.000     -0.98500001     -0.27700001     -0.57800001     -0.82499999
     -0.98799998
       10753.500      -1.0280000     -0.27700001     -0.57999998     -0.82800001
      -1.0010000
       10754.000      -1.0650001     -0.28200001     -0.57999998     -0.82700002
      -1.0120000
       10754.500      -1.0930001     -0.29100001     -0.57900000     -0.82300001
      -1.0220000
       10755.000      -1.1090000     -0.30300000     -0.57599998     -0.81599998
      -1.0290000
       10760.000      -1.1090000     -0.30300000     -0.57599998     -0.81599998
      -1.0290000
       10995.000     -0.88300002     -0.36100000     -0.63200003     -0.86799997
      -1.0360000
       11002.000     -0.88300002     -0.36100000     -0.63200003     -0.86799997
      -1.0360000
       11002.500     -0.93900001     -0.33300000     -0.62800002     -0.87300003
      -1.0400000
       11003.000     -0.98799998     -0.32400000     -0.62900001     -0.87900001
      -1.0500000
       11003.500      -1.0319999     -0.32400000     -0.63200003     -0.88300002
      -1.0620000
       11004.000      -1.0700001     -0.32900000     -0.63300002     -0.88400000
      -1.0740000
       11004.500      -1.0990000     -0.33700001     -0.63300002     -0.88099998
      -1.0840000
       11005.000      -1.1180000     -0.34799999     -0.63099998     -0.87500000
      -1.0910000
       11010.000      -1.1180000     -0.34799999     -0.63099998     -0.87500000
      -1.0910000
       11245.000     -0.88999999     -0.40900001     -0.68400002     -0.92199999
      -1.0970000
       11252.000     -0.88999999     -0.40900001     -0.68400002     -0.92199999
      -1.0970000
       11252.500     -0.94499999     -0.38000000     -0.67900002     -0.92699999
      -1.1000000
       11253.000     -0.99400002     -0.37099999     -0.68099999     -0.93400002
      -1.1100000
       11253.500      -1.0380000     -0.37099999     -0.68400002     -0.93800002
      -1.1220000
       11254.000      -1.0760000     -0.37599999     -0.68599999     -0.94000000
      -1.1339999
       11254.500      -1.1070000     -0.38299999     -0.68699998     -0.93900001
      -1.1450000
       11255.000      -1.1270000     -0.39300001     -0.68500000     -0.93400002
      -1.1520000
       11260.000      -1.1270000     -0.39300001     -0.68500000     -0.93400002
      -1.1520000
       11495.000     -0.89899999     -0.45699999     -0.73600000     -0.97600001
      -1.1580000
       11502.000     -0.89899999     -0.45699999     -0.73600000     -0.97600001
      -1.1580000
       11502.500     -0.95400000     -0.42800000     -0.73000002     -0.98100001
      -1.1610000
       11503.000      -1.0030000     -0.41800001     -0.73199999     -0.98699999
      -1.1700000
       11503.500      -1.0460000     -0.41800001     -0.73500001     -0.99299997
      -1.1820000
       11504.000      -1.0850000     -0.42199999     -0.73799998     -0.99599999
      -1.1940000
       11504.500      -1.1160001     -0.43000001     -0.73900002     -0.99500000
      -1.2050000
       11505.000      -1.1380000     -0.43900001     -0.73799998     -0.99100000
      -1.2130001
       11510.000      -1.1380000     -0.43900001     -0.73799998     -0.99100000
      -1.2130001
       11745.000     -0.91100001     -0.50500000     -0.78700000      -1.0300000
      -1.2180001
       11752.000     -0.91100001     -0.50500000     -0.78700000      -1.0300000
      -1.2180001
       11752.500     -0.96499997     -0.47400001     -0.78100002      -1.0340000
      -1.2200000
       11753.000      -1.0130000     -0.46500000     -0.78299999      -1.0410000
      -1.2300000
       11753.500      -1.0570000     -0.46500000     -0.78700000      -1.0460000
      -1.2420000
       11754.000      -1.0950000     -0.46900001     -0.79000002      -1.0500000
      -1.2539999
       11754.500      -1.1270000     -0.47600001     -0.79200000      -1.0510000
      -1.2640001
       11755.000      -1.1490000     -0.48500001     -0.79100001      -1.0480000
      -1.2720000
       11760.000      -1.1490000     -0.48500001     -0.79100001      -1.0480000
      -1.2720000
       11995.000     -0.97799999     -0.52100003     -0.83200002      -1.0880001
      -1.2790000
       12002.500     -0.97799999     -0.52100003     -0.83200002      -1.0880001
      -1.2790000
       12003.000      -1.0250000     -0.51099998     -0.83399999      -1.0940000
      -1.2880000
       12003.500      -1.0680000     -0.51099998     -0.83700001      -1.1000000
      -1.3000000
       12004.000      -1.1070000     -0.51499999     -0.84100002      -1.1040000
      -1.3120000
       12004.500      -1.1390001     -0.52200001     -0.84299999      -1.1050000
      -1.3230000
       12005.000      -1.1619999     -0.53100002     -0.84299999      -1.1040000
      -1.3310000
       12010.000      -1.1619999     -0.53100002     -0.84299999      -1.1040000
      -1.3310000
       12245.000     -0.99299997     -0.56699997     -0.88200003      -1.1400000
      -1.3370000
       12252.500     -0.99299997     -0.56699997     -0.88200003      -1.1400000
      -1.3370000
       12253.000      -1.0390000     -0.55800003     -0.88400000      -1.1470000
      -1.3460000
       12253.500      -1.0820000     -0.55699998     -0.88800001      -1.1520000
      -1.3570000
       12254.000      -1.1200000     -0.56199998     -0.89099997      -1.1569999
      -1.3690000
       12254.500      -1.1520000     -0.56800002     -0.89399999      -1.1590000
      -1.3800000
       12255.000      -1.1760000     -0.57700002     -0.89499998      -1.1580000
      -1.3890001
       12260.000      -1.1760000     -0.57700002     -0.89499998      -1.1580000
      -1.3890001
       12495.000      -1.0089999     -0.61299998     -0.93199998      -1.1930000
      -1.3940001
       12502.500      -1.0089999     -0.61299998     -0.93199998      -1.1930000
      -1.3940001
       12503.000      -1.0549999     -0.60299999     -0.93400002      -1.1990000
      -1.4030000
       12503.500      -1.0970000     -0.60299999     -0.93699998      -1.2050000
      -1.4140000
       12504.000      -1.1339999     -0.60699999     -0.94099998      -1.2090000
      -1.4260000
       12504.500      -1.1660000     -0.61400002     -0.94400001      -1.2120000
      -1.4370000
       12505.000      -1.1910000     -0.62199998     -0.94599998      -1.2120000
      -1.4460000
       12510.000      -1.1910000     -0.62199998     -0.94599998      -1.2120000
      -1.4460000
       12745.000      -1.0260000     -0.65799999     -0.98100001      -1.2440000
      -1.4500000
       12752.500      -1.0260000     -0.65799999     -0.98100001      -1.2440000
      -1.4500000
       12753.000      -1.0720000     -0.64899999     -0.98299998      -1.2510000
      -1.4590000
       12753.500      -1.1130000     -0.64899999     -0.98699999      -1.2570000
      -1.4700000
       12754.000      -1.1500000     -0.65300000     -0.99100000      -1.2610000
      -1.4820000
       12754.500      -1.1820000     -0.65899998     -0.99400002      -1.2640001
      -1.4930000
       12755.000      -1.2070000     -0.66799998     -0.99599999      -1.2650000
      -1.5020000
       12760.000      -1.2070000     -0.66799998     -0.99599999      -1.2650000
      -1.5020000
       12995.000      -1.0450000     -0.70300001      -1.0300000      -1.2960000
      -1.5060000
       13002.500      -1.0450000     -0.70300001      -1.0300000      -1.2960000
      -1.5060000
       13003.000      -1.0900000     -0.69400001      -1.0319999      -1.3020000
      -1.5150000
       13003.500      -1.1310000     -0.69400001      -1.0360000      -1.3080000
      -1.5260000
       13004.000      -1.1670001     -0.69800001      -1.0400000      -1.3130000
      -1.5369999
       13004.500      -1.1980000     -0.70400000      -1.0430000      -1.3160000
      -1.5480000
       13005.000      -1.2230000     -0.71200001      -1.0450000      -1.3170000
      -1.5570000
       13010.000      -1.2230000     -0.71200001      -1.0450000      -1.3170000
      -1.5570000
       13995.000      -1.0590000     -0.90700001      -1.2220000      -1.4850000
      -1.7160000
       14002.000      -1.0590000     -0.90700001      -1.2220000      -1.4850000
      -1.7160000
       14002.500      -1.1220000     -0.87500000      -1.2180001      -1.4920000
      -1.7190000
       14003.000      -1.1710000     -0.86799997      -1.2220000      -1.5010000
      -1.7290000
       14003.500      -1.2100000     -0.86900002      -1.2260000      -1.5070000
      -1.7400000
       14004.000      -1.2430000     -0.87300003      -1.2300000      -1.5120000
      -1.7510000
       14004.500      -1.2720000     -0.87900001      -1.2340000      -1.5150000
      -1.7610000
       14005.000      -1.2960000     -0.88700002      -1.2359999      -1.5170000
      -1.7700000
       14010.000      -1.2960000     -0.88700002      -1.2359999      -1.5170000
      -1.7700000
       14995.000      -1.2020000      -1.0360000      -1.3930000      -1.6770000
      -1.9170001
       15002.500      -1.2020000      -1.0360000      -1.3930000      -1.6770000
      -1.9170001
       15003.000      -1.2550000      -1.0319999      -1.4000000      -1.6880000
      -1.9299999
       15003.500      -1.2960000      -1.0350000      -1.4069999      -1.6970000
      -1.9420000
       15004.000      -1.3279999      -1.0400000      -1.4119999      -1.7020000
      -1.9520000
       15004.500      -1.3550000      -1.0470001      -1.4150000      -1.7050000
      -1.9620000
       15005.000      -1.3760000      -1.0540000      -1.4180000      -1.7070000
      -1.9700000
       15010.000      -1.3760000      -1.0540000      -1.4180000      -1.7070000
      -1.9700000
       15995.000      -1.2770000      -1.1870000      -1.5560000      -1.8480000
      -2.1010001
       16002.500      -1.2770000      -1.1870000      -1.5560000      -1.8480000
      -2.1010001
       16003.000      -1.3390000      -1.1860000      -1.5680000      -1.8640000
      -2.1170001
       16003.500      -1.3839999      -1.1920000      -1.5779999      -1.8750000
      -2.1310000
       16004.000      -1.4170001      -1.1990000      -1.5840000      -1.8820000
      -2.1429999
       16004.500      -1.4430000      -1.2060000      -1.5880001      -1.8850000
      -2.1520000
       16005.000      -1.4620000      -1.2130001      -1.5900000      -1.8870000
      -2.1589999
       16010.000      -1.4620000      -1.2130001      -1.5900000      -1.8870000
      -2.1589999
       16995.000      -1.3480000      -1.3270000      -1.7070000      -2.0060000
      -2.2709999
       17002.500      -1.3480000      -1.3270000      -1.7070000      -2.0060000
      -2.2709999
       17003.000      -1.4190000      -1.3300000      -1.7240000      -2.0280001
      -2.2909999
       17003.500      -1.4690000      -1.3390000      -1.7370000      -2.0420001
      -2.3080001
       17004.000      -1.5050000      -1.3480000      -1.7460001      -2.0510001
      -2.3210001
       17004.500      -1.5310000      -1.3570000      -1.7510000      -2.0560000
      -2.3310001
       17005.000      -1.5500000      -1.3640000      -1.7539999      -2.0580001
      -2.3380001
       17010.000      -1.5500000      -1.3640000      -1.7539999      -2.0580001
      -2.3380001
       17995.000      -1.4130000      -1.4579999      -1.8470000      -2.1520000
      -2.4270000
       18002.500      -1.4130000      -1.4579999      -1.8470000      -2.1520000
      -2.4270000
       18003.000      -1.4940000      -1.4640000      -1.8690000      -2.1800001
      -2.4540000
       18003.500      -1.5510000      -1.4770000      -1.8870000      -2.1989999
      -2.4740000
       18004.000      -1.5900000      -1.4890000      -1.8980000      -2.2100000
      -2.4890001
       18004.500      -1.6180000      -1.4990000      -1.9050000      -2.2170000
      -2.5000000
       18005.000      -1.6370000      -1.5070000      -1.9090000      -2.2190001
      -2.5070000
       18010.000      -1.6370000      -1.5070000      -1.9090000      -2.2190001
      -2.5070000
       18995.000      -1.4730000      -1.5810000      -1.9760000      -2.2860000
      -2.5699999
       19002.500      -1.4730000      -1.5810000      -1.9760000      -2.2860000
      -2.5699999
       19003.000      -1.5650001      -1.5890000      -2.0039999      -2.3220000
      -2.6040001
       19003.500      -1.6270000      -1.6059999      -2.0270000      -2.3450000
      -2.6280000
       19004.000      -1.6710000      -1.6210001      -2.0409999      -2.3590000
      -2.6459999
       19004.500      -1.7020000      -1.6330000      -2.0500000      -2.3680000
      -2.6580000
       19005.000      -1.7220000      -1.6420000      -2.0550001      -2.3720000
      -2.6659999
       19010.000      -1.7220000      -1.6420000      -2.0550001      -2.3720000
      -2.6659999
       19995.000      -1.6310000      -1.7050000      -2.1300001      -2.4530001
      -2.7440000
       20003.000      -1.6310000      -1.7050000      -2.1300001      -2.4530001
      -2.7440000
       20003.500      -1.7000000      -1.7260000      -2.1570001      -2.4820001
      -2.7730000
       20004.000      -1.7480000      -1.7450000      -2.1750000      -2.5000000
      -2.7930000
       20004.500      -1.7810000      -1.7589999      -2.1870000      -2.5100000
      -2.8069999
       20005.000      -1.8030000      -1.7700000      -2.1930001      -2.5160000
      -2.8160000
       20010.000      -1.8030000      -1.7700000      -2.1930001      -2.5160000
      -2.8160000
       20995.000      -1.6920000      -1.8150001      -2.2470000      -2.5750000
      -2.8729999
       21003.000      -1.6920000      -1.8150001      -2.2470000      -2.5750000
      -2.8729999
       21003.500      -1.7690001      -1.8400000      -2.2790000      -2.6099999
      -2.9080000
       21004.000      -1.8210000      -1.8609999      -2.3010001      -2.6310000
      -2.9310000
       21004.500      -1.8570000      -1.8780000      -2.3150001      -2.6440001
      -2.9470000
       21005.000      -1.8810000      -1.8900000      -2.3230000      -2.6510000
      -2.9579999
       21010.000      -1.8810000      -1.8900000      -2.3230000      -2.6510000
      -2.9579999
       21995.000      -1.7510000      -1.9180000      -2.3559999      -2.6889999
      -2.9930000
       22003.000      -1.7510000      -1.9180000      -2.3559999      -2.6889999
      -2.9930000
       22003.500      -1.8329999      -1.9460000      -2.3940001      -2.7290001
      -3.0339999
       22004.000      -1.8910000      -1.9710000      -2.4189999      -2.7550001
      -3.0610001
       22004.500      -1.9290000      -1.9890000      -2.4360001      -2.7709999
      -3.0799999
       22005.000      -1.9550000      -2.0039999      -2.4460001      -2.7790000
      -3.0910001
       22010.000      -1.9550000      -2.0039999      -2.4460001      -2.7790000
      -3.0910001
       22995.000      -1.8080000      -2.0160000      -2.4600000      -2.7960000
      -3.1059999
       23003.000      -1.8080000      -2.0160000      -2.4600000      -2.7960000
      -3.1059999
       23003.500      -1.8950000      -2.0460000      -2.5009999      -2.8410001
      -3.1520000
       23004.000      -1.9560000      -2.0739999      -2.5300000      -2.8710001
      -3.1830001
       23004.500      -1.9980000      -2.0950000      -2.5500000      -2.8900001
      -3.2040000
       23005.000      -2.0260000      -2.1110001      -2.5620000      -2.9000001
      -3.2170000
       23010.000      -2.0260000      -2.1110001      -2.5620000      -2.9000001
      -3.2170000
       23995.000      -1.8630000      -2.1059999      -2.5580001      -2.8980000
      -3.2130001
       24003.000      -1.8630000      -2.1059999      -2.5580001      -2.8980000
      -3.2130001
       24003.500      -1.9540000      -2.1410000      -2.6029999      -2.9470000
      -3.2630000
       24004.000      -2.0190001      -2.1710000      -2.6350000      -2.9800000
      -3.2980001
       24004.500      -2.0639999      -2.1940000      -2.6570001      -3.0020001
      -3.3220000
       24005.000      -2.0929999      -2.2119999      -2.6710000      -3.0150001
      -3.3369999
       24010.000      -2.0929999      -2.2119999      -2.6710000      -3.0150001
      -3.3369999
       24995.000      -1.9100000      -2.1889999      -2.6459999      -2.9900000
      -3.3099999
       25003.000      -1.9100000      -2.1889999      -2.6459999      -2.9900000
      -3.3099999
       25003.500      -2.0120001      -2.2309999      -2.6989999      -3.0469999
      -3.3680000
       25004.000      -2.0780001      -2.2630000      -2.7340000      -3.0829999
      -3.4059999
       25004.500      -2.1250000      -2.2880001      -2.7579999      -3.1070001
      -3.4319999
       25005.000      -2.1570001      -2.3069999      -2.7739999      -3.1220000
      -3.4489999
       25010.000      -2.1570001      -2.3069999      -2.7739999      -3.1220000
      -3.4489999
       25995.000      -1.9500000      -2.2630000      -2.7230000      -3.0690000
      -3.3940001
       26003.000      -1.9500000      -2.2630000      -2.7230000      -3.0690000
      -3.3940001
       26003.500      -2.0660000      -2.3139999      -2.7900000      -3.1429999
      -3.4679999
       26004.000      -2.1359999      -2.3499999      -2.8280001      -3.1810000
      -3.5079999
       26004.500      -2.1840000      -2.3770001      -2.8540001      -3.2070000
      -3.5360000
       26005.000      -2.2170000      -2.3970001      -2.8710001      -3.2240000
      -3.5550001
       26010.000      -2.2170000      -2.3970001      -2.8710001      -3.2240000
      -3.5550001
       26995.000      -2.1140001      -2.3900001      -2.8729999      -3.2300000
      -3.5610001
       27003.500      -2.1140001      -2.3900001      -2.8729999      -3.2300000
      -3.5610001
       27004.000      -2.1910000      -2.4319999      -2.9170001      -3.2739999
      -3.6059999
       27004.500      -2.2400000      -2.4600000      -2.9440000      -3.3020000
      -3.6350000
       27005.000      -2.2739999      -2.4809999      -2.9630001      -3.3199999
      -3.6550000
       27010.000      -2.2739999      -2.4809999      -2.9630001      -3.3199999
      -3.6550000
       27995.000      -2.1559999      -2.4579999      -2.9480000      -3.3090000
      -3.6429999
       28003.500      -2.1559999      -2.4579999      -2.9480000      -3.3090000
      -3.6429999
       28004.000      -2.2409999      -2.5070000      -3.0000000      -3.3620000
      -3.6970000
       28004.500      -2.2930000      -2.5390000      -3.0300000      -3.3910000
      -3.7279999
       28005.000      -2.3280001      -2.5610001      -3.0500000      -3.4100001
      -3.7490001
       28010.000      -2.3280001      -2.5610001      -3.0500000      -3.4100001
      -3.7490001
       28995.000      -2.1940000      -2.5230000      -3.0170000      -3.3789999
      -3.7179999
       29003.500      -2.1940000      -2.5230000      -3.0170000      -3.3789999
      -3.7179999
       29004.000      -2.2850001      -2.5760000      -3.0760000      -3.4419999
      -3.7809999
       29004.500      -2.3420000      -2.6120000      -3.1099999      -3.4760001
      -3.8160000
       29005.000      -2.3780000      -2.6359999      -3.1310000      -3.4960001
      -3.8380001
       29010.000      -2.3780000      -2.6359999      -3.1310000      -3.4960001
      -3.8380001
       29995.000      -2.2370000      -2.5890000      -3.0850000      -3.4480000
      -3.7890000
       30003.500      -2.2370000      -2.5890000      -3.0850000      -3.4480000
      -3.7890000
       30004.000      -2.3250000      -2.6400001      -3.1459999      -3.5139999
      -3.8580000
       30004.500      -2.3870001      -2.6789999      -3.1840000      -3.5539999
      -3.8980000
       30005.000      -2.4240000      -2.7060001      -3.2070000      -3.5760000
      -3.9219999
       30010.000      -2.4240000      -2.7060001      -3.2070000      -3.5760000
      -3.9219999
       30995.000      -2.2890000      -2.6600001      -3.1570001      -3.5179999
      -3.8610001
       31003.500      -2.2890000      -2.6600001      -3.1570001      -3.5179999
      -3.8610001
       31004.000      -2.3650000      -2.7010000      -3.2119999      -3.5829999
      -3.9289999
       31004.500      -2.4270000      -2.7420001      -3.2530000      -3.6259999
      -3.9730000
       31005.000      -2.4670000      -2.7700000      -3.2790000      -3.6510000
      -4.0000000
       31010.000      -2.4670000      -2.7700000      -3.2790000      -3.6510000
      -4.0000000
       31995.000      -2.4070001      -2.7620001      -3.2770000      -3.6489999
      -3.9979999
       32004.000      -2.4070001      -2.7620001      -3.2770000      -3.6489999
      -3.9979999
       32004.500      -2.4670000      -2.8020000      -3.3190000      -3.6940000
      -4.0440001
       32005.000      -2.5079999      -2.8320000      -3.3460000      -3.7210000
      -4.0720000
       32010.000      -2.5079999      -2.8320000      -3.3460000      -3.7210000
      -4.0720000
       32995.000      -2.4570000      -2.8280001      -3.3460000      -3.7160001
      -4.0679998
       33004.000      -2.4570000      -2.8280001      -3.3460000      -3.7160001
      -4.0679998
       33004.500      -2.5079999      -2.8610001      -3.3829999      -3.7579999
      -4.1120000
       33005.000      -2.5480001      -2.8910000      -3.4100001      -3.7869999
      -4.1409998
       33010.000      -2.5480001      -2.8910000      -3.4100001      -3.7869999
      -4.1409998
       33995.000      -2.5130000      -2.8970001      -3.4170001      -3.7860000
      -4.1399999
       34004.000      -2.5130000      -2.8970001      -3.4170001      -3.7860000
      -4.1399999
       34004.500      -2.5539999      -2.9219999      -3.4480000      -3.8239999
      -4.1789999
       34005.000      -2.5890000      -2.9489999      -3.4740000      -3.8520000
      -4.2080002
       34010.000      -2.5890000      -2.9489999      -3.4740000      -3.8520000
      -4.2080002
       34995.000      -2.5760000      -2.9700000      -3.4909999      -3.8580000
      -4.2140002
       35004.000      -2.5760000      -2.9700000      -3.4909999      -3.8580000
      -4.2140002
       35004.500      -2.6050000      -2.9860001      -3.5150001      -3.8900001
      -4.2480001
       35005.000      -2.6350000      -3.0090001      -3.5380001      -3.9159999
      -4.2750001
       35010.000      -2.6350000      -3.0090001      -3.5380001      -3.9159999
      -4.2750001
       35995.000      -2.6440001      -3.0469999      -3.5699999      -3.9340000
      -4.2909999
       36004.000      -2.6440001      -3.0469999      -3.5699999      -3.9340000
      -4.2909999
       36004.500      -2.6619999      -3.0539999      -3.5850000      -3.9579999
      -4.3179998
       36005.000      -2.6860001      -3.0710001      -3.6040001      -3.9820001
      -4.3420000
       36010.000      -2.6860001      -3.0710001      -3.6040001      -3.9820001
      -4.3420000
       36995.000      -2.7160001      -3.1259999      -3.6500001      -4.0130000
      -4.3709998
       37004.000      -2.7160001      -3.1259999      -3.6500001      -4.0130000
      -4.3709998
       37004.500      -2.7240000      -3.1250000      -3.6580000      -4.0289998
      -4.3909998
       37005.000      -2.7409999      -3.1359999      -3.6719999      -4.0479999
      -4.4109998
       37010.000      -2.7409999      -3.1359999      -3.6719999      -4.0479999
      -4.4109998
       37995.000      -2.7900000      -3.2060001      -3.7320001      -4.0939999
      -4.4540000
       38004.000      -2.7900000      -3.2060001      -3.7320001      -4.0939999
      -4.4540000
       38004.500      -2.7909999      -3.1980000      -3.7340000      -4.1030002
      -4.4660001
       38005.000      -2.8010001      -3.2040000      -3.7420001      -4.1170001
      -4.4809999
       38010.000      -2.8010001      -3.2040000      -3.7420001      -4.1170001
      -4.4809999
       38995.000      -2.8650000      -3.2860000      -3.8130000      -4.1760001
      -4.5359998
       39004.000      -2.8650000      -3.2860000      -3.8130000      -4.1760001
      -4.5359998
       39004.500      -2.8599999      -3.2739999      -3.8110001      -4.1789999
      -4.5440001
       39005.000      -2.8650000      -3.2750001      -3.8150001      -4.1880002
      -4.5539999
       39010.000      -2.8650000      -3.2750001      -3.8150001      -4.1880002
      -4.5539999
       39995.000      -2.9310000      -3.3499999      -3.8900001      -4.2560000
      -4.6220002
       40004.500      -2.9310000      -3.3499999      -3.8900001      -4.2560000
      -4.6220002
       40005.000      -2.9319999      -3.3480000      -3.8900001      -4.2610002
      -4.6290002
       40010.000      -2.9319999      -3.3480000      -3.8900001      -4.2610002
      -4.6290002
       40995.000      -3.0030000      -3.4260001      -3.9670000      -4.3340001
      -4.7010002
       41004.500      -3.0030000      -3.4260001      -3.9670000      -4.3340001
      -4.7010002
       41005.000      -3.0009999      -3.4210000      -3.9660001      -4.3360000
      -4.7049999
       41010.000      -3.0009999      -3.4210000      -3.9660001      -4.3360000
      -4.7049999
       41995.000      -3.0730000      -3.5009999      -4.0440001      -4.4109998
      -4.7789998
       42004.500      -3.0730000      -3.5009999      -4.0440001      -4.4109998
      -4.7789998
       42005.000      -3.0699999      -3.4949999      -4.0419998      -4.4109998
      -4.7820001
       42010.000      -3.0699999      -3.4949999      -4.0419998      -4.4109998
      -4.7820001
       42995.000      -3.1429999      -3.5739999      -4.1190000      -4.4860001
      -4.8550000
       43004.500      -3.1429999      -3.5739999      -4.1190000      -4.4860001
      -4.8550000
       43005.000      -3.1400001      -3.5690000      -4.1180000      -4.4860001
      -4.8579998
       43010.000      -3.1400001      -3.5690000      -4.1180000      -4.4860001
      -4.8579998
       43995.000      -3.2110000      -3.6459999      -4.1919999      -4.5599999
      -4.9299998
       44004.500      -3.2110000      -3.6459999      -4.1919999      -4.5599999
      -4.9299998
       44005.000      -3.2079999      -3.6410000      -4.1919999      -4.5599999
      -4.9330001
       44010.000      -3.2079999      -3.6410000      -4.1919999      -4.5599999
      -4.9330001
       44995.000      -3.2770000      -3.7170000      -4.2639999      -4.6320000
      -5.0029998
       45004.500      -3.2770000      -3.7170000      -4.2639999      -4.6320000
      -5.0029998
       45005.000      -3.2760000      -3.7119999      -4.2649999      -4.6329999
      -5.0070000
       45010.000      -3.2760000      -3.7119999      -4.2649999      -4.6329999
      -5.0070000
       45995.000      -3.3429999      -3.7860000      -4.3340001      -4.7030001
      -5.0739999
       46004.500      -3.3429999      -3.7860000      -4.3340001      -4.7030001
      -5.0739999
       46005.000      -3.3420000      -3.7820001      -4.3360000      -4.7049999
      -5.0799999
       46010.000      -3.3420000      -3.7820001      -4.3360000      -4.7049999
      -5.0799999
       46995.000      -3.4070001      -3.8540001      -4.4029999      -4.7729998
      -5.1440001
       47004.500      -3.4070001      -3.8540001      -4.4029999      -4.7729998
      -5.1440001
       47005.000      -3.4070001      -3.8499999      -4.4060001      -4.7750001
      -5.1500001
       47010.000      -3.4070001      -3.8499999      -4.4060001      -4.7750001
      -5.1500001
       47995.000      -3.4700000      -3.9200001      -4.4699998      -4.8410001
      -5.2119999
       48004.500      -3.4700000      -3.9200001      -4.4699998      -4.8410001
      -5.2119999
       48005.000      -3.4710000      -3.9170001      -4.4740000      -4.8439999
      -5.2199998
       48010.000      -3.4710000      -3.9170001      -4.4740000      -4.8439999
      -5.2199998
       48995.000      -3.5320001      -3.9849999      -4.5359998      -4.9070001
      -5.2789998
       49004.500      -3.5320001      -3.9849999      -4.5359998      -4.9070001
      -5.2789998
       49005.000      -3.5339999      -3.9830000      -4.5409999      -4.9109998
      -5.2880001
       49010.000      -3.5339999      -3.9830000      -4.5409999      -4.9109998
      -5.2880001
       49995.000      -3.5950000      -4.0469999      -4.6059999      -4.9780002
      -5.3540001
       50005.000      -3.5950000      -4.0469999      -4.6059999      -4.9780002
      -5.3540001
       50010.000      -3.5950000      -4.0469999      -4.6059999      -4.9780002
      -5.3540001
       56096.000      -3.7100000      -4.1970000      -4.7240000      -5.1030002
      -5.4540000
       56106.000      -3.7100000      -4.1970000      -4.7240000      -5.1030002
      -5.4540000
       56111.000      -3.7100000      -4.1970000      -4.7240000      -5.1030002
      -5.4540000
       62941.000      -4.0370002      -4.5359998      -5.0730000      -5.4559999
      -5.8109999
       62951.000      -4.0370002      -4.5359998      -5.0730000      -5.4559999
      -5.8109999
       62956.000      -4.0370002      -4.5359998      -5.0730000      -5.4559999
      -5.8109999
       70622.000      -4.3699999      -4.8790002      -5.4239998      -5.8119998
      -6.1700001
       70632.000      -4.3699999      -4.8790002      -5.4239998      -5.8119998
      -6.1700001
       70637.000      -4.3699999      -4.8790002      -5.4239998      -5.8119998
      -6.1700001
       79240.000      -4.7080002      -5.2259998      -5.7789998      -6.1700001
      -6.5310001
       79250.000      -4.7080002      -5.2259998      -5.7789998      -6.1700001
      -6.5310001
       79255.000      -4.7080002      -5.2259998      -5.7789998      -6.1700001
      -6.5310001
       88909.000      -5.0500002      -5.5760002      -6.1350002      -6.5300002
      -6.8940001
       88919.000      -5.0500002      -5.5760002      -6.1350002      -6.5300002
      -6.8940001
       88924.000      -5.0500002      -5.5760002      -6.1350002      -6.5300002
      -6.8940001
       99758.000      -5.3959999      -5.9289999      -6.4940000      -6.8920002
      -7.2579999
       99768.000      -5.3959999      -5.9289999      -6.4940000      -6.8920002
      -7.2579999
       99773.000      -5.3959999      -5.9289999      -6.4940000      -6.8920002
      -7.2579999
       111931.00      -5.7449999      -6.2849998      -6.8540001      -7.2550001
      -7.6230001
       111941.00      -5.7449999      -6.2849998      -6.8540001      -7.2550001
      -7.6230001
       111946.00      -5.7449999      -6.2849998      -6.8540001      -7.2550001
      -7.6230001
       125590.00      -6.0970001      -6.6430001      -7.2170000      -7.6190000
      -7.9889998
       125600.00      -6.0970001      -6.6430001      -7.2170000      -7.6190000
      -7.9889998
       125605.00      -6.0970001      -6.6430001      -7.2170000      -7.6190000
      -7.9889998
       140915.00      -6.4520001      -7.0019999      -7.5799999      -7.9850001
      -8.3559999
       140925.00      -6.4520001      -7.0019999      -7.5799999      -7.9850001
      -8.3559999
       140930.00      -6.4520001      -7.0019999      -7.5799999      -7.9850001
      -8.3559999
       158110.00      -6.8090000      -7.3639998      -7.9450002      -8.3520002
      -8.7240000
       158120.00      -6.8090000      -7.3639998      -7.9450002      -8.3520002
      -8.7240000
       158125.00      -6.8090000      -7.3639998      -7.9450002      -8.3520002
      -8.7240000
       177402.00      -7.1680002      -7.7270002      -8.3109999      -8.7189999
      -9.0930004
       177412.00      -7.1680002      -7.7270002      -8.3109999      -8.7189999
      -9.0930004
       177417.00      -7.1680002      -7.7270002      -8.3109999      -8.7189999
      -9.0930004
       199050.00      -7.5289998      -8.0909996      -8.6780005      -9.0880003
      -9.4630003
       199060.00      -7.5289998      -8.0909996      -8.6780005      -9.0880003
      -9.4630003
       199065.00      -7.5289998      -8.0909996      -8.6780005      -9.0880003
      -9.4630003
       223338.00      -7.8909998      -8.4560003      -9.0459995      -9.4569998
      -9.8330002
       223348.00      -7.8909998      -8.4560003      -9.0459995      -9.4569998
      -9.8330002
       223353.00      -7.8909998      -8.4560003      -9.0459995      -9.4569998
      -9.8330002
       250590.00      -8.2550001      -8.8230000      -9.4150000      -9.8269997
      -10.203000
       250600.00      -8.2550001      -8.8230000      -9.4150000      -9.8269997
      -10.203000
       250605.00      -8.2550001      -8.8230000      -9.4150000      -9.8269997
      -10.203000
       281167.00      -8.6199999      -9.1899996      -9.7840004      -10.197000
      -10.575000
       281177.00      -8.6199999      -9.1899996      -9.7840004      -10.197000
      -10.575000
       281182.00      -8.6199999      -9.1899996      -9.7840004      -10.197000
      -10.575000
       315476.00      -8.9870005      -9.5590000      -10.154000      -10.568000
      -10.946000
       315486.00      -8.9870005      -9.5590000      -10.154000      -10.568000
      -10.946000
       315491.00      -8.9870005      -9.5590000      -10.154000      -10.568000
      -10.946000
       353970.00      -9.3540001      -9.9280005      -10.525000      -10.940000
      -11.318000
       353980.00      -9.3540001      -9.9280005      -10.525000      -10.940000
      -11.318000
       353985.00      -9.3540001      -9.9280005      -10.525000      -10.940000
      -11.318000
       397162.00      -9.7220001      -10.297000      -10.896000      -11.311000
      -11.690000
       397172.00      -9.7220001      -10.297000      -10.896000      -11.311000
      -11.690000
       397177.00      -9.7220001      -10.297000      -10.896000      -11.311000
      -11.690000
       445624.00      -10.091000      -10.668000      -11.267000      -11.683000
      -12.063000
       445634.00      -10.091000      -10.668000      -11.267000      -11.683000
      -12.063000
       445639.00      -10.091000      -10.668000      -11.267000      -11.683000
      -12.063000
       499999.00      -10.460000      -11.038000      -11.639000      -12.056000
      -12.436000
       500009.00      -10.460000      -11.038000      -11.639000      -12.056000
      -12.436000
       500014.00      -10.460000      -11.038000      -11.639000      -12.056000
      -12.436000
       561009.00      -10.830000      -11.410000      -12.011000      -12.428000
      -12.809000
       561019.00      -10.830000      -11.410000      -12.011000      -12.428000
      -12.809000
       561024.00      -10.830000      -11.410000      -12.011000      -12.428000
      -12.809000
       629464.00      -11.201000      -11.781000      -12.384000      -12.801000
      -13.182000
       629474.00      -11.201000      -11.781000      -12.384000      -12.801000
      -13.182000
       629479.00      -11.201000      -11.781000      -12.384000      -12.801000
      -13.182000
       706271.00      -11.572000      -12.153000      -12.756000      -13.175000
      -13.556000
       706281.00      -11.572000      -12.153000      -12.756000      -13.175000
      -13.556000
       706286.00      -11.572000      -12.153000      -12.756000      -13.175000
      -13.556000
       792450.00      -11.944000      -12.526000      -13.129000      -13.548000
      -13.929000
       792460.00      -11.944000      -12.526000      -13.129000      -13.548000
      -13.929000
       792465.00      -11.944000      -12.526000      -13.129000      -13.548000
      -13.929000
       889144.00      -12.316000      -12.898000      -13.503000      -13.922000
      -14.303000
       889154.00      -12.316000      -12.898000      -13.503000      -13.922000
      -14.303000
       889159.00      -12.316000      -12.898000      -13.503000      -13.922000
      -14.303000
       997637.00      -12.688000      -13.271000      -13.876000      -14.295000
      -14.677000
       997647.00      -12.688000      -13.271000      -13.876000      -14.295000
      -14.677000
       997652.00      -12.688000      -13.271000      -13.876000      -14.295000
      -14.677000
       1119368.0      -13.060000      -13.644000      -14.250000      -14.669000
      -15.051000
       1119378.0      -13.060000      -13.644000      -14.250000      -14.669000
      -15.051000
       1119383.0      -13.060000      -13.644000      -14.250000      -14.669000
      -15.051000
       1255953.0      -13.433000      -14.018000      -14.623000      -15.043000
      -15.425000
       1255963.0      -13.433000      -14.018000      -14.623000      -15.043000
      -15.425000
       1255968.0      -13.433000      -14.018000      -14.623000      -15.043000
      -15.425000
       1409204.0      -13.806000      -14.391000      -14.997000      -15.417000
      -15.799000
       1409214.0      -13.806000      -14.391000      -14.997000      -15.417000
      -15.799000
       1409219.0      -13.806000      -14.391000      -14.997000      -15.417000
      -15.799000
       1581154.0      -14.180000      -14.765000      -15.371000      -15.791000
      -16.174000
       1581164.0      -14.180000      -14.765000      -15.371000      -15.791000
      -16.174000
       1581169.0      -14.180000      -14.765000      -15.371000      -15.791000
      -16.174000
       1774085.0      -14.553000      -15.139000      -15.745000      -16.166000
      -16.548000
       1774095.0      -14.553000      -15.139000      -15.745000      -16.166000
      -16.548000
       1774100.0      -14.553000      -15.139000      -15.745000      -16.166000
      -16.548000
       1990558.0      -14.927000      -15.513000      -16.120001      -16.540001
      -16.922001
       1990568.0      -14.927000      -15.513000      -16.120001      -16.540001
      -16.922001
       1990573.0      -14.927000      -15.513000      -16.120001      -16.540001
      -16.922001
       2233445.0      -15.301000      -15.887000      -16.493999      -16.914000
      -17.297001
       2233455.0      -15.301000      -15.887000      -16.493999      -16.914000
      -17.297001
       2233460.0      -15.301000      -15.887000      -16.493999      -16.914000
      -17.297001
       2505968.0      -15.674000      -16.261000      -16.868000      -17.289000
      -17.672001
       2505978.0      -15.674000      -16.261000      -16.868000      -17.289000
      -17.672001
       2505983.0      -15.674000      -16.261000      -16.868000      -17.289000
      -17.672001
       2811744.0      -16.048000      -16.635000      -17.243000      -17.663000
      -18.046000
       2811754.0      -16.048000      -16.635000      -17.243000      -17.663000
      -18.046000
       2811759.0      -16.048000      -16.635000      -17.243000      -17.663000
      -18.046000
       3154831.0      -16.423000      -17.010000      -17.617001      -18.038000
      -18.421000
       3154841.0      -16.423000      -17.010000      -17.617001      -18.038000
      -18.421000
       3154846.0      -16.423000      -17.010000      -17.617001      -18.038000
      -18.421000
       3539780.0      -16.797001      -17.384001      -17.992001      -18.413000
      -18.796000
       3539790.0      -16.797001      -17.384001      -17.992001      -18.413000
      -18.796000
       3539795.0      -16.797001      -17.384001      -17.992001      -18.413000
      -18.796000
       3971701.0      -17.171000      -17.759001      -18.365999      -18.787001
      -19.170000
       3971711.0      -17.171000      -17.759001      -18.365999      -18.787001
      -19.170000
       3971716.0      -17.171000      -17.759001      -18.365999      -18.787001
      -19.170000
       4456325.0      -17.546000      -18.132999      -18.740999      -19.162001
      -19.545000
       4456335.0      -17.546000      -18.132999      -18.740999      -19.162001
      -19.545000
       4456340.0      -17.546000      -18.132999      -18.740999      -19.162001
      -19.545000
