# BCs for ATLAS9 + DUSTY99 + blackbody spectra:
#  n     Teff  logg        I        J        H       Ks
   0      500  3.50  -39.445  -19.367   -9.382   -2.765
   1      500  4.00  -38.769  -18.942   -9.058   -2.549
   2      500  4.50  -38.159  -18.262   -8.386   -2.074
   3      500  5.00  -36.565  -17.184   -7.674   -1.669
   4      500  5.50  -34.587  -15.955   -6.962   -1.321
   5      500  6.00  -32.629  -14.783   -6.278   -1.046
   6      600  3.50  -31.545  -14.943   -6.791   -1.272
   7      600  4.00  -31.114  -14.663   -6.559   -1.094
   8      600  4.50  -31.754  -14.690   -6.287   -0.822
   9      600  5.00  -30.431  -13.747   -5.587   -0.390
  10      600  5.50  -28.863  -12.721   -4.932   -0.047
  11      600  6.00  -27.253  -11.738   -4.341    0.196
  12      700  3.50  -25.373  -11.440   -4.658   -0.017
  13      700  4.00  -25.037  -11.231   -4.500    0.088
  14      700  4.50  -25.560  -11.236   -4.248    0.341
  15      700  5.00  -24.828  -10.646   -3.788    0.616
  16      700  5.50  -23.441   -9.685   -3.178    0.915
  17      700  6.00  -21.873   -8.743   -2.639    1.135
  18      800  3.50  -19.653   -8.090   -2.641    1.066
  19      800  4.00  -19.813   -8.185   -2.666    1.118
  20      800  4.50  -20.259   -8.260   -2.583    1.225
  21      800  5.00  -19.509   -7.729   -2.197    1.460
  22      800  5.50  -18.482   -7.089   -1.805    1.634
  23      800  6.00  -17.191   -6.394   -1.419    1.773
  24      900  3.50  -15.091   -5.754   -1.400    1.654
  25      900  4.00  -14.972   -5.617   -1.257    1.804
  26      900  4.50  -15.528   -5.798   -1.245    1.908
  27      900  5.00  -14.330   -5.062   -0.968    2.035
  28      900  5.50  -14.344   -5.066   -0.736    2.197
  29     1000  3.50  -12.952   -4.697   -0.797    2.013
  30     1000  4.00  -12.493   -4.404   -0.589    2.147
  31     1000  4.50  -12.228   -4.177   -0.386    2.312
  32     1000  5.00  -11.968   -3.963   -0.187    2.470
  33     1000  5.50  -11.631   -3.739   -0.018    2.564
  34     1000  6.00  -10.981   -3.375    0.208    2.650
  35     1100  3.50  -10.898   -3.631   -0.171    2.375
  36     1100  4.00  -10.694   -3.497   -0.067    2.454
  37     1100  4.50  -10.503   -3.340    0.080    2.570
  38     1100  5.00  -10.073   -3.036    0.319    2.721
  39     1100  5.50   -9.600   -2.721    0.551    2.849
  40     1100  6.00  -13.366   -5.111   -1.211    1.599
  41     1200  3.50   -9.030   -2.605    0.464    2.742
  42     1200  4.00   -9.030   -2.605    0.464    2.742
  43     1200  4.50   -9.030   -2.605    0.464    2.742
  44     1200  5.00   -8.838   -2.422    0.668    2.919
  45     1200  6.00   -7.889   -1.815    1.086    3.097
  46     1300  3.50   -7.380   -1.689    1.037    3.075
  47     1300  4.00   -7.406   -1.703    1.033    3.074
  48     1300  4.50   -7.629   -1.813    0.998    3.081
  49     1300  5.00   -7.559   -1.751    1.060    3.125
  50     1300  5.50   -7.356   -1.607    1.170    3.172
  51     1300  6.00   -9.304   -2.910    1.093    3.225
  52     1400  3.50   -6.038   -0.944    1.542    3.329
  53     1400  4.00   -6.054   -0.960    1.516    3.309
  54     1400  4.50   -6.163   -1.007    1.478    3.289
  55     1400  5.00   -6.298   -1.068    1.481    3.310
  56     1400  5.50   -6.074   -0.916    1.564    3.325
  57     1400  6.00   -6.075   -0.916    1.582    3.332
  58     1500  3.50   -4.951   -0.169    2.042    3.493
  59     1500  4.00   -4.966   -0.244    2.000    3.475
  60     1500  4.50   -5.089   -0.351    1.936    3.446
  61     1500  5.00   -5.143   -0.404    1.903    3.441
  62     1500  5.50   -5.170   -0.436    1.875    3.432
  63     1500  6.00   -5.143   -0.432    1.856    3.408
  64     1600  3.50   -3.923    0.646    2.396    3.523
  65     1600  4.00   -3.972    0.560    2.377    3.521
  66     1600  4.50   -4.058    0.426    2.334    3.507
  67     1600  5.00   -4.142    0.280    2.277    3.493
  68     1600  5.50   -4.194    0.181    2.221    3.479
  69     1600  6.00   -4.231    0.101    2.165    3.460
  70     1700  3.50   -2.994    1.333    2.629    3.501
  71     1700  4.00   -2.755    1.380    2.691    3.534
  72     1700  4.50   -2.230    1.745    2.913    3.634
  73     1700  5.00   -2.827    1.298    2.736    3.560
  74     1700  5.50   -3.153    0.989    2.603    3.512
  75     1700  6.00   -3.382    0.730    2.469    3.470
  76     1800  3.50   -2.456    1.618    2.677    3.419
  77     1800  4.00   -2.348    1.657    2.728    3.435
  78     1800  4.50   -1.974    1.841    2.856    3.479
  79     1800  5.00   -1.933    1.871    2.922    3.503
  80     1800  5.50   -2.272    1.579    2.807    3.442
  81     1800  6.00   -2.318    1.515    2.804    3.474
  82     1900  3.50   -1.915    1.904    2.741    3.357
  83     1900  4.00   -1.974    1.833    2.731    3.346
  84     1900  4.50   -2.236    1.636    2.669    3.303
  85     1900  5.00   -1.898    1.812    2.804    3.337
  86     1900  5.50   -2.060    1.689    2.780    3.288
  87     1900  6.00   -2.126    1.579    2.724    3.256
  88     2000  3.50   -1.623    2.019    2.736    3.279
  89     2000  4.00   -1.580    1.990    2.745    3.278
  90     2000  4.50   -1.543    1.982    2.768    3.267
  91     2000  5.00   -1.608    1.922    2.780    3.234
  92     2000  5.50   -1.877    1.743    2.740    3.174
  93     2000  6.00   -1.862    1.689    2.714    3.125
  94     2100  4.00   -1.299    2.071    2.732    3.206
  95     2100  5.00   -1.152    2.085    2.810    3.196
  96     2100  5.50   -1.422    1.911    2.766    3.115
  97     2100  6.00   -1.659    1.759    2.697    3.019
  98     2200  3.50   -1.076    2.137    2.700    3.138
  99     2200  4.00   -1.035    2.123    2.712    3.139
 100     2200  4.50   -0.984    2.129    2.741    3.138
 101     2200  5.00   -0.930    2.115    2.777    3.133
 102     2200  5.50   -1.019    2.042    2.788    3.081
 103     2200  6.00   -1.074    1.981    2.767    2.982
 104     2300  3.50   -0.827    2.148    2.670    3.075
 105     2300  4.00   -0.790    2.135    2.684    3.079
 106     2300  4.50   -0.759    2.137    2.710    3.079
 107     2300  5.00   -0.725    2.119    2.739    3.075
 108     2300  5.50   -0.732    2.092    2.772    3.043
 109     2300  6.00   -0.734    2.066    2.788    2.966
 110     2400  3.50   -0.589    2.138    2.636    3.016
 111     2400  4.00   -0.558    2.127    2.649    3.021
 112     2400  4.50   -0.538    2.136    2.676    3.021
 113     2400  5.50   -0.475    2.120    2.753    3.007
 114     2400  6.00   -0.511    2.079    2.764    2.936
 115     2500  3.50   -0.386    2.104    2.592    2.956
 116     2500  4.00   -0.349    2.100    2.610    2.965
 117     2500  4.50   -0.341    2.114    2.637    2.965
 118     2500  5.00   -0.298    2.118    2.675    2.975
 119     2500  5.50   -0.281    2.107    2.712    2.965
 120     2500  6.00   -0.296    2.086    2.740    2.915
 121     2600  3.50   -0.217    2.066    2.549    2.898
 122     2600  4.00   -0.174    2.061    2.566    2.908
 123     2600  4.50   -0.166    2.080    2.595    2.911
 124     2600  5.00   -0.124    2.089    2.634    2.923
 125     2600  5.50   -0.101    2.088    2.674    2.923
 126     2600  6.00   -0.116    2.068    2.703    2.889
 127     2700  3.50   -0.090    2.025    2.507    2.840
 128     2700  4.00   -0.032    2.021    2.525    2.853
 129     2700  4.50   -0.014    2.043    2.556    2.859
 130     2700  5.00    0.023    2.051    2.590    2.872
 131     2700  5.50    0.049    2.055    2.631    2.879
 132     2700  6.00    0.047    2.046    2.665    2.860
 133     2800  5.00    0.376    1.977    2.546    2.685
 134     2800  5.50    0.421    2.001    2.509    2.562
 135     2900  5.00    0.421    1.930    2.520    2.685
 136     2900  5.50    0.459    1.953    2.497    2.588
 137     3000  5.00    0.455    1.883    2.487    2.671
 138     3000  5.50    0.491    1.906    2.478    2.600
 139     3100  5.00    0.487    1.841    2.453    2.651
 140     3100  5.50    0.516    1.861    2.450    2.600
 141     3200  5.00    0.512    1.801    2.416    2.621
 142     3200  5.50    0.539    1.819    2.420    2.588
 143     3300  5.00    0.537    1.766    2.380    2.588
 144     3300  5.50    0.559    1.781    2.387    2.567
 145     3400  5.00    0.560    1.735    2.343    2.554
 146     3400  5.50    0.578    1.746    2.351    2.539
 147     3500  5.00    0.583    1.705    2.307    2.519
 148     3500  5.50    0.596    1.713    2.315    2.507
 149     3600  5.00    0.600    1.675    2.271    2.482
 150     3600  5.50    0.614    1.683    2.278    2.472
 151     3700  5.00    0.615    1.645    2.237    2.446
 152     3700  5.50    0.626    1.651    2.238    2.434
 153     3800  5.00    0.625    1.614    2.203    2.409
 154     3800  5.50    0.638    1.620    2.199    2.394
 155     3500  0.00    0.297    1.662    2.701    2.881
 156     3500  0.50    0.334    1.670    2.689    2.844
 157     3500  1.00    0.378    1.685    2.668    2.798
 158     3500  1.50    0.427    1.705    2.636    2.742
 159     3500  2.00    0.479    1.725    2.594    2.679
 160     3500  2.50    0.533    1.742    2.539    2.614
 161     3500  3.00    0.589    1.747    2.454    2.550
 162     3500  3.50    0.626    1.747    2.355    2.496
 163     3500  4.00    0.641    1.745    2.309    2.469
 164     3500  4.50    0.647    1.746    2.294    2.457
 165     3500  5.00    0.649    1.750    2.301    2.458
 166     3750  0.00    0.413    1.620    2.571    2.730
 167     3750  0.50    0.414    1.607    2.571    2.720
 168     3750  1.00    0.423    1.602    2.567    2.706
 169     3750  1.50    0.443    1.607    2.555    2.682
 170     3750  2.00    0.471    1.618    2.536    2.647
 171     3750  2.50    0.506    1.633    2.507    2.603
 172     3750  3.00    0.549    1.646    2.462    2.552
 173     3750  3.50    0.598    1.652    2.386    2.495
 174     3750  4.00    0.634    1.656    2.302    2.444
 175     3750  4.50    0.653    1.660    2.258    2.416
 176     3750  5.00    0.664    1.664    2.243    2.401
 177     4000  0.00    0.535    1.596    2.423    2.548
 178     4000  0.50    0.523    1.575    2.424    2.544
 179     4000  1.00    0.514    1.561    2.424    2.541
 180     4000  1.50    0.509    1.552    2.422    2.537
 181     4000  2.00    0.510    1.548    2.418    2.530
 182     4000  2.50    0.517    1.549    2.409    2.519
 183     4000  3.00    0.537    1.557    2.391    2.497
 184     4000  3.50    0.572    1.568    2.355    2.458
 185     4000  4.00    0.615    1.574    2.292    2.409
 186     4000  4.50    0.651    1.580    2.221    2.360
 187     4000  5.00    0.673    1.586    2.177    2.331
 188     4250  0.00    0.626    1.556    2.271    2.371
 189     4250  0.50    0.609    1.535    2.270    2.367
 190     4250  1.00    0.595    1.519    2.269    2.364
 191     4250  1.50    0.584    1.507    2.268    2.361
 192     4250  2.00    0.578    1.499    2.266    2.359
 193     4250  2.50    0.575    1.495    2.263    2.357
 194     4250  3.00    0.576    1.493    2.257    2.353
 195     4250  3.50    0.582    1.495    2.248    2.347
 196     4250  4.00    0.603    1.501    2.224    2.327
 197     4250  4.50    0.637    1.506    2.178    2.291
 198     4250  5.00    0.669    1.511    2.123    2.252
 199     4500  0.00    0.688    1.502    2.119    2.199
 200     4500  0.50    0.668    1.481    2.117    2.196
 201     4500  1.00    0.651    1.465    2.115    2.193
 202     4500  1.50    0.639    1.454    2.113    2.191
 203     4500  2.00    0.630    1.445    2.111    2.189
 204     4500  2.50    0.624    1.439    2.109    2.187
 205     4500  3.00    0.622    1.437    2.105    2.185
 206     4500  3.50    0.624    1.436    2.100    2.183
 207     4500  4.00    0.629    1.438    2.092    2.179
 208     4500  4.50    0.643    1.441    2.077    2.168
 209     4500  5.00    0.669    1.446    2.046    2.145
 210     4750  0.00    0.718    1.433    1.965    2.033
 211     4750  0.50    0.698    1.415    1.966    2.032
 212     4750  1.00    0.682    1.400    1.965    2.030
 213     4750  1.50    0.668    1.389    1.963    2.027
 214     4750  2.00    0.658    1.380    1.961    2.025
 215     4750  2.50    0.652    1.374    1.959    2.024
 216     4750  3.00    0.648    1.371    1.956    2.023
 217     4750  3.50    0.648    1.369    1.952    2.021
 218     4750  4.00    0.651    1.370    1.947    2.019
 219     4750  4.50    0.657    1.372    1.940    2.017
 220     4750  5.00    0.669    1.376    1.931    2.011
 221     5000  0.00    0.719    1.351    1.810    1.870
 222     5000  0.50    0.702    1.337    1.815    1.872
 223     5000  1.00    0.686    1.324    1.817    1.872
 224     5000  1.50    0.674    1.313    1.816    1.870
 225     5000  2.00    0.664    1.305    1.815    1.869
 226     5000  2.50    0.657    1.299    1.813    1.867
 227     5000  3.00    0.653    1.295    1.811    1.866
 228     5000  3.50    0.652    1.294    1.808    1.865
 229     5000  4.00    0.655    1.294    1.804    1.864
 230     5000  4.50    0.660    1.296    1.799    1.863
 231     5000  5.00    0.669    1.299    1.794    1.861
 232     5250  0.00    0.700    1.260    1.655    1.709
 233     5250  0.50    0.685    1.250    1.665    1.715
 234     5250  1.00    0.672    1.240    1.670    1.718
 235     5250  1.50    0.661    1.231    1.672    1.718
 236     5250  2.00    0.651    1.224    1.672    1.718
 237     5250  2.50    0.644    1.218    1.672    1.717
 238     5250  3.00    0.640    1.214    1.670    1.716
 239     5250  3.50    0.639    1.212    1.669    1.716
 240     5250  4.00    0.642    1.213    1.666    1.715
 241     5250  4.50    0.648    1.215    1.661    1.715
 242     5250  5.00    0.656    1.218    1.657    1.714
 243     5500  0.00    0.668    1.163    1.500    1.549
 244     5500  0.50    0.656    1.158    1.517    1.561
 245     5500  1.00    0.645    1.152    1.525    1.567
 246     5500  1.50    0.635    1.145    1.530    1.570
 247     5500  2.00    0.627    1.138    1.533    1.571
 248     5500  2.50    0.619    1.133    1.534    1.571
 249     5500  3.00    0.615    1.129    1.534    1.571
 250     5500  3.50    0.613    1.126    1.533    1.571
 251     5500  4.00    0.616    1.127    1.532    1.572
 252     5500  4.50    0.622    1.129    1.529    1.572
 253     5500  5.00    0.630    1.132    1.525    1.572
 254     5750  0.00    0.627    1.064    1.348    1.393
 255     5750  0.50    0.619    1.065    1.370    1.411
 256     5750  1.00    0.611    1.062    1.383    1.421
 257     5750  1.50    0.603    1.057    1.391    1.427
 258     5750  2.00    0.595    1.051    1.396    1.429
 259     5750  2.50    0.587    1.046    1.399    1.431
 260     5750  3.00    0.582    1.042    1.401    1.431
 261     5750  3.50    0.578    1.039    1.402    1.432
 262     5750  4.00    0.579    1.038    1.402    1.433
 263     5750  4.50    0.584    1.040    1.400    1.434
 264     5750  5.00    0.593    1.043    1.398    1.435
 265     6000  0.00    0.577    0.961    1.198    1.240
 266     6000  0.50    0.575    0.969    1.227    1.264
 267     6000  1.00    0.571    0.971    1.245    1.278
 268     6000  1.50    0.566    0.969    1.256    1.287
 269     6000  2.00    0.559    0.965    1.263    1.292
 270     6000  2.50    0.552    0.961    1.268    1.295
 271     6000  3.00    0.545    0.956    1.271    1.297
 272     6000  3.50    0.540    0.952    1.273    1.298
 273     6000  4.00    0.538    0.950    1.275    1.299
 274     6000  4.50    0.541    0.950    1.276    1.300
 275     6000  5.00    0.549    0.953    1.275    1.302
 276     6250  0.50    0.525    0.871    1.086    1.120
 277     6250  1.00    0.526    0.879    1.109    1.139
 278     6250  1.50    0.524    0.880    1.123    1.151
 279     6250  2.00    0.520    0.879    1.133    1.159
 280     6250  2.50    0.514    0.876    1.140    1.164
 281     6250  3.00    0.507    0.871    1.145    1.167
 282     6250  3.50    0.501    0.867    1.148    1.168
 283     6250  4.00    0.496    0.863    1.151    1.170
 284     6250  4.50    0.496    0.862    1.153    1.171
 285     6250  5.00    0.500    0.863    1.155    1.174
 286     6500  0.50    0.467    0.770    0.949    0.980
 287     6500  1.00    0.475    0.784    0.976    1.003
 288     6500  1.50    0.478    0.791    0.994    1.019
 289     6500  2.00    0.477    0.793    1.006    1.030
 290     6500  2.50    0.473    0.791    1.015    1.037
 291     6500  3.00    0.467    0.788    1.021    1.041
 292     6500  3.50    0.461    0.783    1.026    1.044
 293     6500  4.00    0.454    0.779    1.031    1.045
 294     6500  4.50    0.451    0.776    1.034    1.047
 295     6500  5.00    0.452    0.775    1.037    1.049
 296     6750  0.50    0.409    0.673    0.819    0.847
 297     6750  1.00    0.417    0.688    0.846    0.871
 298     6750  1.50    0.426    0.700    0.867    0.890
 299     6750  2.00    0.430    0.706    0.882    0.904
 300     6750  2.50    0.429    0.707    0.893    0.913
 301     6750  3.00    0.425    0.705    0.901    0.919
 302     6750  3.50    0.419    0.701    0.908    0.923
 303     6750  4.00    0.412    0.697    0.913    0.926
 304     6750  4.50    0.407    0.693    0.918    0.927
 305     6750  5.00    0.404    0.690    0.922    0.929
 306     7000  0.50    0.355    0.579    0.698    0.722
 307     7000  1.00    0.361    0.595    0.724    0.745
 308     7000  1.50    0.369    0.607    0.744    0.765
 309     7000  2.00    0.378    0.617    0.761    0.781
 310     7000  2.50    0.382    0.622    0.775    0.792
 311     7000  3.00    0.381    0.623    0.784    0.801
 312     7000  3.50    0.376    0.620    0.792    0.806
 313     7000  4.00    0.370    0.616    0.799    0.810
 314     7000  4.50    0.363    0.612    0.805    0.812
 315     7000  5.00    0.358    0.608    0.810    0.814
 316     7250  0.50    0.305    0.489    0.587    0.606
 317     7250  1.00    0.306    0.505    0.609    0.627
 318     7250  1.50    0.313    0.517    0.628    0.645
 319     7250  2.00    0.321    0.527    0.644    0.661
 320     7250  2.50    0.330    0.536    0.659    0.675
 321     7250  3.00    0.333    0.540    0.670    0.685
 322     7250  3.50    0.331    0.540    0.679    0.692
 323     7250  4.00    0.326    0.537    0.687    0.697
 324     7250  4.50    0.320    0.532    0.694    0.700
 325     7250  5.00    0.313    0.528    0.701    0.702
 326     7500  0.50    0.265    0.408    0.487    0.501
 327     7500  1.00    0.254    0.417    0.502    0.515
 328     7500  1.50    0.258    0.430    0.518    0.532
 329     7500  2.00    0.265    0.440    0.533    0.547
 330     7500  2.50    0.273    0.449    0.546    0.561
 331     7500  3.00    0.281    0.456    0.559    0.573
 332     7500  3.50    0.283    0.459    0.570    0.582
 333     7500  4.00    0.281    0.458    0.579    0.588
 334     7500  4.50    0.276    0.454    0.587    0.592
 335     7500  5.00    0.269    0.450    0.594    0.594
 336     7750  1.00    0.204    0.334    0.402    0.411
 337     7750  1.50    0.204    0.345    0.415    0.425
 338     7750  2.00    0.210    0.355    0.427    0.439
 339     7750  2.50    0.217    0.363    0.439    0.451
 340     7750  3.00    0.225    0.371    0.450    0.463
 341     7750  3.50    0.232    0.377    0.462    0.474
 342     7750  4.00    0.233    0.379    0.472    0.481
 343     7750  4.50    0.230    0.377    0.482    0.487
 344     7750  5.00    0.224    0.373    0.490    0.490
 345     8000  1.00    0.158    0.254    0.311    0.315
 346     8000  1.50    0.150    0.261    0.317    0.323
 347     8000  2.00    0.153    0.270    0.327    0.335
 348     8000  2.50    0.160    0.279    0.337    0.347
 349     8000  3.00    0.167    0.287    0.347    0.358
 350     8000  3.50    0.175    0.294    0.357    0.368
 351     8000  4.00    0.182    0.299    0.369    0.377
 352     8000  4.50    0.183    0.300    0.379    0.384
 353     8000  5.00    0.179    0.297    0.389    0.388
 354     8250  1.00    0.114    0.177    0.226    0.226
 355     8250  1.50    0.096    0.180    0.225    0.227
 356     8250  2.00    0.096    0.187    0.231    0.236
 357     8250  2.50    0.101    0.196    0.239    0.246
 358     8250  3.00    0.109    0.203    0.247    0.256
 359     8250  3.50    0.116    0.210    0.257    0.266
 360     8250  4.00    0.126    0.217    0.268    0.276
 361     8250  4.50    0.132    0.222    0.279    0.284
 362     8250  5.00    0.131    0.221    0.290    0.289
 363     8500  1.50    0.043    0.101    0.138    0.136
 364     8500  2.00    0.038    0.106    0.141    0.141
 365     8500  2.50    0.042    0.113    0.146    0.149
 366     8500  3.00    0.048    0.121    0.152    0.158
 367     8500  3.50    0.056    0.127    0.160    0.168
 368     8500  4.00    0.064    0.134    0.169    0.177
 369     8500  4.50    0.076    0.141    0.181    0.186
 370     8500  5.00    0.081    0.145    0.193    0.193
 371     8750  1.50   -0.010    0.022    0.055    0.049
 372     8750  2.00   -0.018    0.026    0.054    0.050
 373     8750  2.50   -0.018    0.032    0.057    0.056
 374     8750  3.00   -0.013    0.039    0.061    0.064
 375     8750  3.50   -0.006    0.045    0.067    0.072
 376     8750  4.00    0.003    0.052    0.075    0.080
 377     8750  4.50    0.013    0.058    0.084    0.089
 378     8750  5.00    0.025    0.066    0.098    0.098
 379     9000  1.50   -0.066   -0.056   -0.028   -0.036
 380     9000  2.00   -0.075   -0.051   -0.029   -0.037
 381     9000  2.50   -0.077   -0.047   -0.029   -0.033
 382     9000  3.00   -0.074   -0.042   -0.027   -0.027
 383     9000  3.50   -0.069   -0.036   -0.023   -0.021
 384     9000  4.00   -0.060   -0.030   -0.017   -0.013
 385     9000  4.50   -0.051   -0.023   -0.008   -0.005
 386     9000  5.00   -0.037   -0.015    0.004    0.004
 387     9250  2.00   -0.132   -0.128   -0.110   -0.121
 388     9250  2.50   -0.136   -0.125   -0.112   -0.120
 389     9250  3.00   -0.135   -0.120   -0.111   -0.115
 390     9250  3.50   -0.130   -0.115   -0.109   -0.110
 391     9250  4.00   -0.123   -0.109   -0.104   -0.103
 392     9250  4.50   -0.114   -0.104   -0.098   -0.096
 393     9250  5.00   -0.103   -0.097   -0.088   -0.088
 394     9500  2.00   -0.190   -0.204   -0.190   -0.203
 395     9500  2.50   -0.195   -0.201   -0.192   -0.203
 396     9500  3.00   -0.196   -0.197   -0.193   -0.201
 397     9500  3.50   -0.192   -0.193   -0.192   -0.197
 398     9500  4.00   -0.186   -0.188   -0.190   -0.191
 399     9500  4.50   -0.177   -0.182   -0.184   -0.185
 400     9500  5.00   -0.167   -0.177   -0.176   -0.178
 401     9750  2.00   -0.248   -0.278   -0.268   -0.284
 402     9750  2.50   -0.254   -0.276   -0.271   -0.285
 403     9750  3.00   -0.256   -0.273   -0.273   -0.284
 404     9750  3.50   -0.254   -0.270   -0.274   -0.281
 405     9750  4.00   -0.249   -0.265   -0.272   -0.276
 406     9750  4.50   -0.240   -0.260   -0.268   -0.271
 407     9750  5.00   -0.231   -0.255   -0.261   -0.265
 408    10000  2.00   -0.306   -0.350   -0.344   -0.362
 409    10000  2.50   -0.312   -0.349   -0.348   -0.364
 410    10000  3.00   -0.316   -0.347   -0.351   -0.364
 411    10000  3.50   -0.315   -0.345   -0.352   -0.363
 412    10000  4.00   -0.311   -0.341   -0.352   -0.359
 413    10000  4.50   -0.303   -0.336   -0.349   -0.355
 414    10000  5.00   -0.294   -0.331   -0.344   -0.349
 415    10250  2.00   -0.364   -0.422   -0.419   -0.438
 416    10250  2.50   -0.371   -0.421   -0.423   -0.442
 417    10250  3.00   -0.375   -0.420   -0.427   -0.443
 418    10250  3.50   -0.376   -0.419   -0.429   -0.442
 419    10250  4.00   -0.372   -0.416   -0.430   -0.440
 420    10250  4.50   -0.366   -0.411   -0.428   -0.436
 421    10250  5.00   -0.356   -0.406   -0.424   -0.431
 422    10500  2.00   -0.421   -0.492   -0.492   -0.513
 423    10500  2.50   -0.428   -0.491   -0.497   -0.518
 424    10500  3.00   -0.434   -0.492   -0.501   -0.520
 425    10500  3.50   -0.435   -0.491   -0.505   -0.520
 426    10500  4.00   -0.433   -0.489   -0.506   -0.519
 427    10500  4.50   -0.428   -0.485   -0.505   -0.516
 428    10500  5.00   -0.419   -0.480   -0.501   -0.511
 429    10750  2.00   -0.478   -0.560   -0.564   -0.587
 430    10750  2.50   -0.486   -0.560   -0.569   -0.592
 431    10750  3.00   -0.492   -0.562   -0.574   -0.595
 432    10750  3.50   -0.495   -0.562   -0.578   -0.597
 433    10750  4.00   -0.494   -0.560   -0.580   -0.596
 434    10750  4.50   -0.489   -0.557   -0.580   -0.593
 435    10750  5.00   -0.481   -0.553   -0.577   -0.590
 436    11000  2.00   -0.535   -0.628   -0.635   -0.659
 437    11000  2.50   -0.543   -0.628   -0.640   -0.665
 438    11000  3.00   -0.549   -0.630   -0.646   -0.669
 439    11000  3.50   -0.553   -0.631   -0.650   -0.671
 440    11000  4.00   -0.553   -0.631   -0.653   -0.671
 441    11000  4.50   -0.549   -0.628   -0.654   -0.669
 442    11000  5.00   -0.542   -0.624   -0.652   -0.666
 443    11250  2.00   -0.591   -0.695   -0.704   -0.730
 444    11250  2.50   -0.599   -0.695   -0.709   -0.736
 445    11250  3.00   -0.606   -0.697   -0.716   -0.741
 446    11250  3.50   -0.610   -0.699   -0.721   -0.744
 447    11250  4.00   -0.612   -0.699   -0.725   -0.745
 448    11250  4.50   -0.609   -0.698   -0.726   -0.744
 449    11250  5.00   -0.602   -0.695   -0.724   -0.741
 450    11500  2.00   -0.647   -0.760   -0.772   -0.799
 451    11500  2.50   -0.654   -0.761   -0.778   -0.806
 452    11500  3.00   -0.662   -0.763   -0.784   -0.811
 453    11500  3.50   -0.667   -0.766   -0.790   -0.815
 454    11500  4.00   -0.669   -0.767   -0.794   -0.817
 455    11500  4.50   -0.667   -0.766   -0.796   -0.817
 456    11500  5.00   -0.662   -0.763   -0.796   -0.815
 457    11750  2.00   -0.702   -0.825   -0.839   -0.868
 458    11750  2.50   -0.710   -0.825   -0.845   -0.874
 459    11750  3.00   -0.717   -0.828   -0.852   -0.880
 460    11750  3.50   -0.723   -0.831   -0.858   -0.884
 461    11750  4.00   -0.726   -0.833   -0.863   -0.887
 462    11750  4.50   -0.725   -0.833   -0.865   -0.888
 463    11750  5.00   -0.720   -0.831   -0.865   -0.886
 464    12000  2.50   -0.764   -0.889   -0.911   -0.942
 465    12000  3.00   -0.772   -0.892   -0.918   -0.948
 466    12000  3.50   -0.778   -0.895   -0.924   -0.952
 467    12000  4.00   -0.782   -0.897   -0.929   -0.956
 468    12000  4.50   -0.781   -0.898   -0.933   -0.957
 469    12000  5.00   -0.778   -0.897   -0.933   -0.957
 470    12250  2.50   -0.818   -0.951   -0.976   -1.008
 471    12250  3.00   -0.826   -0.954   -0.983   -1.014
 472    12250  3.50   -0.833   -0.958   -0.990   -1.019
 473    12250  4.00   -0.836   -0.961   -0.995   -1.023
 474    12250  4.50   -0.837   -0.962   -0.999   -1.025
 475    12250  5.00   -0.834   -0.961   -1.000   -1.025
 476    12500  2.50   -0.872   -1.013   -1.039   -1.073
 477    12500  3.00   -0.880   -1.016   -1.047   -1.080
 478    12500  3.50   -0.887   -1.020   -1.054   -1.085
 479    12500  4.00   -0.891   -1.023   -1.059   -1.089
 480    12500  4.50   -0.892   -1.024   -1.063   -1.091
 481    12500  5.00   -0.889   -1.024   -1.065   -1.092
 482    12750  2.50   -0.925   -1.073   -1.102   -1.137
 483    12750  3.00   -0.933   -1.077   -1.109   -1.144
 484    12750  3.50   -0.940   -1.081   -1.117   -1.149
 485    12750  4.00   -0.944   -1.084   -1.122   -1.154
 486    12750  4.50   -0.945   -1.086   -1.127   -1.156
 487    12750  5.00   -0.944   -1.086   -1.129   -1.158
 488    13000  2.50   -0.977   -1.132   -1.164   -1.200
 489    13000  3.00   -0.985   -1.137   -1.171   -1.207
 490    13000  3.50   -0.992   -1.141   -1.178   -1.213
 491    13000  4.00   -0.997   -1.144   -1.184   -1.217
 492    13000  4.50   -0.998   -1.146   -1.189   -1.220
 493    13000  5.00   -0.997   -1.147   -1.191   -1.222
 494    14000  2.00   -1.166   -1.356   -1.390   -1.431
 495    14000  2.50   -1.177   -1.360   -1.399   -1.441
 496    14000  3.00   -1.187   -1.366   -1.408   -1.449
 497    14000  3.50   -1.195   -1.370   -1.416   -1.455
 498    14000  4.00   -1.200   -1.374   -1.422   -1.460
 499    14000  4.50   -1.202   -1.377   -1.427   -1.464
 500    14000  5.00   -1.202   -1.378   -1.430   -1.466
 501    15000  2.50   -1.364   -1.571   -1.618   -1.665
 502    15000  3.00   -1.378   -1.579   -1.629   -1.675
 503    15000  3.50   -1.387   -1.586   -1.638   -1.682
 504    15000  4.00   -1.393   -1.590   -1.644   -1.687
 505    15000  4.50   -1.395   -1.592   -1.649   -1.691
 506    15000  5.00   -1.395   -1.594   -1.652   -1.694
 507    16000  2.50   -1.538   -1.767   -1.820   -1.872
 508    16000  3.00   -1.556   -1.779   -1.835   -1.885
 509    16000  3.50   -1.567   -1.787   -1.845   -1.894
 510    16000  4.00   -1.574   -1.792   -1.852   -1.900
 511    16000  4.50   -1.577   -1.795   -1.857   -1.904
 512    16000  5.00   -1.578   -1.797   -1.860   -1.907
 513    17000  2.50   -1.700   -1.948   -2.008   -2.064
 514    17000  3.00   -1.721   -1.964   -2.026   -2.081
 515    17000  3.50   -1.736   -1.975   -2.039   -2.092
 516    17000  4.00   -1.745   -1.982   -2.048   -2.100
 517    17000  4.50   -1.749   -1.986   -2.053   -2.104
 518    17000  5.00   -1.750   -1.988   -2.056   -2.107
 519    18000  2.50   -1.850   -2.116   -2.182   -2.242
 520    18000  3.00   -1.876   -2.136   -2.204   -2.263
 521    18000  3.50   -1.894   -2.150   -2.220   -2.277
 522    18000  4.00   -1.906   -2.159   -2.230   -2.287
 523    18000  4.50   -1.911   -2.165   -2.237   -2.292
 524    18000  5.00   -1.913   -2.167   -2.240   -2.296
 525    19000  2.50   -1.989   -2.272   -2.343   -2.407
 526    19000  3.00   -2.021   -2.297   -2.370   -2.433
 527    19000  3.50   -2.042   -2.314   -2.389   -2.450
 528    19000  4.00   -2.056   -2.326   -2.401   -2.462
 529    19000  4.50   -2.064   -2.333   -2.409   -2.469
 530    19000  5.00   -2.066   -2.336   -2.414   -2.473
 531    20000  3.00   -2.156   -2.448   -2.526   -2.592
 532    20000  3.50   -2.181   -2.468   -2.547   -2.612
 533    20000  4.00   -2.198   -2.482   -2.562   -2.626
 534    20000  4.50   -2.207   -2.490   -2.571   -2.634
 535    20000  5.00   -2.211   -2.495   -2.577   -2.640
 536    21000  3.00   -2.282   -2.588   -2.671   -2.741
 537    21000  3.50   -2.312   -2.613   -2.696   -2.765
 538    21000  4.00   -2.331   -2.629   -2.713   -2.780
 539    21000  4.50   -2.342   -2.639   -2.724   -2.791
 540    21000  5.00   -2.347   -2.645   -2.730   -2.797
 541    22000  3.00   -2.399   -2.718   -2.805   -2.880
 542    22000  3.50   -2.435   -2.749   -2.837   -2.909
 543    22000  4.00   -2.457   -2.767   -2.856   -2.927
 544    22000  4.50   -2.470   -2.779   -2.868   -2.938
 545    22000  5.00   -2.477   -2.786   -2.876   -2.946
 546    23000  3.00   -2.509   -2.840   -2.931   -3.009
 547    23000  3.50   -2.550   -2.876   -2.968   -3.044
 548    23000  4.00   -2.576   -2.898   -2.991   -3.065
 549    23000  4.50   -2.591   -2.912   -3.005   -3.079
 550    23000  5.00   -2.599   -2.920   -3.013   -3.087
 551    24000  3.00   -2.611   -2.953   -3.049   -3.130
 552    24000  3.50   -2.658   -2.996   -3.092   -3.172
 553    24000  4.00   -2.688   -3.022   -3.118   -3.196
 554    24000  4.50   -2.705   -3.038   -3.134   -3.212
 555    24000  5.00   -2.715   -3.047   -3.144   -3.221
 556    25000  3.00   -2.703   -3.057   -3.157   -3.241
 557    25000  3.50   -2.761   -3.109   -3.209   -3.292
 558    25000  4.00   -2.793   -3.138   -3.238   -3.320
 559    25000  4.50   -2.813   -3.156   -3.257   -3.338
 560    25000  5.00   -2.825   -3.168   -3.268   -3.349
 561    26000  3.00   -2.779   -3.145   -3.248   -3.336
 562    26000  3.50   -2.856   -3.215   -3.319   -3.405
 563    26000  4.00   -2.893   -3.248   -3.352   -3.437
 564    26000  4.50   -2.915   -3.269   -3.373   -3.457
 565    26000  5.00   -2.928   -3.281   -3.386   -3.470
 566    27000  3.50   -2.944   -3.313   -3.421   -3.511
 567    27000  4.00   -2.987   -3.352   -3.460   -3.547
 568    27000  4.50   -3.012   -3.374   -3.482   -3.570
 569    27000  5.00   -3.026   -3.389   -3.497   -3.584
 570    28000  3.50   -3.021   -3.401   -3.512   -3.605
 571    28000  4.00   -3.074   -3.449   -3.560   -3.651
 572    28000  4.50   -3.102   -3.474   -3.586   -3.676
 573    28000  5.00   -3.118   -3.490   -3.601   -3.691
 574    29000  3.50   -3.090   -3.477   -3.592   -3.686
 575    29000  4.00   -3.154   -3.538   -3.653   -3.746
 576    29000  4.50   -3.186   -3.568   -3.683   -3.775
 577    29000  5.00   -3.204   -3.585   -3.700   -3.792
 578    30000  3.50   -3.155   -3.549   -3.664   -3.760
 579    30000  4.00   -3.226   -3.618   -3.736   -3.832
 580    30000  4.50   -3.264   -3.654   -3.772   -3.867
 581    30000  5.00   -3.284   -3.674   -3.791   -3.886
 582    31000  3.50   -3.221   -3.619   -3.735   -3.832
 583    31000  4.00   -3.292   -3.692   -3.812   -3.910
 584    31000  4.50   -3.335   -3.734   -3.854   -3.951
 585    31000  5.00   -3.359   -3.756   -3.876   -3.974
 586    32000  4.00   -3.356   -3.761   -3.882   -3.982
 587    32000  4.50   -3.402   -3.807   -3.929   -4.028
 588    32000  5.00   -3.428   -3.833   -3.955   -4.054
 589    33000  4.00   -3.421   -3.831   -3.952   -4.053
 590    33000  4.50   -3.465   -3.876   -3.999   -4.100
 591    33000  5.00   -3.493   -3.904   -4.028   -4.129
 592    34000  4.00   -3.489   -3.901   -4.023   -4.124
 593    34000  4.50   -3.529   -3.944   -4.068   -4.170
 594    34000  5.00   -3.556   -3.972   -4.097   -4.199
 595    35000  4.00   -3.559   -3.972   -4.094   -4.195
 596    35000  4.50   -3.594   -4.012   -4.137   -4.239
 597    35000  5.00   -3.620   -4.040   -4.165   -4.268
 598    36000  4.00   -3.634   -4.046   -4.168   -4.269
 599    36000  4.50   -3.661   -4.081   -4.206   -4.308
 600    36000  5.00   -3.684   -4.107   -4.233   -4.337
 601    37000  4.00   -3.713   -4.125   -4.245   -4.346
 602    37000  4.50   -3.730   -4.151   -4.275   -4.378
 603    37000  5.00   -3.750   -4.174   -4.301   -4.404
 604    38000  4.00   -3.794   -4.206   -4.326   -4.427
 605    38000  4.50   -3.804   -4.223   -4.348   -4.451
 606    38000  5.00   -3.818   -4.243   -4.369   -4.473
 607    39000  4.00   -3.876   -4.288   -4.409   -4.510
 608    39000  4.50   -3.880   -4.299   -4.423   -4.526
 609    39000  5.00   -3.888   -4.313   -4.439   -4.543
 610    40000  4.50   -3.958   -4.377   -4.501   -4.605
 611    40000  5.00   -3.962   -4.386   -4.512   -4.616
 612    41000  4.50   -4.036   -4.457   -4.580   -4.684
 613    41000  5.00   -4.037   -4.462   -4.587   -4.692
 614    42000  4.50   -4.114   -4.536   -4.660   -4.764
 615    42000  5.00   -4.114   -4.538   -4.664   -4.769
 616    43000  4.50   -4.191   -4.614   -4.738   -4.843
 617    43000  5.00   -4.190   -4.615   -4.741   -4.846
 618    44000  4.50   -4.267   -4.690   -4.815   -4.920
 619    44000  5.00   -4.266   -4.692   -4.817   -4.923
 620    45000  4.50   -4.340   -4.765   -4.890   -4.996
 621    45000  5.00   -4.340   -4.767   -4.893   -5.000
 622    46000  4.50   -4.412   -4.839   -4.964   -5.071
 623    46000  5.00   -4.413   -4.841   -4.968   -5.075
 624    47000  4.50   -4.483   -4.910   -5.036   -5.143
 625    47000  5.00   -4.485   -4.914   -5.041   -5.148
 626    48000  4.50   -4.552   -4.981   -5.107   -5.215
 627    48000  5.00   -4.555   -4.986   -5.113   -5.221
 628    49000  4.50   -4.619   -5.049   -5.176   -5.284
 629    49000  5.00   -4.624   -5.055   -5.183   -5.291
 630    50000  5.00   -4.691   -5.124   -5.252   -5.360
 631    56101  5.00   -4.790   -5.222   -5.343   -5.444
 632    62946  5.00   -5.144   -5.584   -5.708   -5.812
 633    70627  5.00   -5.501   -5.948   -6.075   -6.181
 634    79245  5.00   -5.861   -6.313   -6.442   -6.550
 635    88914  5.00   -6.221   -6.679   -6.811   -6.920
 636    99763  5.00   -6.584   -7.046   -7.180   -7.291
 637   111936  5.00   -6.948   -7.414   -7.549   -7.662
 638   125595  5.00   -7.313   -7.782   -7.920   -8.033
 639   140920  5.00   -7.679   -8.152   -8.291   -8.405
 640   158115  5.00   -8.046   -8.522   -8.662   -8.777
 641   177407  5.00   -8.414   -8.892   -9.034   -9.150
 642   199055  5.00   -8.783   -9.263   -9.406   -9.522
 643   223343  5.00   -9.153   -9.635   -9.778   -9.895
 644   250595  5.00   -9.523  -10.007  -10.151  -10.269
 645   281172  5.00   -9.893  -10.379  -10.524  -10.642
 646   315481  5.00  -10.264  -10.752  -10.897  -11.016
 647   353975  5.00  -10.636  -11.124  -11.270  -11.389
 648   397167  5.00  -11.008  -11.497  -11.644  -11.763
 649   445629  5.00  -11.380  -11.871  -12.017  -12.137
 650   500004  5.00  -11.753  -12.244  -12.391  -12.511
 651   561014  5.00  -12.126  -12.618  -12.765  -12.885
 652   629469  5.00  -12.499  -12.991  -13.139  -13.260
 653   706276  5.00  -12.872  -13.365  -13.513  -13.634
 654   792455  5.00  -13.245  -13.739  -13.888  -14.009
 655   889149  5.00  -13.619  -14.113  -14.262  -14.383
 656   997642  5.00  -13.993  -14.488  -14.636  -14.758
 657  1119373  5.00  -14.367  -14.862  -15.011  -15.132
 658  1255958  5.00  -14.741  -15.236  -15.385  -15.507
 659  1409209  5.00  -15.115  -15.611  -15.760  -15.882
 660  1581159  5.00  -15.489  -15.985  -16.135  -16.256
 661  1774090  5.00  -15.863  -16.360  -16.509  -16.631
 662  1990563  5.00  -16.238  -16.735  -16.884  -17.006
 663  2233450  5.00  -16.612  -17.109  -17.259  -17.381
 664  2505973  5.00  -16.987  -17.484  -17.633  -17.755
 665  2811749  5.00  -17.361  -17.859  -18.008  -18.130
 666  3154836  5.00  -17.736  -18.233  -18.383  -18.505
 667  3539785  5.00  -18.111  -18.608  -18.758  -18.880
 668  3971706  5.00  -18.485  -18.983  -19.133  -19.255
 669  4456330  5.00  -18.860  -19.358  -19.508  -19.630
# BCs for Fluks et al. 1994 M-giant spectra:
#  n     Teff  logg        I        J        H       Ks
   0     3810  0.00    0.372    1.642    2.541    2.696
   1     3736  0.00    0.340    1.671    2.586    2.751
   2     3666  0.00    0.294    1.696    2.631    2.808
   3     3574  0.00    0.164    1.735    2.694    2.888
   4     3434  0.00   -0.115    1.783    2.775    2.993
   5     3309  0.00   -0.562    1.832    2.852    3.094
   6     3126  0.00   -1.249    1.889    2.941    3.196
   7     2890  0.00   -1.808    1.964    3.002    3.263
   8     2667  0.00   -2.091    2.018    2.961    3.288
   9     2500  0.00   -2.259    2.047    2.854    3.271
