# BCs for ATLAS9 + DUSTY99 + blackbody spectra:
#  n     Teff  logg        I        J        H       Ks
   0      500  3.50  -39.445  -19.367   -9.382   -2.765
   1      500  4.00  -38.769  -18.942   -9.058   -2.549
   2      500  4.50  -38.159  -18.262   -8.386   -2.074
   3      500  5.00  -36.565  -17.184   -7.674   -1.669
   4      500  5.50  -34.587  -15.955   -6.962   -1.321
   5      500  6.00  -32.629  -14.783   -6.278   -1.046
   6      600  3.50  -31.545  -14.943   -6.791   -1.272
   7      600  4.00  -31.114  -14.663   -6.559   -1.094
   8      600  4.50  -31.754  -14.690   -6.287   -0.822
   9      600  5.00  -30.431  -13.747   -5.587   -0.390
  10      600  5.50  -28.863  -12.721   -4.932   -0.047
  11      600  6.00  -27.253  -11.738   -4.341    0.196
  12      700  3.50  -25.373  -11.440   -4.658   -0.017
  13      700  4.00  -25.037  -11.231   -4.500    0.088
  14      700  4.50  -25.560  -11.236   -4.248    0.341
  15      700  5.00  -24.828  -10.646   -3.788    0.616
  16      700  5.50  -23.441   -9.685   -3.178    0.915
  17      700  6.00  -21.873   -8.743   -2.639    1.135
  18      800  3.50  -19.653   -8.090   -2.641    1.066
  19      800  4.00  -19.813   -8.185   -2.666    1.118
  20      800  4.50  -20.259   -8.260   -2.583    1.225
  21      800  5.00  -19.509   -7.729   -2.197    1.460
  22      800  5.50  -18.482   -7.089   -1.805    1.634
  23      800  6.00  -17.191   -6.394   -1.419    1.773
  24      900  3.50  -15.091   -5.754   -1.400    1.654
  25      900  4.00  -14.972   -5.617   -1.257    1.804
  26      900  4.50  -15.528   -5.798   -1.245    1.908
  27      900  5.00  -14.330   -5.062   -0.968    2.035
  28      900  5.50  -14.344   -5.066   -0.736    2.197
  29     1000  3.50  -12.952   -4.697   -0.797    2.013
  30     1000  4.00  -12.493   -4.404   -0.589    2.147
  31     1000  4.50  -12.228   -4.177   -0.386    2.312
  32     1000  5.00  -11.968   -3.963   -0.187    2.470
  33     1000  5.50  -11.631   -3.739   -0.018    2.564
  34     1000  6.00  -10.981   -3.375    0.208    2.650
  35     1100  3.50  -10.898   -3.631   -0.171    2.375
  36     1100  4.00  -10.694   -3.497   -0.067    2.454
  37     1100  4.50  -10.503   -3.340    0.080    2.570
  38     1100  5.00  -10.073   -3.036    0.319    2.721
  39     1100  5.50   -9.600   -2.721    0.551    2.849
  40     1100  6.00  -13.366   -5.111   -1.211    1.599
  41     1200  3.50   -9.030   -2.605    0.464    2.742
  42     1200  4.00   -9.030   -2.605    0.464    2.742
  43     1200  4.50   -9.030   -2.605    0.464    2.742
  44     1200  5.00   -8.838   -2.422    0.668    2.919
  45     1200  6.00   -7.889   -1.815    1.086    3.097
  46     1300  3.50   -7.380   -1.689    1.037    3.075
  47     1300  4.00   -7.406   -1.703    1.033    3.074
  48     1300  4.50   -7.629   -1.813    0.998    3.081
  49     1300  5.00   -7.559   -1.751    1.060    3.125
  50     1300  5.50   -7.356   -1.607    1.170    3.172
  51     1300  6.00   -9.304   -2.910    1.093    3.225
  52     1400  3.50   -6.038   -0.944    1.542    3.329
  53     1400  4.00   -6.054   -0.960    1.516    3.309
  54     1400  4.50   -6.163   -1.007    1.478    3.289
  55     1400  5.00   -6.298   -1.068    1.481    3.310
  56     1400  5.50   -6.074   -0.916    1.564    3.325
  57     1400  6.00   -6.075   -0.916    1.582    3.332
  58     1500  3.50   -4.951   -0.169    2.042    3.493
  59     1500  4.00   -4.966   -0.244    2.000    3.475
  60     1500  4.50   -5.089   -0.351    1.936    3.446
  61     1500  5.00   -5.143   -0.404    1.903    3.441
  62     1500  5.50   -5.170   -0.436    1.875    3.432
  63     1500  6.00   -5.143   -0.432    1.856    3.408
  64     1600  3.50   -3.923    0.646    2.396    3.523
  65     1600  4.00   -3.972    0.560    2.377    3.521
  66     1600  4.50   -4.058    0.426    2.334    3.507
  67     1600  5.00   -4.142    0.280    2.277    3.493
  68     1600  5.50   -4.194    0.181    2.221    3.479
  69     1600  6.00   -4.231    0.101    2.165    3.460
  70     1700  3.50   -2.994    1.333    2.629    3.501
  71     1700  4.00   -2.755    1.380    2.691    3.534
  72     1700  4.50   -2.230    1.745    2.913    3.634
  73     1700  5.00   -2.827    1.298    2.736    3.560
  74     1700  5.50   -3.153    0.989    2.603    3.512
  75     1700  6.00   -3.382    0.730    2.469    3.470
  76     1800  3.50   -2.456    1.618    2.677    3.419
  77     1800  4.00   -2.348    1.657    2.728    3.435
  78     1800  4.50   -1.974    1.841    2.856    3.479
  79     1800  5.00   -1.933    1.871    2.922    3.503
  80     1800  5.50   -2.272    1.579    2.807    3.442
  81     1800  6.00   -2.318    1.515    2.804    3.474
  82     1900  3.50   -1.915    1.904    2.741    3.357
  83     1900  4.00   -1.974    1.833    2.731    3.346
  84     1900  4.50   -2.236    1.636    2.669    3.303
  85     1900  5.00   -1.898    1.812    2.804    3.337
  86     1900  5.50   -2.060    1.689    2.780    3.288
  87     1900  6.00   -2.126    1.579    2.724    3.256
  88     2000  3.50   -1.623    2.019    2.736    3.279
  89     2000  4.00   -1.580    1.990    2.745    3.278
  90     2000  4.50   -1.543    1.982    2.768    3.267
  91     2000  5.00   -1.608    1.922    2.780    3.234
  92     2000  5.50   -1.877    1.743    2.740    3.174
  93     2000  6.00   -1.862    1.689    2.714    3.125
  94     2100  4.00   -1.299    2.071    2.732    3.206
  95     2100  5.00   -1.152    2.085    2.810    3.196
  96     2100  5.50   -1.422    1.911    2.766    3.115
  97     2100  6.00   -1.659    1.759    2.697    3.019
  98     2200  3.50   -1.076    2.137    2.700    3.138
  99     2200  4.00   -1.035    2.123    2.712    3.139
 100     2200  4.50   -0.984    2.129    2.741    3.138
 101     2200  5.00   -0.930    2.115    2.777    3.133
 102     2200  5.50   -1.019    2.042    2.788    3.081
 103     2200  6.00   -1.074    1.981    2.767    2.982
 104     2300  3.50   -0.827    2.148    2.670    3.075
 105     2300  4.00   -0.790    2.135    2.684    3.079
 106     2300  4.50   -0.759    2.137    2.710    3.079
 107     2300  5.00   -0.725    2.119    2.739    3.075
 108     2300  5.50   -0.732    2.092    2.772    3.043
 109     2300  6.00   -0.734    2.066    2.788    2.966
 110     2400  3.50   -0.589    2.138    2.636    3.016
 111     2400  4.00   -0.558    2.127    2.649    3.021
 112     2400  4.50   -0.538    2.136    2.676    3.021
 113     2400  5.50   -0.475    2.120    2.753    3.007
 114     2400  6.00   -0.511    2.079    2.764    2.936
 115     2500  3.50   -0.386    2.104    2.592    2.956
 116     2500  4.00   -0.349    2.100    2.610    2.965
 117     2500  4.50   -0.341    2.114    2.637    2.965
 118     2500  5.00   -0.298    2.118    2.675    2.975
 119     2500  5.50   -0.281    2.107    2.712    2.965
 120     2500  6.00   -0.296    2.086    2.740    2.915
 121     2600  3.50   -0.217    2.066    2.549    2.898
 122     2600  4.00   -0.174    2.061    2.566    2.908
 123     2600  4.50   -0.166    2.080    2.595    2.911
 124     2600  5.00   -0.124    2.089    2.634    2.923
 125     2600  5.50   -0.101    2.088    2.674    2.923
 126     2600  6.00   -0.116    2.068    2.703    2.889
 127     2700  3.50   -0.090    2.025    2.507    2.840
 128     2700  4.00   -0.032    2.021    2.525    2.853
 129     2700  4.50   -0.014    2.043    2.556    2.859
 130     2700  5.00    0.023    2.051    2.590    2.872
 131     2700  5.50    0.049    2.055    2.631    2.879
 132     2700  6.00    0.047    2.046    2.665    2.860
 133     2800  5.00    0.253    1.979    2.565    2.800
 134     2800  5.50    0.282    1.993    2.591    2.767
 135     2900  5.00    0.335    1.939    2.528    2.767
 136     2900  5.50    0.356    1.950    2.553    2.745
 137     3000  5.00    0.393    1.894    2.485    2.726
 138     3000  5.50    0.419    1.909    2.514    2.718
 139     3100  5.00    0.447    1.857    2.448    2.687
 140     3100  5.50    0.467    1.867    2.473    2.685
 141     3200  5.00    0.486    1.819    2.407    2.645
 142     3200  5.50    0.509    1.830    2.434    2.649
 143     3300  5.00    0.525    1.788    2.374    2.606
 144     3300  5.50    0.544    1.795    2.395    2.610
 145     3400  5.00    0.558    1.758    2.342    2.569
 146     3400  5.50    0.573    1.762    2.355    2.570
 147     3500  5.00    0.586    1.729    2.312    2.535
 148     3500  5.50    0.600    1.731    2.319    2.532
 149     3600  5.00    0.607    1.698    2.284    2.504
 150     3600  5.50    0.619    1.699    2.281    2.493
 151     3700  5.00    0.618    1.662    2.252    2.468
 152     3700  5.50    0.638    1.670    2.247    2.455
 153     3800  5.00    0.635    1.633    2.227    2.436
 154     3800  5.50    0.650    1.637    2.212    2.416
 155     3500  0.00    0.270    1.678    2.693    2.901
 156     3500  0.50    0.290    1.686    2.696    2.882
 157     3500  1.00    0.318    1.700    2.692    2.854
 158     3500  1.50    0.355    1.720    2.678    2.815
 159     3500  2.00    0.400    1.743    2.653    2.766
 160     3500  2.50    0.451    1.765    2.617    2.708
 161     3500  3.00    0.512    1.784    2.560    2.640
 162     3500  3.50    0.580    1.791    2.464    2.567
 163     3500  4.00    0.628    1.788    2.369    2.507
 164     3500  4.50    0.651    1.782    2.319    2.472
 165     3500  5.00    0.662    1.780    2.298    2.455
 166     3750  0.00    0.418    1.630    2.549    2.728
 167     3750  0.50    0.416    1.619    2.558    2.725
 168     3750  1.00    0.421    1.616    2.563    2.718
 169     3750  1.50    0.433    1.620    2.563    2.705
 170     3750  2.00    0.453    1.630    2.556    2.683
 171     3750  2.50    0.479    1.645    2.541    2.652
 172     3750  3.00    0.514    1.662    2.516    2.610
 173     3750  3.50    0.561    1.675    2.465    2.555
 174     3750  4.00    0.613    1.681    2.377    2.492
 175     3750  4.50    0.651    1.684    2.298    2.439
 176     3750  5.00    0.672    1.685    2.258    2.408
 177     4000  0.00    0.533    1.600    2.400    2.544
 178     4000  0.50    0.524    1.584    2.408    2.544
 179     4000  1.00    0.519    1.572    2.415    2.543
 180     4000  1.50    0.516    1.564    2.419    2.542
 181     4000  2.00    0.516    1.560    2.421    2.539
 182     4000  2.50    0.522    1.561    2.420    2.532
 183     4000  3.00    0.534    1.567    2.413    2.519
 184     4000  3.50    0.557    1.578    2.396    2.494
 185     4000  4.00    0.596    1.588    2.351    2.451
 186     4000  4.50    0.639    1.593    2.278    2.396
 187     4000  5.00    0.672    1.598    2.210    2.351
 188     4250  0.00    0.619    1.558    2.252    2.367
 189     4250  0.50    0.606    1.541    2.257    2.367
 190     4250  1.00    0.596    1.528    2.262    2.366
 191     4250  1.50    0.590    1.518    2.265    2.366
 192     4250  2.00    0.586    1.511    2.268    2.366
 193     4250  2.50    0.583    1.507    2.270    2.365
 194     4250  3.00    0.584    1.505    2.270    2.364
 195     4250  3.50    0.587    1.505    2.268    2.361
 196     4250  4.00    0.598    1.510    2.259    2.353
 197     4250  4.50    0.627    1.515    2.225    2.324
 198     4250  5.00    0.663    1.520    2.169    2.282
 199     4500  0.00    0.681    1.503    2.105    2.197
 200     4500  0.50    0.665    1.487    2.108    2.197
 201     4500  1.00    0.653    1.474    2.110    2.196
 202     4500  1.50    0.644    1.465    2.112    2.196
 203     4500  2.00    0.638    1.458    2.114    2.196
 204     4500  2.50    0.634    1.453    2.115    2.195
 205     4500  3.00    0.632    1.449    2.116    2.195
 206     4500  3.50    0.632    1.448    2.116    2.195
 207     4500  4.00    0.636    1.448    2.115    2.194
 208     4500  4.50    0.644    1.452    2.110    2.191
 209     4500  5.00    0.664    1.456    2.089    2.174
 210     4750  0.00    0.718    1.437    1.958    2.032
 211     4750  0.50    0.701    1.422    1.961    2.034
 212     4750  1.00    0.688    1.410    1.963    2.034
 213     4750  1.50    0.677    1.401    1.964    2.033
 214     4750  2.00    0.670    1.394    1.965    2.033
 215     4750  2.50    0.664    1.389    1.966    2.033
 216     4750  3.00    0.661    1.385    1.967    2.032
 217     4750  3.50    0.659    1.383    1.967    2.033
 218     4750  4.00    0.661    1.383    1.967    2.033
 219     4750  4.50    0.665    1.384    1.966    2.033
 220     4750  5.00    0.672    1.387    1.963    2.033
 221     5000  0.00    0.729    1.360    1.808    1.872
 222     5000  0.50    0.713    1.347    1.815    1.875
 223     5000  1.00    0.699    1.336    1.818    1.877
 224     5000  1.50    0.689    1.328    1.820    1.877
 225     5000  2.00    0.680    1.321    1.821    1.877
 226     5000  2.50    0.674    1.316    1.822    1.877
 227     5000  3.00    0.670    1.312    1.822    1.877
 228     5000  3.50    0.668    1.310    1.822    1.877
 229     5000  4.00    0.668    1.309    1.822    1.878
 230     5000  4.50    0.671    1.310    1.822    1.878
 231     5000  5.00    0.676    1.313    1.821    1.880
 232     5250  0.00    0.716    1.273    1.656    1.713
 233     5250  0.50    0.703    1.264    1.668    1.721
 234     5250  1.00    0.691    1.256    1.674    1.724
 235     5250  1.50    0.681    1.248    1.677    1.726
 236     5250  2.00    0.673    1.242    1.679    1.726
 237     5250  2.50    0.667    1.237    1.681    1.727
 238     5250  3.00    0.662    1.233    1.681    1.727
 239     5250  3.50    0.660    1.231    1.682    1.727
 240     5250  4.00    0.661    1.230    1.683    1.728
 241     5250  4.50    0.664    1.232    1.682    1.729
 242     5250  5.00    0.669    1.234    1.682    1.731
 243     5500  0.00    0.687    1.178    1.504    1.555
 244     5500  0.50    0.677    1.174    1.521    1.568
 245     5500  1.00    0.668    1.169    1.531    1.575
 246     5500  1.50    0.659    1.163    1.537    1.579
 247     5500  2.00    0.652    1.158    1.540    1.581
 248     5500  2.50    0.646    1.153    1.543    1.582
 249     5500  3.00    0.642    1.150    1.545    1.583
 250     5500  3.50    0.639    1.148    1.546    1.583
 251     5500  4.00    0.640    1.147    1.547    1.584
 252     5500  4.50    0.643    1.148    1.548    1.586
 253     5500  5.00    0.648    1.151    1.548    1.588
 254     5750  0.00    0.646    1.078    1.352    1.399
 255     5750  0.50    0.640    1.080    1.375    1.418
 256     5750  1.00    0.634    1.079    1.389    1.429
 257     5750  1.50    0.628    1.075    1.398    1.435
 258     5750  2.00    0.621    1.071    1.404    1.439
 259     5750  2.50    0.616    1.067    1.408    1.442
 260     5750  3.00    0.612    1.064    1.411    1.443
 261     5750  3.50    0.609    1.062    1.414    1.444
 262     5750  4.00    0.609    1.061    1.416    1.446
 263     5750  4.50    0.612    1.062    1.417    1.448
 264     5750  5.00    0.617    1.065    1.418    1.450
 265     6000  0.00    0.596    0.974    1.202    1.246
 266     6000  0.50    0.596    0.984    1.232    1.271
 267     6000  1.00    0.593    0.987    1.250    1.286
 268     6000  1.50    0.590    0.986    1.262    1.295
 269     6000  2.00    0.585    0.984    1.271    1.302
 270     6000  2.50    0.581    0.981    1.277    1.306
 271     6000  3.00    0.576    0.978    1.281    1.308
 272     6000  3.50    0.573    0.975    1.285    1.310
 273     6000  4.00    0.572    0.974    1.288    1.312
 274     6000  4.50    0.574    0.974    1.291    1.314
 275     6000  5.00    0.579    0.977    1.292    1.317
 276     6250  0.50    0.543    0.884    1.092    1.127
 277     6250  1.00    0.547    0.893    1.115    1.146
 278     6250  1.50    0.546    0.896    1.130    1.159
 279     6250  2.00    0.544    0.896    1.140    1.168
 280     6250  2.50    0.541    0.895    1.148    1.174
 281     6250  3.00    0.537    0.892    1.154    1.178
 282     6250  3.50    0.533    0.889    1.159    1.181
 283     6250  4.00    0.530    0.887    1.163    1.183
 284     6250  4.50    0.531    0.887    1.167    1.185
 285     6250  5.00    0.535    0.888    1.170    1.188
 286     6500  0.50    0.484    0.782    0.955    0.987
 287     6500  1.00    0.493    0.797    0.981    1.010
 288     6500  1.50    0.498    0.805    1.000    1.027
 289     6500  2.00    0.499    0.808    1.013    1.038
 290     6500  2.50    0.498    0.809    1.023    1.046
 291     6500  3.00    0.495    0.807    1.030    1.052
 292     6500  3.50    0.491    0.804    1.037    1.055
 293     6500  4.00    0.487    0.802    1.042    1.058
 294     6500  4.50    0.486    0.800    1.047    1.060
 295     6500  5.00    0.487    0.801    1.052    1.064
 296     6750  0.50    0.426    0.684    0.826    0.854
 297     6750  1.00    0.434    0.699    0.852    0.878
 298     6750  1.50    0.444    0.712    0.873    0.897
 299     6750  2.00    0.450    0.720    0.889    0.911
 300     6750  2.50    0.452    0.722    0.900    0.922
 301     6750  3.00    0.450    0.722    0.910    0.929
 302     6750  3.50    0.447    0.721    0.917    0.934
 303     6750  4.00    0.443    0.718    0.924    0.937
 304     6750  4.50    0.440    0.715    0.930    0.940
 305     6750  5.00    0.439    0.714    0.935    0.943
 306     7000  0.50    0.370    0.589    0.705    0.728
 307     7000  1.00    0.376    0.605    0.730    0.752
 308     7000  1.50    0.385    0.618    0.750    0.771
 309     7000  2.00    0.396    0.629    0.768    0.788
 310     7000  2.50    0.402    0.636    0.782    0.800
 311     7000  3.00    0.403    0.638    0.792    0.810
 312     7000  3.50    0.402    0.638    0.801    0.816
 313     7000  4.00    0.398    0.635    0.809    0.821
 314     7000  4.50    0.394    0.633    0.816    0.824
 315     7000  5.00    0.392    0.631    0.822    0.827
 316     7250  0.50    0.319    0.499    0.594    0.613
 317     7250  1.00    0.320    0.514    0.615    0.633
 318     7250  1.50    0.328    0.527    0.634    0.652
 319     7250  2.00    0.336    0.538    0.650    0.668
 320     7250  2.50    0.347    0.548    0.665    0.682
 321     7250  3.00    0.353    0.554    0.678    0.693
 322     7250  3.50    0.354    0.555    0.688    0.701
 323     7250  4.00    0.352    0.554    0.696    0.707
 324     7250  4.50    0.348    0.551    0.705    0.711
 325     7250  5.00    0.345    0.549    0.712    0.715
 326     7500  0.50    0.281    0.419    0.496    0.509
 327     7500  1.00    0.267    0.427    0.509    0.522
 328     7500  1.50    0.273    0.440    0.525    0.539
 329     7500  2.00    0.280    0.450    0.539    0.554
 330     7500  2.50    0.289    0.459    0.553    0.568
 331     7500  3.00    0.299    0.468    0.566    0.580
 332     7500  3.50    0.304    0.472    0.577    0.590
 333     7500  4.00    0.304    0.473    0.587    0.597
 334     7500  4.50    0.302    0.471    0.596    0.602
 335     7500  5.00    0.298    0.469    0.605    0.606
 336     7750  1.00    0.217    0.343    0.409    0.419
 337     7750  1.50    0.218    0.354    0.422    0.432
 338     7750  2.00    0.224    0.365    0.434    0.446
 339     7750  2.50    0.232    0.374    0.446    0.459
 340     7750  3.00    0.241    0.382    0.458    0.470
 341     7750  3.50    0.250    0.389    0.470    0.481
 342     7750  4.00    0.254    0.392    0.480    0.490
 343     7750  4.50    0.254    0.392    0.491    0.496
 344     7750  5.00    0.251    0.390    0.500    0.501
 345     8000  1.00    0.172    0.264    0.319    0.323
 346     8000  1.50    0.163    0.270    0.325    0.330
 347     8000  2.00    0.168    0.280    0.334    0.342
 348     8000  2.50    0.175    0.289    0.344    0.354
 349     8000  3.00    0.183    0.297    0.354    0.365
 350     8000  3.50    0.192    0.304    0.365    0.376
 351     8000  4.00    0.200    0.311    0.377    0.385
 352     8000  4.50    0.203    0.313    0.388    0.393
 353     8000  5.00    0.202    0.312    0.398    0.398
 354     8250  1.00    0.128    0.187    0.234    0.234
 355     8250  1.50    0.109    0.189    0.233    0.234
 356     8250  2.00    0.110    0.197    0.239    0.243
 357     8250  2.50    0.116    0.206    0.247    0.254
 358     8250  3.00    0.125    0.214    0.255    0.264
 359     8250  3.50    0.133    0.221    0.265    0.274
 360     8250  4.00    0.142    0.228    0.275    0.284
 361     8250  4.50    0.150    0.234    0.287    0.292
 362     8250  5.00    0.152    0.235    0.298    0.298
 363     8500  1.50    0.057    0.110    0.146    0.143
 364     8500  2.00    0.052    0.115    0.149    0.149
 365     8500  2.50    0.056    0.123    0.154    0.157
 366     8500  3.00    0.064    0.131    0.161    0.167
 367     8500  3.50    0.073    0.139    0.169    0.176
 368     8500  4.00    0.081    0.145    0.178    0.185
 369     8500  4.50    0.092    0.152    0.189    0.194
 370     8500  5.00    0.099    0.157    0.201    0.201
 371     8750  1.50    0.003    0.032    0.063    0.056
 372     8750  2.00   -0.005    0.035    0.062    0.058
 373     8750  2.50   -0.004    0.042    0.065    0.064
 374     8750  3.00    0.002    0.049    0.070    0.072
 375     8750  3.50    0.011    0.056    0.076    0.081
 376     8750  4.00    0.020    0.063    0.084    0.089
 377     8750  4.50    0.030    0.070    0.093    0.098
 378     8750  5.00    0.042    0.077    0.106    0.106
 379     9000  1.50   -0.052   -0.045   -0.019   -0.029
 380     9000  2.00   -0.062   -0.042   -0.022   -0.030
 381     9000  2.50   -0.064   -0.038   -0.021   -0.026
 382     9000  3.00   -0.060   -0.032   -0.019   -0.020
 383     9000  3.50   -0.053   -0.025   -0.014   -0.012
 384     9000  4.00   -0.044   -0.018   -0.007   -0.004
 385     9000  4.50   -0.033   -0.012    0.001    0.004
 386     9000  5.00   -0.021   -0.005    0.012    0.012
 387     9250  2.00   -0.118   -0.118   -0.102   -0.114
 388     9250  2.50   -0.123   -0.116   -0.104   -0.113
 389     9250  3.00   -0.122   -0.111   -0.104   -0.108
 390     9250  3.50   -0.116   -0.106   -0.101   -0.102
 391     9250  4.00   -0.108   -0.099   -0.096   -0.095
 392     9250  4.50   -0.098   -0.093   -0.089   -0.087
 393     9250  5.00   -0.087   -0.086   -0.079   -0.080
 394     9500  2.00   -0.175   -0.193   -0.181   -0.196
 395     9500  2.50   -0.181   -0.191   -0.184   -0.196
 396     9500  3.00   -0.182   -0.188   -0.185   -0.194
 397     9500  3.50   -0.179   -0.184   -0.185   -0.189
 398     9500  4.00   -0.172   -0.179   -0.181   -0.183
 399     9500  4.50   -0.162   -0.172   -0.175   -0.177
 400     9500  5.00   -0.151   -0.166   -0.167   -0.169
 401     9750  2.00   -0.231   -0.266   -0.258   -0.275
 402     9750  2.50   -0.239   -0.265   -0.262   -0.278
 403     9750  3.00   -0.242   -0.264   -0.265   -0.277
 404     9750  3.50   -0.241   -0.260   -0.266   -0.274
 405     9750  4.00   -0.235   -0.256   -0.264   -0.269
 406     9750  4.50   -0.227   -0.251   -0.260   -0.263
 407     9750  5.00   -0.216   -0.245   -0.252   -0.256
 408    10000  2.00   -0.288   -0.337   -0.333   -0.352
 409    10000  2.50   -0.296   -0.337   -0.338   -0.356
 410    10000  3.00   -0.301   -0.337   -0.342   -0.357
 411    10000  3.50   -0.301   -0.335   -0.344   -0.356
 412    10000  4.00   -0.297   -0.332   -0.344   -0.352
 413    10000  4.50   -0.290   -0.327   -0.341   -0.347
 414    10000  5.00   -0.280   -0.322   -0.335   -0.341
 415    10250  2.00   -0.344   -0.407   -0.406   -0.427
 416    10250  2.50   -0.353   -0.408   -0.412   -0.433
 417    10250  3.00   -0.359   -0.409   -0.417   -0.435
 418    10250  3.50   -0.361   -0.408   -0.421   -0.435
 419    10250  4.00   -0.359   -0.406   -0.422   -0.433
 420    10250  4.50   -0.352   -0.402   -0.420   -0.429
 421    10250  5.00   -0.343   -0.397   -0.415   -0.424
 422    10500  2.00   -0.400   -0.476   -0.478   -0.501
 423    10500  2.50   -0.409   -0.477   -0.485   -0.507
 424    10500  3.00   -0.416   -0.479   -0.491   -0.511
 425    10500  3.50   -0.419   -0.480   -0.495   -0.512
 426    10500  4.00   -0.419   -0.478   -0.497   -0.511
 427    10500  4.50   -0.414   -0.475   -0.497   -0.508
 428    10500  5.00   -0.406   -0.471   -0.493   -0.504
 429    10750  2.00   -0.456   -0.544   -0.549   -0.573
 430    10750  2.50   -0.464   -0.545   -0.556   -0.580
 431    10750  3.00   -0.472   -0.547   -0.562   -0.585
 432    10750  3.50   -0.477   -0.549   -0.568   -0.587
 433    10750  4.00   -0.478   -0.549   -0.571   -0.587
 434    10750  4.50   -0.474   -0.547   -0.572   -0.586
 435    10750  5.00   -0.467   -0.543   -0.569   -0.582
 436    11000  2.00   -0.512   -0.611   -0.619   -0.645
 437    11000  2.50   -0.520   -0.611   -0.625   -0.651
 438    11000  3.00   -0.528   -0.615   -0.632   -0.657
 439    11000  3.50   -0.534   -0.617   -0.638   -0.660
 440    11000  4.00   -0.536   -0.618   -0.643   -0.662
 441    11000  4.50   -0.534   -0.617   -0.644   -0.661
 442    11000  5.00   -0.528   -0.614   -0.643   -0.659
 443    11250  2.00   -0.567   -0.677   -0.688   -0.715
 444    11250  2.50   -0.575   -0.677   -0.694   -0.722
 445    11250  3.00   -0.583   -0.681   -0.701   -0.728
 446    11250  3.50   -0.590   -0.684   -0.708   -0.732
 447    11250  4.00   -0.593   -0.686   -0.713   -0.734
 448    11250  4.50   -0.592   -0.686   -0.715   -0.734
 449    11250  5.00   -0.587   -0.684   -0.715   -0.733
 450    11500  2.00   -0.623   -0.742   -0.755   -0.784
 451    11500  2.50   -0.630   -0.742   -0.761   -0.791
 452    11500  3.00   -0.638   -0.745   -0.769   -0.797
 453    11500  3.50   -0.645   -0.749   -0.776   -0.802
 454    11500  4.00   -0.649   -0.752   -0.781   -0.805
 455    11500  4.50   -0.650   -0.753   -0.785   -0.806
 456    11500  5.00   -0.646   -0.752   -0.785   -0.805
 457    11750  2.00   -0.678   -0.806   -0.822   -0.852
 458    11750  2.50   -0.684   -0.806   -0.828   -0.858
 459    11750  3.00   -0.693   -0.809   -0.835   -0.865
 460    11750  3.50   -0.700   -0.813   -0.842   -0.870
 461    11750  4.00   -0.705   -0.817   -0.849   -0.874
 462    11750  4.50   -0.706   -0.818   -0.852   -0.876
 463    11750  5.00   -0.703   -0.818   -0.854   -0.876
 464    12000  2.50   -0.739   -0.869   -0.893   -0.925
 465    12000  3.00   -0.747   -0.872   -0.900   -0.932
 466    12000  3.50   -0.754   -0.877   -0.908   -0.937
 467    12000  4.00   -0.759   -0.880   -0.914   -0.942
 468    12000  4.50   -0.761   -0.883   -0.919   -0.945
 469    12000  5.00   -0.760   -0.883   -0.921   -0.946
 470    12250  2.50   -0.792   -0.931   -0.957   -0.991
 471    12250  3.00   -0.800   -0.934   -0.965   -0.998
 472    12250  3.50   -0.808   -0.939   -0.972   -1.004
 473    12250  4.00   -0.813   -0.943   -0.979   -1.008
 474    12250  4.50   -0.816   -0.946   -0.984   -1.012
 475    12250  5.00   -0.815   -0.947   -0.987   -1.013
 476    12500  2.50   -0.845   -0.992   -1.021   -1.056
 477    12500  3.00   -0.854   -0.996   -1.028   -1.062
 478    12500  3.50   -0.861   -1.000   -1.036   -1.068
 479    12500  4.00   -0.867   -1.004   -1.043   -1.074
 480    12500  4.50   -0.870   -1.008   -1.048   -1.077
 481    12500  5.00   -0.870   -1.009   -1.051   -1.080
 482    12750  2.50   -0.898   -1.052   -1.083   -1.120
 483    12750  3.00   -0.906   -1.056   -1.091   -1.126
 484    12750  3.50   -0.913   -1.060   -1.098   -1.132
 485    12750  4.00   -0.919   -1.065   -1.105   -1.138
 486    12750  4.50   -0.923   -1.068   -1.111   -1.142
 487    12750  5.00   -0.923   -1.070   -1.114   -1.145
 488    13000  2.50   -0.950   -1.112   -1.145   -1.183
 489    13000  3.00   -0.958   -1.115   -1.152   -1.189
 490    13000  3.50   -0.966   -1.120   -1.160   -1.195
 491    13000  4.00   -0.971   -1.124   -1.167   -1.201
 492    13000  4.50   -0.975   -1.128   -1.172   -1.205
 493    13000  5.00   -0.976   -1.131   -1.176   -1.208
 494    14000  2.00   -1.141   -1.336   -1.371   -1.413
 495    14000  2.50   -1.150   -1.339   -1.380   -1.423
 496    14000  3.00   -1.160   -1.344   -1.388   -1.430
 497    14000  3.50   -1.168   -1.349   -1.396   -1.437
 498    14000  4.00   -1.174   -1.353   -1.402   -1.442
 499    14000  4.50   -1.177   -1.357   -1.408   -1.447
 500    14000  5.00   -1.179   -1.360   -1.413   -1.451
 501    15000  2.50   -1.337   -1.550   -1.598   -1.646
 502    15000  3.00   -1.350   -1.558   -1.609   -1.656
 503    15000  3.50   -1.360   -1.564   -1.617   -1.663
 504    15000  4.00   -1.366   -1.568   -1.624   -1.668
 505    15000  4.50   -1.370   -1.572   -1.630   -1.673
 506    15000  5.00   -1.372   -1.575   -1.634   -1.677
 507    16000  2.50   -1.511   -1.745   -1.800   -1.853
 508    16000  3.00   -1.529   -1.757   -1.815   -1.866
 509    16000  3.50   -1.540   -1.765   -1.825   -1.875
 510    16000  4.00   -1.548   -1.771   -1.832   -1.881
 511    16000  4.50   -1.552   -1.775   -1.838   -1.886
 512    16000  5.00   -1.554   -1.777   -1.842   -1.890
 513    17000  2.50   -1.672   -1.926   -1.987   -2.044
 514    17000  3.00   -1.695   -1.942   -2.006   -2.062
 515    17000  3.50   -1.710   -1.953   -2.019   -2.073
 516    17000  4.00   -1.719   -1.961   -2.027   -2.081
 517    17000  4.50   -1.724   -1.965   -2.033   -2.086
 518    17000  5.00   -1.727   -1.968   -2.037   -2.090
 519    18000  2.50   -1.820   -2.092   -2.160   -2.221
 520    18000  3.00   -1.849   -2.114   -2.184   -2.244
 521    18000  3.50   -1.868   -2.129   -2.199   -2.258
 522    18000  4.00   -1.880   -2.138   -2.210   -2.268
 523    18000  4.50   -1.887   -2.144   -2.217   -2.274
 524    18000  5.00   -1.890   -2.148   -2.222   -2.278
 525    19000  2.50   -1.956   -2.245   -2.318   -2.384
 526    19000  3.00   -1.993   -2.274   -2.349   -2.414
 527    19000  3.50   -2.016   -2.293   -2.369   -2.431
 528    19000  4.00   -2.031   -2.305   -2.382   -2.443
 529    19000  4.50   -2.040   -2.313   -2.390   -2.451
 530    19000  5.00   -2.044   -2.317   -2.395   -2.455
 531    20000  3.00   -2.126   -2.423   -2.503   -2.572
 532    20000  3.50   -2.155   -2.447   -2.527   -2.593
 533    20000  4.00   -2.173   -2.461   -2.542   -2.607
 534    20000  4.50   -2.184   -2.471   -2.553   -2.617
 535    20000  5.00   -2.189   -2.477   -2.559   -2.623
 536    21000  3.00   -2.250   -2.561   -2.646   -2.719
 537    21000  3.50   -2.285   -2.590   -2.675   -2.746
 538    21000  4.00   -2.306   -2.608   -2.694   -2.762
 539    21000  4.50   -2.319   -2.620   -2.705   -2.773
 540    21000  5.00   -2.326   -2.627   -2.713   -2.780
 541    22000  3.00   -2.365   -2.689   -2.778   -2.854
 542    22000  3.50   -2.406   -2.724   -2.814   -2.888
 543    22000  4.00   -2.432   -2.746   -2.836   -2.908
 544    22000  4.50   -2.447   -2.760   -2.850   -2.921
 545    22000  5.00   -2.456   -2.768   -2.859   -2.929
 546    23000  3.00   -2.473   -2.809   -2.902   -2.981
 547    23000  3.50   -2.519   -2.850   -2.944   -3.022
 548    23000  4.00   -2.549   -2.876   -2.970   -3.046
 549    23000  4.50   -2.568   -2.892   -2.986   -3.061
 550    23000  5.00   -2.578   -2.902   -2.996   -3.071
 551    24000  3.00   -2.576   -2.922   -3.019   -3.101
 552    24000  3.50   -2.626   -2.968   -3.066   -3.147
 553    24000  4.00   -2.660   -2.998   -3.096   -3.176
 554    24000  4.50   -2.681   -3.017   -3.115   -3.194
 555    24000  5.00   -2.694   -3.029   -3.127   -3.205
 556    25000  3.00   -2.669   -3.027   -3.127   -3.213
 557    25000  3.50   -2.728   -3.080   -3.182   -3.266
 558    25000  4.00   -2.764   -3.113   -3.215   -3.298
 559    25000  4.50   -2.788   -3.135   -3.237   -3.319
 560    25000  5.00   -2.803   -3.149   -3.251   -3.332
 561    26000  3.00   -2.749   -3.117   -3.221   -3.310
 562    26000  3.50   -2.824   -3.187   -3.292   -3.379
 563    26000  4.00   -2.863   -3.222   -3.328   -3.414
 564    26000  4.50   -2.889   -3.246   -3.352   -3.437
 565    26000  5.00   -2.906   -3.262   -3.367   -3.452
 566    27000  3.50   -2.913   -3.286   -3.395   -3.485
 567    27000  4.00   -2.957   -3.326   -3.435   -3.524
 568    27000  4.50   -2.985   -3.351   -3.460   -3.548
 569    27000  5.00   -3.003   -3.368   -3.478   -3.565
 570    28000  3.50   -2.992   -3.375   -3.488   -3.581
 571    28000  4.00   -3.046   -3.424   -3.536   -3.628
 572    28000  4.50   -3.076   -3.451   -3.564   -3.655
 573    28000  5.00   -3.094   -3.469   -3.582   -3.672
 574    29000  3.50   -3.064   -3.455   -3.570   -3.666
 575    29000  4.00   -3.127   -3.514   -3.630   -3.725
 576    29000  4.50   -3.161   -3.545   -3.661   -3.755
 577    29000  5.00   -3.181   -3.564   -3.680   -3.773
 578    30000  3.50   -3.133   -3.529   -3.646   -3.743
 579    30000  4.00   -3.201   -3.596   -3.715   -3.812
 580    30000  4.50   -3.240   -3.633   -3.751   -3.848
 581    30000  5.00   -3.262   -3.654   -3.772   -3.868
 582    31000  3.50   -3.204   -3.604   -3.721   -3.819
 583    31000  4.00   -3.270   -3.672   -3.793   -3.892
 584    31000  4.50   -3.313   -3.714   -3.835   -3.933
 585    31000  5.00   -3.337   -3.737   -3.858   -3.956
 586    32000  4.00   -3.336   -3.744   -3.867   -3.967
 587    32000  4.50   -3.381   -3.789   -3.912   -4.012
 588    32000  5.00   -3.408   -3.815   -3.938   -4.038
 589    33000  4.00   -3.405   -3.817   -3.940   -4.041
 590    33000  4.50   -3.447   -3.860   -3.985   -4.086
 591    33000  5.00   -3.476   -3.889   -4.013   -4.115
 592    34000  4.00   -3.475   -3.889   -4.013   -4.115
 593    34000  4.50   -3.513   -3.931   -4.056   -4.159
 594    34000  5.00   -3.541   -3.959   -4.085   -4.187
 595    35000  4.00   -3.548   -3.963   -4.086   -4.189
 596    35000  4.50   -3.581   -4.001   -4.127   -4.230
 597    35000  5.00   -3.606   -4.028   -4.155   -4.258
 598    36000  4.00   -3.625   -4.039   -4.162   -4.265
 599    36000  4.50   -3.650   -4.071   -4.198   -4.302
 600    36000  5.00   -3.672   -4.097   -4.224   -4.329
 601    37000  4.00   -3.705   -4.119   -4.241   -4.344
 602    37000  4.50   -3.721   -4.143   -4.269   -4.374
 603    37000  5.00   -3.740   -4.166   -4.294   -4.399
 604    38000  4.00   -3.787   -4.201   -4.323   -4.426
 605    38000  4.50   -3.796   -4.218   -4.343   -4.448
 606    38000  5.00   -3.809   -4.236   -4.364   -4.469
 607    39000  4.00   -3.868   -4.284   -4.406   -4.509
 608    39000  4.50   -3.873   -4.294   -4.420   -4.525
 609    39000  5.00   -3.881   -4.308   -4.435   -4.541
 610    40000  4.50   -3.951   -4.373   -4.498   -4.604
 611    40000  5.00   -3.955   -4.382   -4.509   -4.615
 612    41000  4.50   -4.029   -4.452   -4.578   -4.683
 613    41000  5.00   -4.031   -4.457   -4.584   -4.691
 614    42000  4.50   -4.106   -4.530   -4.656   -4.762
 615    42000  5.00   -4.107   -4.534   -4.661   -4.768
 616    43000  4.50   -4.182   -4.607   -4.734   -4.840
 617    43000  5.00   -4.182   -4.610   -4.737   -4.845
 618    44000  4.50   -4.256   -4.682   -4.809   -4.917
 619    44000  5.00   -4.257   -4.686   -4.813   -4.921
 620    45000  4.50   -4.329   -4.756   -4.884   -4.991
 621    45000  5.00   -4.331   -4.760   -4.888   -4.996
 622    46000  4.50   -4.400   -4.828   -4.956   -5.064
 623    46000  5.00   -4.402   -4.833   -4.962   -5.070
 624    47000  4.50   -4.469   -4.899   -5.027   -5.136
 625    47000  5.00   -4.473   -4.905   -5.034   -5.143
 626    48000  4.50   -4.537   -4.969   -5.097   -5.206
 627    48000  5.00   -4.542   -4.975   -5.104   -5.214
 628    49000  4.50   -4.604   -5.037   -5.166   -5.275
 629    49000  5.00   -4.610   -5.044   -5.173   -5.283
 630    50000  5.00   -4.676   -5.111   -5.241   -5.352
 631    56101  5.00   -4.790   -5.222   -5.343   -5.444
 632    62946  5.00   -5.144   -5.584   -5.708   -5.812
 633    70627  5.00   -5.501   -5.948   -6.075   -6.181
 634    79245  5.00   -5.861   -6.313   -6.442   -6.550
 635    88914  5.00   -6.221   -6.679   -6.811   -6.920
 636    99763  5.00   -6.584   -7.046   -7.180   -7.291
 637   111936  5.00   -6.948   -7.414   -7.549   -7.662
 638   125595  5.00   -7.313   -7.782   -7.920   -8.033
 639   140920  5.00   -7.679   -8.152   -8.291   -8.405
 640   158115  5.00   -8.046   -8.522   -8.662   -8.777
 641   177407  5.00   -8.414   -8.892   -9.034   -9.150
 642   199055  5.00   -8.783   -9.263   -9.406   -9.522
 643   223343  5.00   -9.153   -9.635   -9.778   -9.895
 644   250595  5.00   -9.523  -10.007  -10.151  -10.269
 645   281172  5.00   -9.893  -10.379  -10.524  -10.642
 646   315481  5.00  -10.264  -10.752  -10.897  -11.016
 647   353975  5.00  -10.636  -11.124  -11.270  -11.389
 648   397167  5.00  -11.008  -11.497  -11.644  -11.763
 649   445629  5.00  -11.380  -11.871  -12.017  -12.137
 650   500004  5.00  -11.753  -12.244  -12.391  -12.511
 651   561014  5.00  -12.126  -12.618  -12.765  -12.885
 652   629469  5.00  -12.499  -12.991  -13.139  -13.260
 653   706276  5.00  -12.872  -13.365  -13.513  -13.634
 654   792455  5.00  -13.245  -13.739  -13.888  -14.009
 655   889149  5.00  -13.619  -14.113  -14.262  -14.383
 656   997642  5.00  -13.993  -14.488  -14.636  -14.758
 657  1119373  5.00  -14.367  -14.862  -15.011  -15.132
 658  1255958  5.00  -14.741  -15.236  -15.385  -15.507
 659  1409209  5.00  -15.115  -15.611  -15.760  -15.882
 660  1581159  5.00  -15.489  -15.985  -16.135  -16.256
 661  1774090  5.00  -15.863  -16.360  -16.509  -16.631
 662  1990563  5.00  -16.238  -16.735  -16.884  -17.006
 663  2233450  5.00  -16.612  -17.109  -17.259  -17.381
 664  2505973  5.00  -16.987  -17.484  -17.633  -17.755
 665  2811749  5.00  -17.361  -17.859  -18.008  -18.130
 666  3154836  5.00  -17.736  -18.233  -18.383  -18.505
 667  3539785  5.00  -18.111  -18.608  -18.758  -18.880
 668  3971706  5.00  -18.485  -18.983  -19.133  -19.255
 669  4456330  5.00  -18.860  -19.358  -19.508  -19.630
# BCs for Fluks et al. 1994 M-giant spectra:
#  n     Teff  logg        I        J        H       Ks
   0     3810  0.00    0.372    1.642    2.541    2.696
   1     3736  0.00    0.340    1.671    2.586    2.751
   2     3666  0.00    0.294    1.696    2.631    2.808
   3     3574  0.00    0.164    1.735    2.694    2.888
   4     3434  0.00   -0.115    1.783    2.775    2.993
   5     3309  0.00   -0.562    1.832    2.852    3.094
   6     3126  0.00   -1.249    1.889    2.941    3.196
   7     2890  0.00   -1.808    1.964    3.002    3.263
   8     2667  0.00   -2.091    2.018    2.961    3.288
   9     2500  0.00   -2.259    2.047    2.854    3.271
