# BCs for ATLAS9 + DUSTY99 + blackbody spectra:
#  n     Teff  logg        I        J        H       Ks
   0      500  3.50  -39.445  -19.367   -9.382   -2.765
   1      500  4.00  -38.769  -18.942   -9.058   -2.549
   2      500  4.50  -38.159  -18.262   -8.386   -2.074
   3      500  5.00  -36.565  -17.184   -7.674   -1.669
   4      500  5.50  -34.587  -15.955   -6.962   -1.321
   5      500  6.00  -32.629  -14.783   -6.278   -1.046
   6      600  3.50  -31.545  -14.943   -6.791   -1.272
   7      600  4.00  -31.114  -14.663   -6.559   -1.094
   8      600  4.50  -31.754  -14.690   -6.287   -0.822
   9      600  5.00  -30.431  -13.747   -5.587   -0.390
  10      600  5.50  -28.863  -12.721   -4.932   -0.047
  11      600  6.00  -27.253  -11.738   -4.341    0.196
  12      700  3.50  -25.373  -11.440   -4.658   -0.017
  13      700  4.00  -25.037  -11.231   -4.500    0.088
  14      700  4.50  -25.560  -11.236   -4.248    0.341
  15      700  5.00  -24.828  -10.646   -3.788    0.616
  16      700  5.50  -23.441   -9.685   -3.178    0.915
  17      700  6.00  -21.873   -8.743   -2.639    1.135
  18      800  3.50  -19.653   -8.090   -2.641    1.066
  19      800  4.00  -19.813   -8.185   -2.666    1.118
  20      800  4.50  -20.259   -8.260   -2.583    1.225
  21      800  5.00  -19.509   -7.729   -2.197    1.460
  22      800  5.50  -18.482   -7.089   -1.805    1.634
  23      800  6.00  -17.191   -6.394   -1.419    1.773
  24      900  3.50  -15.091   -5.754   -1.400    1.654
  25      900  4.00  -14.972   -5.617   -1.257    1.804
  26      900  4.50  -15.528   -5.798   -1.245    1.908
  27      900  5.00  -14.330   -5.062   -0.968    2.035
  28      900  5.50  -14.344   -5.066   -0.736    2.197
  29     1000  3.50  -12.952   -4.697   -0.797    2.013
  30     1000  4.00  -12.493   -4.404   -0.589    2.147
  31     1000  4.50  -12.228   -4.177   -0.386    2.312
  32     1000  5.00  -11.968   -3.963   -0.187    2.470
  33     1000  5.50  -11.631   -3.739   -0.018    2.564
  34     1000  6.00  -10.981   -3.375    0.208    2.650
  35     1100  3.50  -10.898   -3.631   -0.171    2.375
  36     1100  4.00  -10.694   -3.497   -0.067    2.454
  37     1100  4.50  -10.503   -3.340    0.080    2.570
  38     1100  5.00  -10.073   -3.036    0.319    2.721
  39     1100  5.50   -9.600   -2.721    0.551    2.849
  40     1100  6.00  -13.366   -5.111   -1.211    1.599
  41     1200  3.50   -9.030   -2.605    0.464    2.742
  42     1200  4.00   -9.030   -2.605    0.464    2.742
  43     1200  4.50   -9.030   -2.605    0.464    2.742
  44     1200  5.00   -8.838   -2.422    0.668    2.919
  45     1200  6.00   -7.889   -1.815    1.086    3.097
  46     1300  3.50   -7.380   -1.689    1.037    3.075
  47     1300  4.00   -7.406   -1.703    1.033    3.074
  48     1300  4.50   -7.629   -1.813    0.998    3.081
  49     1300  5.00   -7.559   -1.751    1.060    3.125
  50     1300  5.50   -7.356   -1.607    1.170    3.172
  51     1300  6.00   -9.304   -2.910    1.093    3.225
  52     1400  3.50   -6.038   -0.944    1.542    3.329
  53     1400  4.00   -6.054   -0.960    1.516    3.309
  54     1400  4.50   -6.163   -1.007    1.478    3.289
  55     1400  5.00   -6.298   -1.068    1.481    3.310
  56     1400  5.50   -6.074   -0.916    1.564    3.325
  57     1400  6.00   -6.075   -0.916    1.582    3.332
  58     1500  3.50   -4.951   -0.169    2.042    3.493
  59     1500  4.00   -4.966   -0.244    2.000    3.475
  60     1500  4.50   -5.089   -0.351    1.936    3.446
  61     1500  5.00   -5.143   -0.404    1.903    3.441
  62     1500  5.50   -5.170   -0.436    1.875    3.432
  63     1500  6.00   -5.143   -0.432    1.856    3.408
  64     1600  3.50   -3.923    0.646    2.396    3.523
  65     1600  4.00   -3.972    0.560    2.377    3.521
  66     1600  4.50   -4.058    0.426    2.334    3.507
  67     1600  5.00   -4.142    0.280    2.277    3.493
  68     1600  5.50   -4.194    0.181    2.221    3.479
  69     1600  6.00   -4.231    0.101    2.165    3.460
  70     1700  3.50   -2.994    1.333    2.629    3.501
  71     1700  4.00   -2.755    1.380    2.691    3.534
  72     1700  4.50   -2.230    1.745    2.913    3.634
  73     1700  5.00   -2.827    1.298    2.736    3.560
  74     1700  5.50   -3.153    0.989    2.603    3.512
  75     1700  6.00   -3.382    0.730    2.469    3.470
  76     1800  3.50   -2.456    1.618    2.677    3.419
  77     1800  4.00   -2.348    1.657    2.728    3.435
  78     1800  4.50   -1.974    1.841    2.856    3.479
  79     1800  5.00   -1.933    1.871    2.922    3.503
  80     1800  5.50   -2.272    1.579    2.807    3.442
  81     1800  6.00   -2.318    1.515    2.804    3.474
  82     1900  3.50   -1.915    1.904    2.741    3.357
  83     1900  4.00   -1.974    1.833    2.731    3.346
  84     1900  4.50   -2.236    1.636    2.669    3.303
  85     1900  5.00   -1.898    1.812    2.804    3.337
  86     1900  5.50   -2.060    1.689    2.780    3.288
  87     1900  6.00   -2.126    1.579    2.724    3.256
  88     2000  3.50   -1.623    2.019    2.736    3.279
  89     2000  4.00   -1.580    1.990    2.745    3.278
  90     2000  4.50   -1.543    1.982    2.768    3.267
  91     2000  5.00   -1.608    1.922    2.780    3.234
  92     2000  5.50   -1.877    1.743    2.740    3.174
  93     2000  6.00   -1.862    1.689    2.714    3.125
  94     2100  4.00   -1.299    2.071    2.732    3.206
  95     2100  5.00   -1.152    2.085    2.810    3.196
  96     2100  5.50   -1.422    1.911    2.766    3.115
  97     2100  6.00   -1.659    1.759    2.697    3.019
  98     2200  3.50   -1.076    2.137    2.700    3.138
  99     2200  4.00   -1.035    2.123    2.712    3.139
 100     2200  4.50   -0.984    2.129    2.741    3.138
 101     2200  5.00   -0.930    2.115    2.777    3.133
 102     2200  5.50   -1.019    2.042    2.788    3.081
 103     2200  6.00   -1.074    1.981    2.767    2.982
 104     2300  3.50   -0.827    2.148    2.670    3.075
 105     2300  4.00   -0.790    2.135    2.684    3.079
 106     2300  4.50   -0.759    2.137    2.710    3.079
 107     2300  5.00   -0.725    2.119    2.739    3.075
 108     2300  5.50   -0.732    2.092    2.772    3.043
 109     2300  6.00   -0.734    2.066    2.788    2.966
 110     2400  3.50   -0.589    2.138    2.636    3.016
 111     2400  4.00   -0.558    2.127    2.649    3.021
 112     2400  4.50   -0.538    2.136    2.676    3.021
 113     2400  5.50   -0.475    2.120    2.753    3.007
 114     2400  6.00   -0.511    2.079    2.764    2.936
 115     2500  3.50   -0.386    2.104    2.592    2.956
 116     2500  4.00   -0.349    2.100    2.610    2.965
 117     2500  4.50   -0.341    2.114    2.637    2.965
 118     2500  5.00   -0.298    2.118    2.675    2.975
 119     2500  5.50   -0.281    2.107    2.712    2.965
 120     2500  6.00   -0.296    2.086    2.740    2.915
 121     2600  3.50   -0.217    2.066    2.549    2.898
 122     2600  4.00   -0.174    2.061    2.566    2.908
 123     2600  4.50   -0.166    2.080    2.595    2.911
 124     2600  5.00   -0.124    2.089    2.634    2.923
 125     2600  5.50   -0.101    2.088    2.674    2.923
 126     2600  6.00   -0.116    2.068    2.703    2.889
 127     2700  3.50   -0.090    2.025    2.507    2.840
 128     2700  4.00   -0.032    2.021    2.525    2.853
 129     2700  4.50   -0.014    2.043    2.556    2.859
 130     2700  5.00    0.023    2.051    2.590    2.872
 131     2700  5.50    0.049    2.055    2.631    2.879
 132     2700  6.00    0.047    2.046    2.665    2.860
 133     2800  5.00    0.156    2.015    2.552    2.826
 134     2800  5.50    0.174    2.018    2.588    2.833
 135     2900  5.00    0.251    1.973    2.509    2.776
 136     2900  5.50    0.277    1.978    2.545    2.788
 137     3000  5.00    0.329    1.933    2.471    2.728
 138     3000  5.50    0.357    1.939    2.504    2.742
 139     3100  5.00    0.395    1.898    2.436    2.684
 140     3100  5.50    0.421    1.899    2.461    2.696
 141     3200  5.00    0.452    1.866    2.408    2.646
 142     3200  5.50    0.476    1.863    2.423    2.654
 143     3300  5.00    0.500    1.836    2.387    2.615
 144     3300  5.50    0.523    1.829    2.389    2.614
 145     3400  5.00    0.541    1.809    2.370    2.590
 146     3400  5.50    0.563    1.799    2.358    2.578
 147     3500  5.00    0.569    1.770    2.344    2.563
 148     3500  5.50    0.592    1.764    2.324    2.543
 149     3600  5.00    0.598    1.742    2.329    2.542
 150     3600  5.50    0.619    1.734    2.298    2.511
 151     3700  5.00    0.618    1.712    2.312    2.517
 152     3700  5.50    0.640    1.704    2.271    2.480
 153     3800  5.00    0.634    1.681    2.298    2.490
 154     3800  5.50    0.657    1.673    2.245    2.447
 155     3500  0.00    0.201    1.798    2.644    2.908
 156     3500  0.50    0.164    1.801    2.673    2.919
 157     3500  1.00    0.132    1.807    2.695    2.923
 158     3500  1.50    0.107    1.817    2.713    2.922
 159     3500  2.00    0.097    1.829    2.726    2.914
 160     3500  2.50    0.110    1.844    2.730    2.895
 161     3500  3.00    0.152    1.864    2.723    2.862
 162     3500  3.50    0.229    1.886    2.695    2.810
 163     3500  4.00    0.336    1.907    2.636    2.735
 164     3500  4.50    0.457    1.916    2.543    2.644
 165     3500  5.00    0.557    1.906    2.443    2.562
 166     3750  0.00    0.456    1.721    2.473    2.703
 167     3750  0.50    0.447    1.716    2.501    2.716
 168     3750  1.00    0.440    1.714    2.524    2.724
 169     3750  1.50    0.433    1.714    2.542    2.730
 170     3750  2.00    0.426    1.718    2.560    2.732
 171     3750  2.50    0.420    1.724    2.573    2.731
 172     3750  3.00    0.419    1.735    2.582    2.725
 173     3750  3.50    0.429    1.748    2.583    2.711
 174     3750  4.00    0.459    1.767    2.563    2.679
 175     3750  4.50    0.515    1.781    2.509    2.621
 176     3750  5.00    0.585    1.785    2.426    2.547
 177     4000  0.00    0.573    1.663    2.316    2.510
 178     4000  0.50    0.567    1.653    2.341    2.523
 179     4000  1.00    0.562    1.645    2.362    2.533
 180     4000  1.50    0.559    1.637    2.378    2.539
 181     4000  2.00    0.556    1.632    2.394    2.543
 182     4000  2.50    0.554    1.629    2.407    2.546
 183     4000  3.00    0.553    1.631    2.419    2.549
 184     4000  3.50    0.556    1.637    2.429    2.549
 185     4000  4.00    0.565    1.648    2.430    2.543
 186     4000  4.50    0.587    1.661    2.411    2.520
 187     4000  5.00    0.626    1.666    2.358    2.474
 188     4250  0.00    0.648    1.606    2.169    2.331
 189     4250  0.50    0.642    1.598    2.190    2.343
 190     4250  1.00    0.638    1.589    2.208    2.352
 191     4250  1.50    0.634    1.580    2.223    2.358
 192     4250  2.00    0.629    1.570    2.235    2.363
 193     4250  2.50    0.625    1.561    2.247    2.366
 194     4250  3.00    0.623    1.556    2.258    2.370
 195     4250  3.50    0.624    1.555    2.268    2.374
 196     4250  4.00    0.628    1.558    2.276    2.376
 197     4250  4.50    0.637    1.565    2.277    2.374
 198     4250  5.00    0.657    1.572    2.257    2.356
 199     4500  0.00    0.700    1.541    2.031    2.165
 200     4500  0.50    0.694    1.535    2.048    2.175
 201     4500  1.00    0.690    1.529    2.062    2.183
 202     4500  1.50    0.687    1.522    2.073    2.189
 203     4500  2.00    0.681    1.513    2.083    2.193
 204     4500  2.50    0.677    1.504    2.092    2.196
 205     4500  3.00    0.673    1.496    2.102    2.199
 206     4500  3.50    0.672    1.492    2.111    2.203
 207     4500  4.00    0.673    1.490    2.120    2.207
 208     4500  4.50    0.677    1.492    2.127    2.210
 209     4500  5.00    0.685    1.497    2.128    2.210
 210     4750  0.00    0.735    1.468    1.899    2.007
 211     4750  0.50    0.729    1.463    1.913    2.017
 212     4750  1.00    0.724    1.458    1.923    2.023
 213     4750  1.50    0.721    1.454    1.932    2.028
 214     4750  2.00    0.716    1.447    1.939    2.032
 215     4750  2.50    0.710    1.440    1.946    2.034
 216     4750  3.00    0.705    1.433    1.954    2.037
 217     4750  3.50    0.702    1.427    1.962    2.040
 218     4750  4.00    0.702    1.425    1.969    2.044
 219     4750  4.50    0.705    1.424    1.977    2.048
 220     4750  5.00    0.709    1.426    1.983    2.052
 221     5000  0.00    0.755    1.389    1.768    1.854
 222     5000  0.50    0.748    1.385    1.781    1.864
 223     5000  1.00    0.742    1.381    1.790    1.871
 224     5000  1.50    0.738    1.377    1.797    1.875
 225     5000  2.00    0.733    1.372    1.803    1.879
 226     5000  2.50    0.727    1.367    1.807    1.881
 227     5000  3.00    0.722    1.362    1.813    1.883
 228     5000  3.50    0.717    1.357    1.819    1.886
 229     5000  4.00    0.716    1.354    1.826    1.889
 230     5000  4.50    0.716    1.353    1.832    1.893
 231     5000  5.00    0.719    1.354    1.839    1.898
 232     5250  0.00    0.756    1.306    1.633    1.704
 233     5250  0.50    0.749    1.303    1.648    1.716
 234     5250  1.00    0.744    1.299    1.658    1.724
 235     5250  1.50    0.739    1.296    1.665    1.729
 236     5250  2.00    0.734    1.292    1.670    1.732
 237     5250  2.50    0.728    1.288    1.674    1.734
 238     5250  3.00    0.723    1.284    1.678    1.736
 239     5250  3.50    0.719    1.280    1.683    1.739
 240     5250  4.00    0.716    1.278    1.688    1.741
 241     5250  4.50    0.716    1.277    1.694    1.745
 242     5250  5.00    0.717    1.278    1.700    1.749
 243     5500  0.00    0.738    1.216    1.494    1.556
 244     5500  0.50    0.733    1.217    1.513    1.571
 245     5500  1.00    0.729    1.215    1.525    1.580
 246     5500  1.50    0.724    1.212    1.533    1.586
 247     5500  2.00    0.720    1.209    1.539    1.590
 248     5500  2.50    0.715    1.205    1.543    1.593
 249     5500  3.00    0.711    1.202    1.547    1.595
 250     5500  3.50    0.707    1.200    1.552    1.598
 251     5500  4.00    0.705    1.198    1.556    1.600
 252     5500  4.50    0.704    1.197    1.562    1.603
 253     5500  5.00    0.705    1.198    1.567    1.607
 254     5750  0.00    0.702    1.119    1.353    1.408
 255     5750  0.50    0.701    1.125    1.376    1.428
 256     5750  1.00    0.700    1.126    1.391    1.440
 257     5750  1.50    0.697    1.125    1.401    1.448
 258     5750  2.00    0.694    1.124    1.409    1.453
 259     5750  2.50    0.691    1.121    1.414    1.457
 260     5750  3.00    0.687    1.119    1.419    1.459
 261     5750  3.50    0.685    1.117    1.424    1.462
 262     5750  4.00    0.683    1.115    1.429    1.464
 263     5750  4.50    0.682    1.115    1.434    1.467
 264     5750  5.00    0.684    1.116    1.439    1.471
 265     6000  0.00    0.652    1.015    1.211    1.261
 266     6000  0.50    0.657    1.028    1.240    1.285
 267     6000  1.00    0.660    1.034    1.258    1.301
 268     6000  1.50    0.660    1.036    1.271    1.311
 269     6000  2.00    0.659    1.036    1.280    1.319
 270     6000  2.50    0.658    1.035    1.287    1.324
 271     6000  3.00    0.656    1.034    1.293    1.328
 272     6000  3.50    0.654    1.032    1.299    1.331
 273     6000  4.00    0.652    1.031    1.304    1.334
 274     6000  4.50    0.652    1.031    1.309    1.337
 275     6000  5.00    0.654    1.032    1.315    1.340
 276     6250  0.50    0.603    0.926    1.103    1.144
 277     6250  1.00    0.610    0.938    1.126    1.164
 278     6250  1.50    0.615    0.944    1.142    1.178
 279     6250  2.00    0.617    0.947    1.153    1.187
 280     6250  2.50    0.618    0.948    1.162    1.194
 281     6250  3.00    0.617    0.948    1.169    1.200
 282     6250  3.50    0.617    0.947    1.176    1.204
 283     6250  4.00    0.616    0.947    1.182    1.207
 284     6250  4.50    0.616    0.947    1.189    1.211
 285     6250  5.00    0.618    0.948    1.195    1.214
 286     6500  0.50    0.543    0.824    0.971    1.007
 287     6500  1.00    0.552    0.839    0.996    1.029
 288     6500  1.50    0.563    0.850    1.015    1.046
 289     6500  2.00    0.569    0.856    1.028    1.059
 290     6500  2.50    0.572    0.859    1.039    1.068
 291     6500  3.00    0.574    0.861    1.048    1.075
 292     6500  3.50    0.575    0.862    1.056    1.080
 293     6500  4.00    0.575    0.862    1.063    1.085
 294     6500  4.50    0.576    0.862    1.071    1.089
 295     6500  5.00    0.578    0.863    1.077    1.092
 296     6750  0.50    0.481    0.722    0.845    0.876
 297     6750  1.00    0.491    0.739    0.870    0.899
 298     6750  1.50    0.503    0.753    0.889    0.917
 299     6750  2.00    0.514    0.764    0.906    0.933
 300     6750  2.50    0.522    0.770    0.919    0.944
 301     6750  3.00    0.526    0.774    0.929    0.953
 302     6750  3.50    0.529    0.776    0.938    0.960
 303     6750  4.00    0.531    0.777    0.947    0.965
 304     6750  4.50    0.532    0.777    0.955    0.970
 305     6750  5.00    0.534    0.779    0.963    0.974
 306     7000  0.50    0.421    0.624    0.727    0.752
 307     7000  1.00    0.430    0.643    0.750    0.775
 308     7000  1.50    0.441    0.657    0.769    0.793
 309     7000  2.00    0.454    0.669    0.785    0.809
 310     7000  2.50    0.467    0.680    0.800    0.823
 311     7000  3.00    0.475    0.686    0.813    0.834
 312     7000  3.50    0.480    0.690    0.823    0.842
 313     7000  4.00    0.483    0.692    0.833    0.849
 314     7000  4.50    0.485    0.693    0.842    0.855
 315     7000  5.00    0.487    0.694    0.851    0.860
 316     7250  0.50    0.368    0.533    0.618    0.637
 317     7250  1.00    0.370    0.548    0.637    0.656
 318     7250  1.50    0.380    0.563    0.655    0.674
 319     7250  2.00    0.392    0.575    0.670    0.690
 320     7250  2.50    0.405    0.587    0.684    0.704
 321     7250  3.00    0.419    0.597    0.698    0.718
 322     7250  3.50    0.427    0.603    0.710    0.728
 323     7250  4.00    0.432    0.607    0.721    0.736
 324     7250  4.50    0.435    0.609    0.732    0.742
 325     7250  5.00    0.438    0.610    0.742    0.748
 326     7500  0.50    0.334    0.456    0.526    0.537
 327     7500  1.00    0.313    0.458    0.531    0.545
 328     7500  1.50    0.320    0.472    0.546    0.561
 329     7500  2.00    0.331    0.485    0.560    0.576
 330     7500  2.50    0.343    0.496    0.573    0.590
 331     7500  3.00    0.358    0.507    0.587    0.604
 332     7500  3.50    0.371    0.517    0.600    0.616
 333     7500  4.00    0.378    0.522    0.612    0.625
 334     7500  4.50    0.384    0.525    0.623    0.633
 335     7500  5.00    0.387    0.527    0.635    0.639
 336     7750  1.00    0.261    0.374    0.434    0.442
 337     7750  1.50    0.262    0.385    0.444    0.454
 338     7750  2.00    0.272    0.397    0.456    0.468
 339     7750  2.50    0.283    0.408    0.468    0.481
 340     7750  3.00    0.295    0.418    0.479    0.493
 341     7750  3.50    0.309    0.428    0.492    0.506
 342     7750  4.00    0.322    0.437    0.505    0.517
 343     7750  4.50    0.329    0.442    0.518    0.526
 344     7750  5.00    0.334    0.444    0.530    0.533
 345     8000  1.00    0.217    0.296    0.345    0.347
 346     8000  1.50    0.206    0.300    0.348    0.353
 347     8000  2.00    0.213    0.311    0.358    0.365
 348     8000  2.50    0.224    0.322    0.368    0.377
 349     8000  3.00    0.235    0.332    0.378    0.389
 350     8000  3.50    0.246    0.341    0.388    0.400
 351     8000  4.00    0.261    0.351    0.401    0.411
 352     8000  4.50    0.272    0.358    0.414    0.421
 353     8000  5.00    0.279    0.362    0.427    0.429
 354     8250  1.00    0.176    0.220    0.264    0.260
 355     8250  1.50    0.153    0.219    0.258    0.257
 356     8250  2.00    0.154    0.227    0.263    0.266
 357     8250  2.50    0.163    0.238    0.271    0.277
 358     8250  3.00    0.174    0.248    0.280    0.288
 359     8250  3.50    0.186    0.256    0.290    0.299
 360     8250  4.00    0.198    0.265    0.300    0.309
 361     8250  4.50    0.212    0.274    0.313    0.319
 362     8250  5.00    0.222    0.280    0.327    0.328
 363     8500  1.50    0.101    0.141    0.173    0.167
 364     8500  2.00    0.096    0.146    0.174    0.172
 365     8500  2.50    0.102    0.154    0.179    0.181
 366     8500  3.00    0.112    0.164    0.187    0.191
 367     8500  3.50    0.124    0.173    0.195    0.201
 368     8500  4.00    0.135    0.181    0.204    0.210
 369     8500  4.50    0.148    0.189    0.215    0.220
 370     8500  5.00    0.163    0.198    0.229    0.229
 371     8750  1.50    0.051    0.066    0.091    0.081
 372     8750  2.00    0.040    0.067    0.088    0.081
 373     8750  2.50    0.042    0.073    0.091    0.088
 374     8750  3.00    0.050    0.082    0.096    0.097
 375     8750  3.50    0.061    0.090    0.103    0.106
 376     8750  4.00    0.073    0.099    0.111    0.115
 377     8750  4.50    0.085    0.106    0.121    0.124
 378     8750  5.00    0.099    0.114    0.133    0.133
 379     9000  1.50   -0.001   -0.009    0.012   -0.002
 380     9000  2.00   -0.015   -0.009    0.006   -0.006
 381     9000  2.50   -0.018   -0.006    0.005   -0.002
 382     9000  3.00   -0.013    0.000    0.008    0.005
 383     9000  3.50   -0.004    0.008    0.014    0.014
 384     9000  4.00    0.008    0.017    0.021    0.023
 385     9000  4.50    0.021    0.025    0.030    0.031
 386     9000  5.00    0.034    0.032    0.040    0.039
 387     9250  2.00   -0.069   -0.083   -0.073   -0.089
 388     9250  2.50   -0.076   -0.083   -0.077   -0.088
 389     9250  3.00   -0.075   -0.079   -0.076   -0.083
 390     9250  3.50   -0.068   -0.072   -0.072   -0.076
 391     9250  4.00   -0.057   -0.064   -0.067   -0.068
 392     9250  4.50   -0.044   -0.056   -0.059   -0.059
 393     9250  5.00   -0.031   -0.049   -0.049   -0.051
 394     9500  2.00   -0.122   -0.155   -0.149   -0.168
 395     9500  2.50   -0.133   -0.157   -0.156   -0.171
 396     9500  3.00   -0.135   -0.155   -0.158   -0.169
 397     9500  3.50   -0.131   -0.151   -0.156   -0.163
 398     9500  4.00   -0.123   -0.144   -0.152   -0.156
 399     9500  4.50   -0.110   -0.137   -0.145   -0.148
 400     9500  5.00   -0.097   -0.129   -0.136   -0.140
 401     9750  2.00   -0.175   -0.224   -0.223   -0.245
 402     9750  2.50   -0.188   -0.228   -0.232   -0.251
 403     9750  3.00   -0.194   -0.229   -0.237   -0.252
 404     9750  3.50   -0.193   -0.227   -0.238   -0.248
 405     9750  4.00   -0.187   -0.223   -0.235   -0.243
 406     9750  4.50   -0.176   -0.216   -0.229   -0.235
 407     9750  5.00   -0.163   -0.208   -0.221   -0.227
 408    10000  2.00   -0.228   -0.293   -0.296   -0.320
 409    10000  2.50   -0.242   -0.298   -0.305   -0.328
 410    10000  3.00   -0.251   -0.301   -0.312   -0.331
 411    10000  3.50   -0.253   -0.301   -0.316   -0.330
 412    10000  4.00   -0.250   -0.299   -0.315   -0.326
 413    10000  4.50   -0.242   -0.294   -0.311   -0.320
 414    10000  5.00   -0.229   -0.287   -0.304   -0.313
 415    10250  2.00   -0.281   -0.360   -0.366   -0.392
 416    10250  2.50   -0.295   -0.365   -0.377   -0.402
 417    10250  3.00   -0.306   -0.370   -0.386   -0.408
 418    10250  3.50   -0.311   -0.373   -0.391   -0.409
 419    10250  4.00   -0.311   -0.373   -0.393   -0.407
 420    10250  4.50   -0.305   -0.369   -0.391   -0.403
 421    10250  5.00   -0.295   -0.363   -0.385   -0.396
 422    10500  2.00   -0.335   -0.427   -0.436   -0.464
 423    10500  2.50   -0.348   -0.431   -0.447   -0.474
 424    10500  3.00   -0.360   -0.438   -0.457   -0.481
 425    10500  3.50   -0.368   -0.442   -0.464   -0.485
 426    10500  4.00   -0.370   -0.444   -0.468   -0.485
 427    10500  4.50   -0.367   -0.442   -0.468   -0.483
 428    10500  5.00   -0.359   -0.438   -0.464   -0.478
 429    10750  2.00   -0.388   -0.493   -0.505   -0.534
 430    10750  2.50   -0.400   -0.497   -0.515   -0.544
 431    10750  3.00   -0.413   -0.504   -0.526   -0.553
 432    10750  3.50   -0.422   -0.510   -0.535   -0.559
 433    10750  4.00   -0.427   -0.513   -0.541   -0.561
 434    10750  4.50   -0.427   -0.513   -0.543   -0.560
 435    10750  5.00   -0.421   -0.511   -0.540   -0.557
 436    11000  2.00   -0.443   -0.558   -0.574   -0.604
 437    11000  2.50   -0.453   -0.561   -0.583   -0.614
 438    11000  3.00   -0.466   -0.568   -0.594   -0.623
 439    11000  3.50   -0.476   -0.575   -0.604   -0.630
 440    11000  4.00   -0.483   -0.580   -0.611   -0.634
 441    11000  4.50   -0.485   -0.582   -0.615   -0.635
 442    11000  5.00   -0.482   -0.582   -0.614   -0.633
 443    11250  2.00   -0.497   -0.623   -0.641   -0.673
 444    11250  2.50   -0.506   -0.625   -0.649   -0.682
 445    11250  3.00   -0.518   -0.632   -0.660   -0.691
 446    11250  3.50   -0.529   -0.639   -0.671   -0.700
 447    11250  4.00   -0.537   -0.645   -0.679   -0.705
 448    11250  4.50   -0.541   -0.649   -0.685   -0.708
 449    11250  5.00   -0.540   -0.650   -0.686   -0.707
 450    11500  2.00   -0.552   -0.687   -0.708   -0.741
 451    11500  2.50   -0.559   -0.688   -0.715   -0.749
 452    11500  3.00   -0.570   -0.694   -0.725   -0.759
 453    11500  3.50   -0.581   -0.702   -0.736   -0.767
 454    11500  4.00   -0.591   -0.709   -0.746   -0.774
 455    11500  4.50   -0.596   -0.714   -0.752   -0.778
 456    11500  5.00   -0.597   -0.717   -0.755   -0.779
 457    11750  2.00   -0.606   -0.751   -0.774   -0.808
 458    11750  2.50   -0.612   -0.750   -0.780   -0.816
 459    11750  3.00   -0.622   -0.756   -0.790   -0.825
 460    11750  3.50   -0.633   -0.764   -0.801   -0.833
 461    11750  4.00   -0.643   -0.771   -0.811   -0.841
 462    11750  4.50   -0.650   -0.778   -0.818   -0.846
 463    11750  5.00   -0.653   -0.781   -0.823   -0.849
 464    12000  2.50   -0.664   -0.812   -0.844   -0.881
 465    12000  3.00   -0.674   -0.817   -0.853   -0.890
 466    12000  3.50   -0.685   -0.825   -0.864   -0.899
 467    12000  4.00   -0.695   -0.832   -0.874   -0.907
 468    12000  4.50   -0.702   -0.839   -0.883   -0.913
 469    12000  5.00   -0.707   -0.844   -0.888   -0.917
 470    12250  2.50   -0.717   -0.873   -0.907   -0.946
 471    12250  3.00   -0.726   -0.878   -0.916   -0.954
 472    12250  3.50   -0.736   -0.885   -0.926   -0.962
 473    12250  4.00   -0.746   -0.892   -0.936   -0.971
 474    12250  4.50   -0.754   -0.900   -0.945   -0.978
 475    12250  5.00   -0.759   -0.906   -0.952   -0.983
 476    12500  2.50   -0.768   -0.933   -0.969   -1.010
 477    12500  3.00   -0.777   -0.937   -0.978   -1.017
 478    12500  3.50   -0.787   -0.944   -0.988   -1.025
 479    12500  4.00   -0.796   -0.951   -0.998   -1.034
 480    12500  4.50   -0.805   -0.959   -1.007   -1.041
 481    12500  5.00   -0.811   -0.966   -1.014   -1.047
 482    12750  2.50   -0.820   -0.992   -1.031   -1.072
 483    12750  3.00   -0.828   -0.996   -1.039   -1.080
 484    12750  3.50   -0.837   -1.002   -1.048   -1.088
 485    12750  4.00   -0.846   -1.009   -1.058   -1.095
 486    12750  4.50   -0.855   -1.017   -1.067   -1.103
 487    12750  5.00   -0.862   -1.024   -1.075   -1.110
 488    13000  2.50   -0.870   -1.050   -1.091   -1.134
 489    13000  3.00   -0.878   -1.054   -1.099   -1.141
 490    13000  3.50   -0.887   -1.060   -1.108   -1.149
 491    13000  4.00   -0.896   -1.067   -1.117   -1.156
 492    13000  4.50   -0.904   -1.074   -1.126   -1.164
 493    13000  5.00   -0.911   -1.082   -1.134   -1.171
 494    14000  2.00   -1.059   -1.272   -1.314   -1.361
 495    14000  2.50   -1.066   -1.273   -1.321   -1.370
 496    14000  3.00   -1.075   -1.277   -1.330   -1.378
 497    14000  3.50   -1.082   -1.283   -1.338   -1.384
 498    14000  4.00   -1.089   -1.288   -1.346   -1.391
 499    14000  4.50   -1.096   -1.294   -1.354   -1.397
 500    14000  5.00   -1.104   -1.302   -1.362   -1.405
 501    15000  2.50   -1.249   -1.480   -1.536   -1.589
 502    15000  3.00   -1.260   -1.486   -1.546   -1.599
 503    15000  3.50   -1.269   -1.492   -1.554   -1.606
 504    15000  4.00   -1.275   -1.498   -1.561   -1.612
 505    15000  4.50   -1.281   -1.503   -1.568   -1.617
 506    15000  5.00   -1.287   -1.509   -1.575   -1.624
 507    16000  2.50   -1.420   -1.672   -1.735   -1.793
 508    16000  3.00   -1.435   -1.682   -1.748   -1.805
 509    16000  3.50   -1.445   -1.689   -1.757   -1.813
 510    16000  4.00   -1.451   -1.695   -1.764   -1.820
 511    16000  4.50   -1.456   -1.700   -1.771   -1.825
 512    16000  5.00   -1.463   -1.706   -1.777   -1.830
 513    17000  2.50   -1.576   -1.849   -1.919   -1.982
 514    17000  3.00   -1.599   -1.865   -1.937   -1.999
 515    17000  3.50   -1.610   -1.874   -1.947   -2.008
 516    17000  4.00   -1.617   -1.880   -1.955   -2.015
 517    17000  4.50   -1.622   -1.884   -1.961   -2.020
 518    17000  5.00   -1.628   -1.891   -1.967   -2.025
 519    18000  2.50   -1.718   -2.010   -2.087   -2.156
 520    18000  3.00   -1.751   -2.036   -2.113   -2.180
 521    18000  3.50   -1.766   -2.047   -2.126   -2.192
 522    18000  4.00   -1.773   -2.054   -2.134   -2.199
 523    18000  4.50   -1.777   -2.058   -2.140   -2.203
 524    18000  5.00   -1.784   -2.064   -2.146   -2.209
 525    19000  2.50   -1.847   -2.154   -2.236   -2.310
 526    19000  3.00   -1.892   -2.193   -2.277   -2.349
 527    19000  3.50   -1.913   -2.210   -2.295   -2.364
 528    19000  4.00   -1.921   -2.217   -2.303   -2.372
 529    19000  4.50   -1.924   -2.221   -2.309   -2.377
 530    19000  5.00   -1.929   -2.227   -2.314   -2.382
 531    20000  3.00   -2.020   -2.337   -2.427   -2.503
 532    20000  3.50   -2.049   -2.362   -2.452   -2.526
 533    20000  4.00   -2.060   -2.371   -2.462   -2.535
 534    20000  4.50   -2.063   -2.375   -2.468   -2.540
 535    20000  5.00   -2.066   -2.379   -2.472   -2.544
 536    21000  3.00   -2.139   -2.469   -2.564   -2.645
 537    21000  3.50   -2.177   -2.503   -2.599   -2.677
 538    21000  4.00   -2.192   -2.516   -2.612   -2.690
 539    21000  4.50   -2.195   -2.520   -2.617   -2.694
 540    21000  5.00   -2.197   -2.522   -2.620   -2.697
 541    22000  3.00   -2.252   -2.594   -2.692   -2.775
 542    22000  3.50   -2.295   -2.634   -2.734   -2.817
 543    22000  4.00   -2.317   -2.653   -2.754   -2.835
 544    22000  4.50   -2.322   -2.658   -2.760   -2.840
 545    22000  5.00   -2.323   -2.660   -2.761   -2.842
 546    23000  3.00   -2.364   -2.715   -2.815   -2.901
 547    23000  3.50   -2.408   -2.757   -2.861   -2.947
 548    23000  4.00   -2.435   -2.782   -2.887   -2.971
 549    23000  4.50   -2.445   -2.791   -2.896   -2.980
 550    23000  5.00   -2.446   -2.793   -2.898   -2.981
 551    24000  3.00   -2.470   -2.832   -2.934   -3.023
 552    24000  3.50   -2.516   -2.875   -2.982   -3.070
 553    24000  4.00   -2.547   -2.904   -3.012   -3.099
 554    24000  4.50   -2.561   -2.917   -3.026   -3.112
 555    24000  5.00   -2.565   -2.921   -3.029   -3.116
 556    25000  3.00   -2.566   -2.938   -3.044   -3.135
 557    25000  3.50   -2.621   -2.990   -3.099   -3.190
 558    25000  4.00   -2.654   -3.020   -3.131   -3.221
 559    25000  4.50   -2.672   -3.037   -3.149   -3.238
 560    25000  5.00   -2.680   -3.044   -3.155   -3.244
 561    26000  3.00   -2.655   -3.033   -3.142   -3.235
 562    26000  3.50   -2.720   -3.098   -3.211   -3.304
 563    26000  4.00   -2.757   -3.132   -3.245   -3.338
 564    26000  4.50   -2.778   -3.152   -3.265   -3.358
 565    26000  5.00   -2.789   -3.162   -3.275   -3.367
 566    27000  3.50   -2.811   -3.199   -3.315   -3.411
 567    27000  4.00   -2.854   -3.238   -3.354   -3.450
 568    27000  4.50   -2.879   -3.261   -3.377   -3.471
 569    27000  5.00   -2.892   -3.273   -3.389   -3.484
 570    28000  3.50   -2.895   -3.291   -3.410   -3.509
 571    28000  4.00   -2.945   -3.338   -3.457   -3.555
 572    28000  4.50   -2.974   -3.364   -3.483   -3.580
 573    28000  5.00   -2.990   -3.379   -3.498   -3.594
 574    29000  3.50   -2.974   -3.377   -3.498   -3.599
 575    29000  4.00   -3.029   -3.431   -3.553   -3.653
 576    29000  4.50   -3.063   -3.461   -3.583   -3.682
 577    29000  5.00   -3.083   -3.479   -3.600   -3.699
 578    30000  3.50   -3.055   -3.460   -3.583   -3.686
 579    30000  4.00   -3.108   -3.517   -3.642   -3.744
 580    30000  4.50   -3.146   -3.552   -3.676   -3.778
 581    30000  5.00   -3.169   -3.573   -3.697   -3.798
 582    31000  3.50   -3.138   -3.545   -3.667   -3.771
 583    31000  4.00   -3.184   -3.598   -3.725   -3.830
 584    31000  4.50   -3.224   -3.637   -3.764   -3.867
 585    31000  5.00   -3.250   -3.661   -3.787   -3.890
 586    32000  4.00   -3.261   -3.679   -3.807   -3.913
 587    32000  4.50   -3.298   -3.717   -3.846   -3.951
 588    32000  5.00   -3.326   -3.744   -3.872   -3.977
 589    33000  4.00   -3.338   -3.759   -3.888   -3.995
 590    33000  4.50   -3.372   -3.796   -3.926   -4.033
 591    33000  5.00   -3.400   -3.823   -3.952   -4.059
 592    34000  4.00   -3.418   -3.839   -3.968   -4.076
 593    34000  4.50   -3.447   -3.873   -4.004   -4.112
 594    34000  5.00   -3.473   -3.900   -4.031   -4.138
 595    35000  4.00   -3.500   -3.921   -4.050   -4.158
 596    35000  4.50   -3.522   -3.950   -4.082   -4.191
 597    35000  5.00   -3.545   -3.976   -4.107   -4.216
 598    36000  4.00   -3.584   -4.005   -4.133   -4.241
 599    36000  4.50   -3.599   -4.028   -4.160   -4.269
 600    36000  5.00   -3.618   -4.051   -4.183   -4.293
 601    37000  4.00   -3.668   -4.089   -4.218   -4.325
 602    37000  4.50   -3.678   -4.107   -4.238   -4.348
 603    37000  5.00   -3.693   -4.126   -4.259   -4.369
 604    38000  4.00   -3.752   -4.174   -4.302   -4.410
 605    38000  4.50   -3.758   -4.187   -4.319   -4.428
 606    38000  5.00   -3.769   -4.202   -4.335   -4.446
 607    39000  4.00   -3.834   -4.257   -4.386   -4.495
 608    39000  4.50   -3.839   -4.268   -4.400   -4.510
 609    39000  5.00   -3.846   -4.279   -4.412   -4.523
 610    40000  4.50   -3.919   -4.349   -4.481   -4.591
 611    40000  5.00   -3.924   -4.357   -4.490   -4.601
 612    41000  4.50   -3.997   -4.428   -4.561   -4.672
 613    41000  5.00   -4.001   -4.436   -4.569   -4.680
 614    42000  4.50   -4.074   -4.506   -4.639   -4.751
 615    42000  5.00   -4.078   -4.513   -4.647   -4.759
 616    43000  4.50   -4.149   -4.582   -4.716   -4.829
 617    43000  5.00   -4.154   -4.590   -4.724   -4.837
 618    44000  4.50   -4.221   -4.656   -4.791   -4.904
 619    44000  5.00   -4.228   -4.665   -4.799   -4.913
 620    45000  4.50   -4.292   -4.728   -4.863   -4.977
 621    45000  5.00   -4.299   -4.738   -4.873   -4.987
 622    46000  4.50   -4.361   -4.799   -4.934   -5.048
 623    46000  5.00   -4.369   -4.809   -4.945   -5.059
 624    47000  4.50   -4.429   -4.869   -5.004   -5.119
 625    47000  5.00   -4.438   -4.878   -5.015   -5.129
 626    48000  4.50   -4.496   -4.937   -5.073   -5.188
 627    48000  5.00   -4.504   -4.946   -5.083   -5.199
 628    49000  4.50   -4.561   -5.004   -5.141   -5.256
 629    49000  5.00   -4.570   -5.013   -5.151   -5.266
 630    50000  5.00   -4.635   -5.079   -5.217   -5.333
 631    56101  5.00   -4.790   -5.222   -5.343   -5.444
 632    62946  5.00   -5.144   -5.584   -5.708   -5.812
 633    70627  5.00   -5.501   -5.948   -6.075   -6.181
 634    79245  5.00   -5.861   -6.313   -6.442   -6.550
 635    88914  5.00   -6.221   -6.679   -6.811   -6.920
 636    99763  5.00   -6.584   -7.046   -7.180   -7.291
 637   111936  5.00   -6.948   -7.414   -7.549   -7.662
 638   125595  5.00   -7.313   -7.782   -7.920   -8.033
 639   140920  5.00   -7.679   -8.152   -8.291   -8.405
 640   158115  5.00   -8.046   -8.522   -8.662   -8.777
 641   177407  5.00   -8.414   -8.892   -9.034   -9.150
 642   199055  5.00   -8.783   -9.263   -9.406   -9.522
 643   223343  5.00   -9.153   -9.635   -9.778   -9.895
 644   250595  5.00   -9.523  -10.007  -10.151  -10.269
 645   281172  5.00   -9.893  -10.379  -10.524  -10.642
 646   315481  5.00  -10.264  -10.752  -10.897  -11.016
 647   353975  5.00  -10.636  -11.124  -11.270  -11.389
 648   397167  5.00  -11.008  -11.497  -11.644  -11.763
 649   445629  5.00  -11.380  -11.871  -12.017  -12.137
 650   500004  5.00  -11.753  -12.244  -12.391  -12.511
 651   561014  5.00  -12.126  -12.618  -12.765  -12.885
 652   629469  5.00  -12.499  -12.991  -13.139  -13.260
 653   706276  5.00  -12.872  -13.365  -13.513  -13.634
 654   792455  5.00  -13.245  -13.739  -13.888  -14.009
 655   889149  5.00  -13.619  -14.113  -14.262  -14.383
 656   997642  5.00  -13.993  -14.488  -14.636  -14.758
 657  1119373  5.00  -14.367  -14.862  -15.011  -15.132
 658  1255958  5.00  -14.741  -15.236  -15.385  -15.507
 659  1409209  5.00  -15.115  -15.611  -15.760  -15.882
 660  1581159  5.00  -15.489  -15.985  -16.135  -16.256
 661  1774090  5.00  -15.863  -16.360  -16.509  -16.631
 662  1990563  5.00  -16.238  -16.735  -16.884  -17.006
 663  2233450  5.00  -16.612  -17.109  -17.259  -17.381
 664  2505973  5.00  -16.987  -17.484  -17.633  -17.755
 665  2811749  5.00  -17.361  -17.859  -18.008  -18.130
 666  3154836  5.00  -17.736  -18.233  -18.383  -18.505
 667  3539785  5.00  -18.111  -18.608  -18.758  -18.880
 668  3971706  5.00  -18.485  -18.983  -19.133  -19.255
 669  4456330  5.00  -18.860  -19.358  -19.508  -19.630
# BCs for Fluks et al. 1994 M-giant spectra:
#  n     Teff  logg        I        J        H       Ks
   0     3810  0.00    0.372    1.642    2.541    2.696
   1     3736  0.00    0.340    1.671    2.586    2.751
   2     3666  0.00    0.294    1.696    2.631    2.808
   3     3574  0.00    0.164    1.735    2.694    2.888
   4     3434  0.00   -0.115    1.783    2.775    2.993
   5     3309  0.00   -0.562    1.832    2.852    3.094
   6     3126  0.00   -1.249    1.889    2.941    3.196
   7     2890  0.00   -1.808    1.964    3.002    3.263
   8     2667  0.00   -2.091    2.018    2.961    3.288
   9     2500  0.00   -2.259    2.047    2.854    3.271
