<head>
         976           5      -1           5           0           1           2
           3           4
<head>
       495.00000      -39.445000      -19.367001      -9.3820000      -2.7650001
       503.50000      -39.445000      -19.367001      -9.3820000      -2.7650001
       504.00000      -38.769001      -18.941999      -9.0579996      -2.5490000
       504.50000      -38.159000      -18.261999      -8.3859997      -2.0739999
       505.00000      -36.564999      -17.184000      -7.6739998      -1.6690000
       505.50000      -34.587002      -15.955000      -6.9619999      -1.3210000
       506.00000      -32.629002      -14.783000      -6.2779999      -1.0460000
       510.00000      -32.629002      -14.783000      -6.2779999      -1.0460000
       595.00000      -31.545000      -14.943000      -6.7909999      -1.2720000
       603.50000      -31.545000      -14.943000      -6.7909999      -1.2720000
       604.00000      -31.114000      -14.663000      -6.5590000      -1.0940000
       604.50000      -31.754000      -14.690000      -6.2870002     -0.82200003
       605.00000      -30.431000      -13.747000      -5.5869999     -0.38999999
       605.50000      -28.863001      -12.721000      -4.9320002    -0.046999998
       606.00000      -27.253000      -11.738000      -4.3410001      0.19599999
       610.00000      -27.253000      -11.738000      -4.3410001      0.19599999
       695.00000      -25.372999      -11.440000      -4.6580000    -0.017000001
       703.50000      -25.372999      -11.440000      -4.6580000    -0.017000001
       704.00000      -25.037001      -11.231000      -4.5000000     0.088000000
       704.50000      -25.559999      -11.236000      -4.2480001      0.34099999
       705.00000      -24.827999      -10.646000      -3.7880001      0.61600000
       705.50000      -23.441000      -9.6850004      -3.1780000      0.91500002
       706.00000      -21.872999      -8.7430000      -2.6389999       1.1350000
       710.00000      -21.872999      -8.7430000      -2.6389999       1.1350000
       795.00000      -19.653000      -8.0900002      -2.6410000       1.0660000
       803.50000      -19.653000      -8.0900002      -2.6410000       1.0660000
       804.00000      -19.813000      -8.1850004      -2.6659999       1.1180000
       804.50000      -20.259001      -8.2600002      -2.5829999       1.2250000
       805.00000      -19.509001      -7.7290001      -2.1970000       1.4600000
       805.50000      -18.482000      -7.0890002      -1.8049999       1.6339999
       806.00000      -17.191000      -6.3940001      -1.4190000       1.7730000
       810.00000      -17.191000      -6.3940001      -1.4190000       1.7730000
       895.00000      -15.091000      -5.7540002      -1.4000000       1.6540000
       903.50000      -15.091000      -5.7540002      -1.4000000       1.6540000
       904.00000      -14.972000      -5.6170001      -1.2570000       1.8040000
       904.50000      -15.528000      -5.7979999      -1.2450000       1.9080000
       905.00000      -14.330000      -5.0619998     -0.96799999       2.0350001
       905.50000      -14.344000      -5.0660000     -0.73600000       2.1970000
       910.00000      -14.344000      -5.0660000     -0.73600000       2.1970000
       995.00000      -12.952000      -4.6970000     -0.79699999       2.0130000
       1003.5000      -12.952000      -4.6970000     -0.79699999       2.0130000
       1004.0000      -12.493000      -4.4039998     -0.58899999       2.1470001
       1004.5000      -12.228000      -4.1770000     -0.38600001       2.3120000
       1005.0000      -11.968000      -3.9630001     -0.18700001       2.4700000
       1005.5000      -11.631000      -3.7390001    -0.017999999       2.5639999
       1006.0000      -10.981000      -3.3750000      0.20800000       2.6500001
       1010.0000      -10.981000      -3.3750000      0.20800000       2.6500001
       1095.0000      -10.898000      -3.6310000     -0.17100000       2.3750000
       1103.5000      -10.898000      -3.6310000     -0.17100000       2.3750000
       1104.0000      -10.694000      -3.4970000    -0.067000002       2.4540000
       1104.5000      -10.503000      -3.3399999     0.079999998       2.5699999
       1105.0000      -10.073000      -3.0360000      0.31900001       2.7210000
       1105.5000      -9.6000004      -2.7210000      0.55100000       2.8490000
       1106.0000      -13.366000      -5.1110001      -1.2110000       1.5990000
       1110.0000      -13.366000      -5.1110001      -1.2110000       1.5990000
       1195.0000      -9.0299997      -2.6050000      0.46399999       2.7420001
       1203.5000      -9.0299997      -2.6050000      0.46399999       2.7420001
       1204.0000      -9.0299997      -2.6050000      0.46399999       2.7420001
       1204.5000      -9.0299997      -2.6050000      0.46399999       2.7420001
       1205.0000      -8.8380003      -2.4219999      0.66799998       2.9189999
       1206.0000      -7.8889999      -1.8150001       1.0860000       3.0969999
       1210.0000      -7.8889999      -1.8150001       1.0860000       3.0969999
       1295.0000      -7.3800001      -1.6890000       1.0369999       3.0750000
       1303.5000      -7.3800001      -1.6890000       1.0369999       3.0750000
       1304.0000      -7.4060001      -1.7029999       1.0330000       3.0739999
       1304.5000      -7.6290002      -1.8130000      0.99800003       3.0810001
       1305.0000      -7.5590000      -1.7510000       1.0599999       3.1250000
       1305.5000      -7.3559999      -1.6070000       1.1700000       3.1719999
       1306.0000      -9.3039999      -2.9100001       1.0930001       3.2249999
       1310.0000      -9.3039999      -2.9100001       1.0930001       3.2249999
       1395.0000      -6.0380001     -0.94400001       1.5420001       3.3290000
       1403.5000      -6.0380001     -0.94400001       1.5420001       3.3290000
       1404.0000      -6.0539999     -0.95999998       1.5160000       3.3090000
       1404.5000      -6.1630001      -1.0070000       1.4780000       3.2890000
       1405.0000      -6.2979999      -1.0680000       1.4809999       3.3099999
       1405.5000      -6.0739999     -0.91600001       1.5640000       3.3250000
       1406.0000      -6.0749998     -0.91600001       1.5820000       3.3320000
       1410.0000      -6.0749998     -0.91600001       1.5820000       3.3320000
       1495.0000      -4.9510002     -0.16900000       2.0420001       3.4930000
       1503.5000      -4.9510002     -0.16900000       2.0420001       3.4930000
       1504.0000      -4.9660001     -0.24400000       2.0000000       3.4749999
       1504.5000      -5.0890002     -0.35100001       1.9360000       3.4460001
       1505.0000      -5.1430001     -0.40400001       1.9030000       3.4410000
       1505.5000      -5.1700001     -0.43599999       1.8750000       3.4319999
       1506.0000      -5.1430001     -0.43200001       1.8559999       3.4080000
       1510.0000      -5.1430001     -0.43200001       1.8559999       3.4080000
       1595.0000      -3.9230001      0.64600003       2.3959999       3.5230000
       1603.5000      -3.9230001      0.64600003       2.3959999       3.5230000
       1604.0000      -3.9719999      0.56000000       2.3770001       3.5209999
       1604.5000      -4.0580001      0.42600000       2.3340001       3.5070000
       1605.0000      -4.1420002      0.28000000       2.2770000       3.4930000
       1605.5000      -4.1939998      0.18099999       2.2210000       3.4790001
       1606.0000      -4.2309999      0.10100000       2.1650000       3.4600000
       1610.0000      -4.2309999      0.10100000       2.1650000       3.4600000
       1695.0000      -2.9940000       1.3329999       2.6289999       3.5009999
       1703.5000      -2.9940000       1.3329999       2.6289999       3.5009999
       1704.0000      -2.7550001       1.3800000       2.6910000       3.5339999
       1704.5000      -2.2300000       1.7450000       2.9130001       3.6340001
       1705.0000      -2.8269999       1.2980000       2.7360001       3.5599999
       1705.5000      -3.1530001      0.98900002       2.6029999       3.5120001
       1706.0000      -3.3820000      0.73000002       2.4690001       3.4700000
       1710.0000      -3.3820000      0.73000002       2.4690001       3.4700000
       1795.0000      -2.4560001       1.6180000       2.6770000       3.4189999
       1803.5000      -2.4560001       1.6180000       2.6770000       3.4189999
       1804.0000      -2.3480000       1.6569999       2.7279999       3.4349999
       1804.5000      -1.9740000       1.8410000       2.8559999       3.4790001
       1805.0000      -1.9330000       1.8710001       2.9219999       3.5030000
       1805.5000      -2.2720001       1.5790000       2.8069999       3.4419999
       1806.0000      -2.3180001       1.5150000       2.8039999       3.4740000
       1810.0000      -2.3180001       1.5150000       2.8039999       3.4740000
       1895.0000      -1.9150000       1.9040000       2.7409999       3.3570001
       1903.5000      -1.9150000       1.9040000       2.7409999       3.3570001
       1904.0000      -1.9740000       1.8329999       2.7309999       3.3460000
       1904.5000      -2.2360001       1.6360000       2.6689999       3.3030000
       1905.0000      -1.8980000       1.8120000       2.8039999       3.3369999
       1905.5000      -2.0599999       1.6890000       2.7800000       3.2880001
       1906.0000      -2.1259999       1.5790000       2.7240000       3.2560000
       1910.0000      -2.1259999       1.5790000       2.7240000       3.2560000
       1995.0000      -1.6230000       2.0190001       2.7360001       3.2790000
       2003.5000      -1.6230000       2.0190001       2.7360001       3.2790000
       2004.0000      -1.5800000       1.9900000       2.7449999       3.2780001
       2004.5000      -1.5430000       1.9820000       2.7679999       3.2670000
       2005.0000      -1.6080000       1.9220001       2.7800000       3.2340000
       2005.5000      -1.8770000       1.7430000       2.7400000       3.1740000
       2006.0000      -1.8620000       1.6890000       2.7140000       3.1250000
       2010.0000      -1.8620000       1.6890000       2.7140000       3.1250000
       2095.0000      -1.2990000       2.0710001       2.7320001       3.2060001
       2104.0000      -1.2990000       2.0710001       2.7320001       3.2060001
       2105.0000      -1.1520000       2.0850000       2.8099999       3.1960001
       2105.5000      -1.4220001       1.9110000       2.7660000       3.1150000
       2106.0000      -1.6590000       1.7589999       2.6970000       3.0190001
       2110.0000      -1.6590000       1.7589999       2.6970000       3.0190001
       2195.0000      -1.0760000       2.1370001       2.7000000       3.1380000
       2203.5000      -1.0760000       2.1370001       2.7000000       3.1380000
       2204.0000      -1.0350000       2.1229999       2.7119999       3.1389999
       2204.5000     -0.98400003       2.1289999       2.7409999       3.1380000
       2205.0000     -0.93000001       2.1150000       2.7770000       3.1329999
       2205.5000      -1.0190001       2.0420001       2.7880001       3.0810001
       2206.0000      -1.0740000       1.9809999       2.7670000       2.9820001
       2210.0000      -1.0740000       1.9809999       2.7670000       2.9820001
       2295.0000     -0.82700002       2.1480000       2.6700001       3.0750000
       2303.5000     -0.82700002       2.1480000       2.6700001       3.0750000
       2304.0000     -0.79000002       2.1350000       2.6840000       3.0790000
       2304.5000     -0.75900000       2.1370001       2.7100000       3.0790000
       2305.0000     -0.72500002       2.1190000       2.7390001       3.0750000
       2305.5000     -0.73199999       2.0920000       2.7720001       3.0430000
       2306.0000     -0.73400003       2.0660000       2.7880001       2.9660001
       2310.0000     -0.73400003       2.0660000       2.7880001       2.9660001
       2395.0000     -0.58899999       2.1380000       2.6359999       3.0160000
       2403.5000     -0.58899999       2.1380000       2.6359999       3.0160000
       2404.0000     -0.55800003       2.1270001       2.6489999       3.0209999
       2404.5000     -0.53799999       2.1359999       2.6760001       3.0209999
       2405.5000     -0.47499999       2.1199999       2.7530000       3.0070000
       2406.0000     -0.51099998       2.0790000       2.7639999       2.9360001
       2410.0000     -0.51099998       2.0790000       2.7639999       2.9360001
       2495.0000      -2.2590001       2.0469999       2.8540001       3.2709999
       2500.0000      -2.2590001       2.0469999       2.8540001       3.2709999
       2503.5000     -0.38600001       2.1040001       2.5920000       2.9560001
       2504.0000     -0.34900001       2.0999999       2.6099999       2.9649999
       2504.5000     -0.34099999       2.1140001       2.6370001       2.9649999
       2505.0000     -0.29800001       2.1180000       2.6750000       2.9749999
       2505.5000     -0.28099999       2.1070001       2.7119999       2.9649999
       2506.0000     -0.29600000       2.0860000       2.7400000       2.9150000
       2510.0000     -0.29600000       2.0860000       2.7400000       2.9150000
       2595.0000      -2.1584013       2.0296346       2.9180719       3.2811797
       2600.0000      -2.1584013       2.0296346       2.9180719       3.2811797
       2603.5000     -0.21699999       2.0660000       2.5490000       2.8980000
       2604.0000     -0.17399999       2.0610001       2.5660000       2.9080000
       2604.5000     -0.16599999       2.0799999       2.5950000       2.9110000
       2605.0000     -0.12400000       2.0890000       2.6340001       2.9230001
       2605.5000     -0.10100000       2.0880001       2.6740000       2.9230001
       2606.0000     -0.11600000       2.0680001       2.7030001       2.8889999
       2610.0000     -0.11600000       2.0680001       2.7030001       2.8889999
       2695.0000      -2.0491211       2.0100089       2.9670672       3.2843005
       2700.0000      -2.0491211       2.0100089       2.9670672       3.2843005
       2703.5000    -0.090000004       2.0250001       2.5070000       2.8399999
       2704.0000    -0.032000002       2.0209999       2.5250001       2.8529999
       2704.5000    -0.014000000       2.0430000       2.5560000       2.8590000
       2705.0000     0.023000000       2.0510001       2.5899999       2.8720000
       2705.5000     0.048999999       2.0550001       2.6310000       2.8789999
       2706.0000     0.046999998       2.0460000       2.6650000       2.8599999
       2710.0000     0.046999998       2.0460000       2.6650000       2.8599999
       2795.0000      -1.9222153       1.9857937       2.9854530       3.2730897
       2800.0000      -1.9222153       1.9857937       2.9854530       3.2730897
       2805.0000      0.25299999       1.9790000       2.5650001       2.8000000
       2805.5000      0.28200001       1.9930000       2.5910001       2.7670000
       2810.0000      0.28200001       1.9930000       2.5910001       2.7670000
       2895.0000      -1.7843135       1.9608220       2.9994153       3.2601610
       2900.0000      -1.7843135       1.9608220       2.9994153       3.2601610
       2905.0000      0.33500001       1.9390000       2.5280001       2.7670000
       2905.5000      0.35600001       1.9500000       2.5530000       2.7449999
       2910.0000      0.35600001       1.9500000       2.5530000       2.7449999
       2995.0000      -1.5474491       1.9290424       2.9735678       3.2317712
       3000.0000      -1.5474491       1.9290424       2.9735678       3.2317712
       3005.0000      0.39300001       1.8940001       2.4849999       2.7260001
       3005.5000      0.41900000       1.9090000       2.5139999       2.7179999
       3010.0000      0.41900000       1.9090000       2.5139999       2.7179999
       3095.0000      -1.3105847       1.8972628       2.9477203       3.2033814
       3100.0000      -1.3105847       1.8972628       2.9477203       3.2033814
       3105.0000      0.44700000       1.8570000       2.4480000       2.6870000
       3105.5000      0.46700001       1.8670000       2.4730000       2.6849999
       3110.0000      0.46700001       1.8670000       2.4730000       2.6849999
       3195.0000     -0.97119668       1.8659509       2.9050109       3.1547542
       3200.0000     -0.97119668       1.8659509       2.9050109       3.1547542
       3205.0000      0.48600000       1.8190000       2.4070001       2.6450000
       3205.5000      0.50900000       1.8300000       2.4340000       2.6489999
       3210.0000      0.50900000       1.8300000       2.4340000       2.6489999
       3295.0000     -0.59578686       1.8348033       2.8563770       3.0990165
       3300.0000     -0.59578686       1.8348033       2.8563770       3.0990165
       3305.0000      0.52499998       1.7880000       2.3740001       2.6059999
       3305.5000      0.54400003       1.7950000       2.3950000       2.6099999
       3310.0000      0.54400003       1.7950000       2.3950000       2.6099999
       3395.0000     -0.23658400       1.7963280       2.7959441       3.0204720
       3400.0000     -0.23658400       1.7963280       2.7959441       3.0204720
       3405.0000      0.55800003       1.7580000       2.3420000       2.5690000
       3405.5000      0.57300001       1.7620000       2.3550000       2.5699999
       3410.0000      0.57300001       1.7620000       2.3550000       2.5699999
       3495.0000      0.27000001       1.6780000       2.6930001       2.9010000
       3500.0000      0.27000001       1.6780000       2.6930001       2.9010000
       3500.5000      0.28999999       1.6860000       2.6960001       2.8820000
       3501.0000      0.31799999       1.7000000       2.6919999       2.8540001
       3501.5000      0.35499999       1.7200000       2.6780000       2.8150001
       3502.0000      0.40000001       1.7430000       2.6530001       2.7660000
       3502.5000      0.45100001       1.7650000       2.6170001       2.7079999
       3503.0000      0.51200002       1.7840000       2.5599999       2.6400001
       3503.5000      0.57999998       1.7910000       2.4640000       2.5669999
       3504.0000      0.62800002       1.7880000       2.3690000       2.5070000
       3504.5000      0.65100002       1.7819999       2.3190000       2.4719999
       3505.0000      0.66200000       1.7800000       2.2980001       2.4549999
       3505.5000      0.66200000       1.7800000       2.2980001       2.4549999
       3506.0000      0.66200000       1.7800000       2.2980001       2.4549999
       3510.0000      0.66200000       1.7800000       2.2980001       2.4549999
       3595.0000      0.60699999       1.6980000       2.2839999       2.5039999
       3605.0000      0.60699999       1.6980000       2.2839999       2.5039999
       3605.5000      0.61900002       1.6990000       2.2809999       2.4930000
       3610.0000      0.61900002       1.6990000       2.2809999       2.4930000
       3695.0000      0.61799997       1.6619999       2.2520001       2.4679999
       3705.0000      0.61799997       1.6619999       2.2520001       2.4679999
       3705.5000      0.63800001       1.6700000       2.2470000       2.4549999
       3710.0000      0.63800001       1.6700000       2.2470000       2.4549999
       3745.0000      0.41800001       1.6300000       2.5490000       2.7279999
       3750.0000      0.41800001       1.6300000       2.5490000       2.7279999
       3750.5000      0.41600001       1.6190000       2.5580001       2.7249999
       3751.0000      0.42100000       1.6160001       2.5630000       2.7179999
       3751.5000      0.43300000       1.6200000       2.5630000       2.7049999
       3752.0000      0.45300001       1.6300000       2.5560000       2.6830001
       3752.5000      0.47900000       1.6450000       2.5409999       2.6520000
       3753.0000      0.51400000       1.6619999       2.5160000       2.6099999
       3753.5000      0.56099999       1.6750000       2.4649999       2.5550001
       3754.0000      0.61299998       1.6810000       2.3770001       2.4920001
       3754.5000      0.65100002       1.6840000       2.2980001       2.4389999
       3755.0000      0.67199999       1.6849999       2.2579999       2.4080000
       3760.0000      0.67199999       1.6849999       2.2579999       2.4080000
       3795.0000      0.63499999       1.6330000       2.2270000       2.4360001
       3805.0000      0.63499999       1.6330000       2.2270000       2.4360001
       3805.5000      0.64999998       1.6370000       2.2119999       2.4159999
       3810.0000      0.64999998       1.6370000       2.2119999       2.4159999
       3995.0000      0.53299999       1.6000000       2.4000001       2.5439999
       4000.0000      0.53299999       1.6000000       2.4000001       2.5439999
       4000.5000      0.52399999       1.5840000       2.4080000       2.5439999
       4001.0000      0.51899999       1.5720000       2.4150000       2.5430000
       4001.5000      0.51599997       1.5640000       2.4189999       2.5420001
       4002.0000      0.51599997       1.5599999       2.4210000       2.5390000
       4002.5000      0.52200001       1.5610000       2.4200001       2.5320001
       4003.0000      0.53399998       1.5670000       2.4130001       2.5190001
       4003.5000      0.55699998       1.5779999       2.3959999       2.4940000
       4004.0000      0.59600002       1.5880001       2.3510001       2.4510000
       4004.5000      0.63900000       1.5930001       2.2780001       2.3959999
       4005.0000      0.67199999       1.5980000       2.2100000       2.3510001
       4010.0000      0.67199999       1.5980000       2.2100000       2.3510001
       4245.0000      0.61900002       1.5580000       2.2520001       2.3670001
       4250.0000      0.61900002       1.5580000       2.2520001       2.3670001
       4250.5000      0.60600001       1.5410000       2.2570000       2.3670001
       4251.0000      0.59600002       1.5280000       2.2620001       2.3659999
       4251.5000      0.58999997       1.5180000       2.2650001       2.3659999
       4252.0000      0.58600003       1.5110000       2.2679999       2.3659999
       4252.5000      0.58300000       1.5070000       2.2700000       2.3650000
       4253.0000      0.58399999       1.5050000       2.2700000       2.3640001
       4253.5000      0.58700001       1.5050000       2.2679999       2.3610001
       4254.0000      0.59799999       1.5100000       2.2590001       2.3529999
       4254.5000      0.62699997       1.5150000       2.2249999       2.3239999
       4255.0000      0.66299999       1.5200000       2.1689999       2.2820001
       4260.0000      0.66299999       1.5200000       2.1689999       2.2820001
       4495.0000      0.68099999       1.5030000       2.1050000       2.1970000
       4500.0000      0.68099999       1.5030000       2.1050000       2.1970000
       4500.5000      0.66500002       1.4870000       2.1080000       2.1970000
       4501.0000      0.65300000       1.4740000       2.1099999       2.1960001
       4501.5000      0.64399999       1.4650000       2.1120000       2.1960001
       4502.0000      0.63800001       1.4579999       2.1140001       2.1960001
       4502.5000      0.63400000       1.4529999       2.1150000       2.1949999
       4503.0000      0.63200003       1.4490000       2.1159999       2.1949999
       4503.5000      0.63200003       1.4480000       2.1159999       2.1949999
       4504.0000      0.63599998       1.4480000       2.1150000       2.1940000
       4504.5000      0.64399999       1.4520000       2.1099999       2.1910000
       4505.0000      0.66399997       1.4560000       2.0890000       2.1740000
       4510.0000      0.66399997       1.4560000       2.0890000       2.1740000
       4745.0000      0.71799999       1.4370000       1.9579999       2.0320001
       4750.0000      0.71799999       1.4370000       1.9579999       2.0320001
       4750.5000      0.70099998       1.4220001       1.9610000       2.0339999
       4751.0000      0.68800002       1.4100000       1.9630001       2.0339999
       4751.5000      0.67699999       1.4010000       1.9640000       2.0330000
       4752.0000      0.67000002       1.3940001       1.9650000       2.0330000
       4752.5000      0.66399997       1.3890001       1.9660000       2.0330000
       4753.0000      0.66100001       1.3850000       1.9670000       2.0320001
       4753.5000      0.65899998       1.3830000       1.9670000       2.0330000
       4754.0000      0.66100001       1.3830000       1.9670000       2.0330000
       4754.5000      0.66500002       1.3839999       1.9660000       2.0330000
       4755.0000      0.67199999       1.3870000       1.9630001       2.0330000
       4760.0000      0.67199999       1.3870000       1.9630001       2.0330000
       4995.0000      0.72899997       1.3600000       1.8080000       1.8720000
       5000.0000      0.72899997       1.3600000       1.8080000       1.8720000
       5000.5000      0.71300000       1.3470000       1.8150001       1.8750000
       5001.0000      0.69900000       1.3360000       1.8180000       1.8770000
       5001.5000      0.68900001       1.3279999       1.8200001       1.8770000
       5002.0000      0.68000001       1.3210000       1.8210000       1.8770000
       5002.5000      0.67400002       1.3160000       1.8220000       1.8770000
       5003.0000      0.67000002       1.3120000       1.8220000       1.8770000
       5003.5000      0.66799998       1.3099999       1.8220000       1.8770000
       5004.0000      0.66799998       1.3090000       1.8220000       1.8780000
       5004.5000      0.67100000       1.3099999       1.8220000       1.8780000
       5005.0000      0.67600000       1.3130000       1.8210000       1.8800000
       5010.0000      0.67600000       1.3130000       1.8210000       1.8800000
       5245.0000      0.71600002       1.2730000       1.6560000       1.7130001
       5250.0000      0.71600002       1.2730000       1.6560000       1.7130001
       5250.5000      0.70300001       1.2640001       1.6680000       1.7210000
       5251.0000      0.69099998       1.2560000       1.6740000       1.7240000
       5251.5000      0.68099999       1.2480000       1.6770000       1.7260000
       5252.0000      0.67299998       1.2420000       1.6790000       1.7260000
       5252.5000      0.66700000       1.2370000       1.6810000       1.7270000
       5253.0000      0.66200000       1.2330000       1.6810000       1.7270000
       5253.5000      0.66000003       1.2309999       1.6820000       1.7270000
       5254.0000      0.66100001       1.2300000       1.6830000       1.7280000
       5254.5000      0.66399997       1.2320000       1.6820000       1.7290000
       5255.0000      0.66900003       1.2340000       1.6820000       1.7309999
       5260.0000      0.66900003       1.2340000       1.6820000       1.7309999
       5495.0000      0.68699998       1.1780000       1.5039999       1.5549999
       5500.0000      0.68699998       1.1780000       1.5039999       1.5549999
       5500.5000      0.67699999       1.1740000       1.5210000       1.5680000
       5501.0000      0.66799998       1.1690000       1.5310000       1.5750000
       5501.5000      0.65899998       1.1630000       1.5369999       1.5790000
       5502.0000      0.65200001       1.1580000       1.5400000       1.5810000
       5502.5000      0.64600003       1.1530000       1.5430000       1.5820000
       5503.0000      0.64200002       1.1500000       1.5450000       1.5829999
       5503.5000      0.63900000       1.1480000       1.5460000       1.5829999
       5504.0000      0.63999999       1.1470000       1.5470001       1.5840000
       5504.5000      0.64300001       1.1480000       1.5480000       1.5860000
       5505.0000      0.64800000       1.1510000       1.5480000       1.5880001
       5510.0000      0.64800000       1.1510000       1.5480000       1.5880001
       5745.0000      0.64600003       1.0779999       1.3520000       1.3990000
       5750.0000      0.64600003       1.0779999       1.3520000       1.3990000
       5750.5000      0.63999999       1.0800000       1.3750000       1.4180000
       5751.0000      0.63400000       1.0790000       1.3890001       1.4290000
       5751.5000      0.62800002       1.0750000       1.3980000       1.4349999
       5752.0000      0.62099999       1.0710000       1.4040000       1.4390000
       5752.5000      0.61600000       1.0670000       1.4080000       1.4420000
       5753.0000      0.61199999       1.0640000       1.4110000       1.4430000
       5753.5000      0.60900003       1.0620000       1.4140000       1.4440000
       5754.0000      0.60900003       1.0610000       1.4160000       1.4460000
       5754.5000      0.61199999       1.0620000       1.4170001       1.4480000
       5755.0000      0.61699998       1.0650001       1.4180000       1.4500000
       5760.0000      0.61699998       1.0650001       1.4180000       1.4500000
       5995.0000      0.59600002      0.97399998       1.2020000       1.2460001
       6000.0000      0.59600002      0.97399998       1.2020000       1.2460001
       6000.5000      0.59600002      0.98400003       1.2320000       1.2710000
       6001.0000      0.59299999      0.98699999       1.2500000       1.2860000
       6001.5000      0.58999997      0.98600000       1.2620000       1.2950000
       6002.0000      0.58499998      0.98400003       1.2710000       1.3020000
       6002.5000      0.58099997      0.98100001       1.2770000       1.3060000
       6003.0000      0.57599998      0.97799999       1.2810000       1.3080000
       6003.5000      0.57300001      0.97500002       1.2850000       1.3099999
       6004.0000      0.57200003      0.97399998       1.2880000       1.3120000
       6004.5000      0.57400000      0.97399998       1.2910000       1.3140000
       6005.0000      0.57900000      0.97700000       1.2920001       1.3170000
       6010.0000      0.57900000      0.97700000       1.2920001       1.3170000
       6245.0000      0.54299998      0.88400000       1.0920000       1.1270000
       6250.5000      0.54299998      0.88400000       1.0920000       1.1270000
       6251.0000      0.54699999      0.89300001       1.1150000       1.1460000
       6251.5000      0.54600000      0.89600003       1.1300000       1.1590000
       6252.0000      0.54400003      0.89600003       1.1400000       1.1680000
       6252.5000      0.54100001      0.89499998       1.1480000       1.1740000
       6253.0000      0.53700000      0.89200002       1.1540000       1.1780000
       6253.5000      0.53299999      0.88900000       1.1590000       1.1810000
       6254.0000      0.52999997      0.88700002       1.1630000       1.1830000
       6254.5000      0.53100002      0.88700002       1.1670001       1.1849999
       6255.0000      0.53500003      0.88800001       1.1700000       1.1880000
       6260.0000      0.53500003      0.88800001       1.1700000       1.1880000
       6495.0000      0.48400000      0.78200001      0.95499998      0.98699999
       6500.5000      0.48400000      0.78200001      0.95499998      0.98699999
       6501.0000      0.49300000      0.79699999      0.98100001       1.0100000
       6501.5000      0.49800000      0.80500001       1.0000000       1.0270000
       6502.0000      0.49900001      0.80800003       1.0130000       1.0380000
       6502.5000      0.49800000      0.80900002       1.0230000       1.0460000
       6503.0000      0.49500000      0.80699998       1.0300000       1.0520000
       6503.5000      0.49100000      0.80400002       1.0369999       1.0549999
       6504.0000      0.48699999      0.80199999       1.0420001       1.0580000
       6504.5000      0.48600000      0.80000001       1.0470001       1.0599999
       6505.0000      0.48699999      0.80100000       1.0520000       1.0640000
       6510.0000      0.48699999      0.80100000       1.0520000       1.0640000
       6745.0000      0.42600000      0.68400002      0.82599998      0.85399997
       6750.5000      0.42600000      0.68400002      0.82599998      0.85399997
       6751.0000      0.43399999      0.69900000      0.85200000      0.87800002
       6751.5000      0.44400001      0.71200001      0.87300003      0.89700001
       6752.0000      0.44999999      0.72000003      0.88900000      0.91100001
       6752.5000      0.45199999      0.72200000      0.89999998      0.92199999
       6753.0000      0.44999999      0.72200000      0.91000003      0.92900002
       6753.5000      0.44700000      0.72100002      0.91700000      0.93400002
       6754.0000      0.44299999      0.71799999      0.92400002      0.93699998
       6754.5000      0.44000000      0.71499997      0.93000001      0.94000000
       6755.0000      0.43900001      0.71399999      0.93500000      0.94300002
       6760.0000      0.43900001      0.71399999      0.93500000      0.94300002
       6995.0000      0.37000000      0.58899999      0.70499998      0.72799999
       7000.5000      0.37000000      0.58899999      0.70499998      0.72799999
       7001.0000      0.37599999      0.60500002      0.73000002      0.75199997
       7001.5000      0.38499999      0.61799997      0.75000000      0.77100003
       7002.0000      0.39600000      0.62900001      0.76800001      0.78799999
       7002.5000      0.40200001      0.63599998      0.78200001      0.80000001
       7003.0000      0.40300000      0.63800001      0.79200000      0.81000000
       7003.5000      0.40200001      0.63800001      0.80100000      0.81599998
       7004.0000      0.39800000      0.63499999      0.80900002      0.82099998
       7004.5000      0.39399999      0.63300002      0.81599998      0.82400000
       7005.0000      0.39199999      0.63099998      0.82200003      0.82700002
       7010.0000      0.39199999      0.63099998      0.82200003      0.82700002
       7245.0000      0.31900001      0.49900001      0.59399998      0.61299998
       7250.5000      0.31900001      0.49900001      0.59399998      0.61299998
       7251.0000      0.31999999      0.51400000      0.61500001      0.63300002
       7251.5000      0.32800001      0.52700001      0.63400000      0.65200001
       7252.0000      0.33600000      0.53799999      0.64999998      0.66799998
       7252.5000      0.34700000      0.54799998      0.66500002      0.68199998
       7253.0000      0.35299999      0.55400002      0.67799997      0.69300002
       7253.5000      0.35400000      0.55500001      0.68800002      0.70099998
       7254.0000      0.35200000      0.55400002      0.69599998      0.70700002
       7254.5000      0.34799999      0.55100000      0.70499998      0.71100003
       7255.0000      0.34500000      0.54900002      0.71200001      0.71499997
       7260.0000      0.34500000      0.54900002      0.71200001      0.71499997
       7495.0000      0.28099999      0.41900000      0.49599999      0.50900000
       7500.5000      0.28099999      0.41900000      0.49599999      0.50900000
       7501.0000      0.26699999      0.42699999      0.50900000      0.52200001
       7501.5000      0.27300000      0.44000000      0.52499998      0.53899997
       7502.0000      0.28000000      0.44999999      0.53899997      0.55400002
       7502.5000      0.28900000      0.45899999      0.55299997      0.56800002
       7503.0000      0.29899999      0.46799999      0.56599998      0.57999998
       7503.5000      0.30399999      0.47200000      0.57700002      0.58999997
       7504.0000      0.30399999      0.47299999      0.58700001      0.59700000
       7504.5000      0.30199999      0.47099999      0.59600002      0.60200000
       7505.0000      0.29800001      0.46900001      0.60500002      0.60600001
       7510.0000      0.29800001      0.46900001      0.60500002      0.60600001
       7745.0000      0.21699999      0.34299999      0.40900001      0.41900000
       7751.0000      0.21699999      0.34299999      0.40900001      0.41900000
       7751.5000      0.21799999      0.35400000      0.42199999      0.43200001
       7752.0000      0.22400001      0.36500001      0.43399999      0.44600001
       7752.5000      0.23199999      0.37400001      0.44600001      0.45899999
       7753.0000      0.24100000      0.38200000      0.45800000      0.47000000
       7753.5000      0.25000000      0.38900000      0.47000000      0.48100001
       7754.0000      0.25400001      0.39199999      0.47999999      0.49000001
       7754.5000      0.25400001      0.39199999      0.49100000      0.49599999
       7755.0000      0.25099999      0.38999999      0.50000000      0.50099999
       7760.0000      0.25099999      0.38999999      0.50000000      0.50099999
       7995.0000      0.17200001      0.26400000      0.31900001      0.32300001
       8001.0000      0.17200001      0.26400000      0.31900001      0.32300001
       8001.5000      0.16300000      0.27000001      0.32499999      0.33000001
       8002.0000      0.16800000      0.28000000      0.33399999      0.34200001
       8002.5000      0.17500000      0.28900000      0.34400001      0.35400000
       8003.0000      0.18300000      0.29699999      0.35400000      0.36500001
       8003.5000      0.19200000      0.30399999      0.36500001      0.37599999
       8004.0000      0.20000000      0.31099999      0.37700000      0.38499999
       8004.5000      0.20299999      0.31299999      0.38800001      0.39300001
       8005.0000      0.20200001      0.31200001      0.39800000      0.39800000
       8010.0000      0.20200001      0.31200001      0.39800000      0.39800000
       8245.0000      0.12800001      0.18700001      0.23400000      0.23400000
       8251.0000      0.12800001      0.18700001      0.23400000      0.23400000
       8251.5000      0.10900000      0.18900000      0.23300000      0.23400000
       8252.0000      0.11000000      0.19700000      0.23899999      0.24300000
       8252.5000      0.11600000      0.20600000      0.24699999      0.25400001
       8253.0000      0.12500000      0.21400000      0.25500000      0.26400000
       8253.5000      0.13300000      0.22100000      0.26499999      0.27399999
       8254.0000      0.14200000      0.22800000      0.27500001      0.28400001
       8254.5000      0.15000001      0.23400000      0.28700000      0.29200000
       8255.0000      0.15200000      0.23500000      0.29800001      0.29800001
       8260.0000      0.15200000      0.23500000      0.29800001      0.29800001
       8495.0000     0.057000000      0.11000000      0.14600000      0.14300001
       8501.5000     0.057000000      0.11000000      0.14600000      0.14300001
       8502.0000     0.052000001      0.11500000      0.14900000      0.14900000
       8502.5000     0.056000002      0.12300000      0.15400000      0.15700001
       8503.0000     0.064000003      0.13100000      0.16100000      0.16700000
       8503.5000     0.072999999      0.13900000      0.16900000      0.17600000
       8504.0000     0.081000000      0.14500000      0.17800000      0.18500000
       8504.5000     0.092000000      0.15200000      0.18900000      0.19400001
       8505.0000     0.098999999      0.15700001      0.20100001      0.20100001
       8510.0000     0.098999999      0.15700001      0.20100001      0.20100001
       8745.0000    0.0030000000     0.032000002     0.063000001     0.056000002
       8751.5000    0.0030000000     0.032000002     0.063000001     0.056000002
       8752.0000   -0.0049999999     0.035000000     0.061999999     0.057999998
       8752.5000   -0.0040000002     0.041999999     0.064999998     0.064000003
       8753.0000    0.0020000001     0.048999999     0.070000000     0.071999997
       8753.5000     0.011000000     0.056000002     0.075999998     0.081000000
       8754.0000     0.020000000     0.063000001     0.083999999     0.089000002
       8754.5000     0.029999999     0.070000000     0.093000002     0.097999997
       8755.0000     0.041999999     0.077000000      0.10600000      0.10600000
       8760.0000     0.041999999     0.077000000      0.10600000      0.10600000
       8995.0000    -0.052000001    -0.045000002    -0.018999999    -0.028999999
       9001.5000    -0.052000001    -0.045000002    -0.018999999    -0.028999999
       9002.0000    -0.061999999    -0.041999999    -0.022000000    -0.029999999
       9002.5000    -0.064000003    -0.037999999    -0.021000000    -0.026000001
       9003.0000    -0.059999999    -0.032000002    -0.018999999    -0.020000000
       9003.5000    -0.052999999    -0.025000000    -0.014000000    -0.012000000
       9004.0000    -0.044000000    -0.017999999   -0.0070000002   -0.0040000002
       9004.5000    -0.033000000    -0.012000000    0.0010000000    0.0040000002
       9005.0000    -0.021000000   -0.0049999999     0.012000000     0.012000000
       9010.0000    -0.021000000   -0.0049999999     0.012000000     0.012000000
       9245.0000     -0.11800000     -0.11800000     -0.10200000     -0.11400000
       9252.0000     -0.11800000     -0.11800000     -0.10200000     -0.11400000
       9252.5000     -0.12300000     -0.11600000     -0.10400000     -0.11300000
       9253.0000     -0.12200000     -0.11100000     -0.10400000     -0.10800000
       9253.5000     -0.11600000     -0.10600000     -0.10100000     -0.10200000
       9254.0000     -0.10800000    -0.098999999    -0.096000001    -0.094999999
       9254.5000    -0.097999997    -0.093000002    -0.089000002    -0.086999997
       9255.0000    -0.086999997    -0.086000003    -0.079000004    -0.079999998
       9260.0000    -0.086999997    -0.086000003    -0.079000004    -0.079999998
       9495.0000     -0.17500000     -0.19300000     -0.18099999     -0.19599999
       9502.0000     -0.17500000     -0.19300000     -0.18099999     -0.19599999
       9502.5000     -0.18099999     -0.19100000     -0.18400000     -0.19599999
       9503.0000     -0.18200000     -0.18799999     -0.18500000     -0.19400001
       9503.5000     -0.17900001     -0.18400000     -0.18500000     -0.18900000
       9504.0000     -0.17200001     -0.17900001     -0.18099999     -0.18300000
       9504.5000     -0.16200000     -0.17200001     -0.17500000     -0.17700000
       9505.0000     -0.15099999     -0.16599999     -0.16700000     -0.16900000
       9510.0000     -0.15099999     -0.16599999     -0.16700000     -0.16900000
       9745.0000     -0.23100001     -0.26600000     -0.25799999     -0.27500001
       9752.0000     -0.23100001     -0.26600000     -0.25799999     -0.27500001
       9752.5000     -0.23899999     -0.26499999     -0.26199999     -0.27800000
       9753.0000     -0.24200000     -0.26400000     -0.26499999     -0.27700001
       9753.5000     -0.24100000     -0.25999999     -0.26600000     -0.27399999
       9754.0000     -0.23500000     -0.25600001     -0.26400000     -0.26899999
       9754.5000     -0.22700000     -0.25099999     -0.25999999     -0.26300001
       9755.0000     -0.21600001     -0.24500000     -0.25200000     -0.25600001
       9760.0000     -0.21600001     -0.24500000     -0.25200000     -0.25600001
       9995.0000     -0.28799999     -0.33700001     -0.33300000     -0.35200000
       10002.000     -0.28799999     -0.33700001     -0.33300000     -0.35200000
       10002.500     -0.29600000     -0.33700001     -0.33800000     -0.35600001
       10003.000     -0.30100000     -0.33700001     -0.34200001     -0.35699999
       10003.500     -0.30100000     -0.33500001     -0.34400001     -0.35600001
       10004.000     -0.29699999     -0.33199999     -0.34400001     -0.35200000
       10004.500     -0.28999999     -0.32699999     -0.34099999     -0.34700000
       10005.000     -0.28000000     -0.32200000     -0.33500001     -0.34099999
       10010.000     -0.28000000     -0.32200000     -0.33500001     -0.34099999
       10245.000     -0.34400001     -0.40700001     -0.40599999     -0.42699999
       10252.000     -0.34400001     -0.40700001     -0.40599999     -0.42699999
       10252.500     -0.35299999     -0.40799999     -0.41200000     -0.43300000
       10253.000     -0.35900000     -0.40900001     -0.41700000     -0.43500000
       10253.500     -0.36100000     -0.40799999     -0.42100000     -0.43500000
       10254.000     -0.35900000     -0.40599999     -0.42199999     -0.43300000
       10254.500     -0.35200000     -0.40200001     -0.41999999     -0.42899999
       10255.000     -0.34299999     -0.39700001     -0.41499999     -0.42399999
       10260.000     -0.34299999     -0.39700001     -0.41499999     -0.42399999
       10495.000     -0.40000001     -0.47600001     -0.47799999     -0.50099999
       10502.000     -0.40000001     -0.47600001     -0.47799999     -0.50099999
       10502.500     -0.40900001     -0.47700000     -0.48500001     -0.50700003
       10503.000     -0.41600001     -0.47900000     -0.49100000     -0.51099998
       10503.500     -0.41900000     -0.47999999     -0.49500000     -0.51200002
       10504.000     -0.41900000     -0.47799999     -0.49700001     -0.51099998
       10504.500     -0.41400000     -0.47499999     -0.49700001     -0.50800002
       10505.000     -0.40599999     -0.47099999     -0.49300000     -0.50400001
       10510.000     -0.40599999     -0.47099999     -0.49300000     -0.50400001
       10745.000     -0.45600000     -0.54400003     -0.54900002     -0.57300001
       10752.000     -0.45600000     -0.54400003     -0.54900002     -0.57300001
       10752.500     -0.46399999     -0.54500002     -0.55599999     -0.57999998
       10753.000     -0.47200000     -0.54699999     -0.56199998     -0.58499998
       10753.500     -0.47700000     -0.54900002     -0.56800002     -0.58700001
       10754.000     -0.47799999     -0.54900002     -0.57099998     -0.58700001
       10754.500     -0.47400001     -0.54699999     -0.57200003     -0.58600003
       10755.000     -0.46700001     -0.54299998     -0.56900001     -0.58200002
       10760.000     -0.46700001     -0.54299998     -0.56900001     -0.58200002
       10995.000     -0.51200002     -0.61100000     -0.61900002     -0.64499998
       11002.000     -0.51200002     -0.61100000     -0.61900002     -0.64499998
       11002.500     -0.51999998     -0.61100000     -0.62500000     -0.65100002
       11003.000     -0.52800000     -0.61500001     -0.63200003     -0.65700001
       11003.500     -0.53399998     -0.61699998     -0.63800001     -0.66000003
       11004.000     -0.53600001     -0.61799997     -0.64300001     -0.66200000
       11004.500     -0.53399998     -0.61699998     -0.64399999     -0.66100001
       11005.000     -0.52800000     -0.61400002     -0.64300001     -0.65899998
       11010.000     -0.52800000     -0.61400002     -0.64300001     -0.65899998
       11245.000     -0.56699997     -0.67699999     -0.68800002     -0.71499997
       11252.000     -0.56699997     -0.67699999     -0.68800002     -0.71499997
       11252.500     -0.57499999     -0.67699999     -0.69400001     -0.72200000
       11253.000     -0.58300000     -0.68099999     -0.70099998     -0.72799999
       11253.500     -0.58999997     -0.68400002     -0.70800000     -0.73199999
       11254.000     -0.59299999     -0.68599999     -0.71300000     -0.73400003
       11254.500     -0.59200001     -0.68599999     -0.71499997     -0.73400003
       11255.000     -0.58700001     -0.68400002     -0.71499997     -0.73299998
       11260.000     -0.58700001     -0.68400002     -0.71499997     -0.73299998
       11495.000     -0.62300003     -0.74199998     -0.75500000     -0.78399998
       11502.000     -0.62300003     -0.74199998     -0.75500000     -0.78399998
       11502.500     -0.63000000     -0.74199998     -0.76099998     -0.79100001
       11503.000     -0.63800001     -0.74500000     -0.76899999     -0.79699999
       11503.500     -0.64499998     -0.74900001     -0.77600002     -0.80199999
       11504.000     -0.64899999     -0.75199997     -0.78100002     -0.80500001
       11504.500     -0.64999998     -0.75300002     -0.78500003     -0.80599999
       11505.000     -0.64600003     -0.75199997     -0.78500003     -0.80500001
       11510.000     -0.64600003     -0.75199997     -0.78500003     -0.80500001
       11745.000     -0.67799997     -0.80599999     -0.82200003     -0.85200000
       11752.000     -0.67799997     -0.80599999     -0.82200003     -0.85200000
       11752.500     -0.68400002     -0.80599999     -0.82800001     -0.85799998
       11753.000     -0.69300002     -0.80900002     -0.83499998     -0.86500001
       11753.500     -0.69999999     -0.81300002     -0.84200001     -0.87000000
       11754.000     -0.70499998     -0.81699997     -0.84899998     -0.87400001
       11754.500     -0.70599997     -0.81800002     -0.85200000     -0.87599999
       11755.000     -0.70300001     -0.81800002     -0.85399997     -0.87599999
       11760.000     -0.70300001     -0.81800002     -0.85399997     -0.87599999
       11995.000     -0.73900002     -0.86900002     -0.89300001     -0.92500001
       12002.500     -0.73900002     -0.86900002     -0.89300001     -0.92500001
       12003.000     -0.74699998     -0.87199998     -0.89999998     -0.93199998
       12003.500     -0.75400001     -0.87699997     -0.90799999     -0.93699998
       12004.000     -0.75900000     -0.88000000     -0.91399997     -0.94199997
       12004.500     -0.76099998     -0.88300002     -0.91900003     -0.94499999
       12005.000     -0.75999999     -0.88300002     -0.92100000     -0.94599998
       12010.000     -0.75999999     -0.88300002     -0.92100000     -0.94599998
       12245.000     -0.79200000     -0.93099999     -0.95700002     -0.99100000
       12252.500     -0.79200000     -0.93099999     -0.95700002     -0.99100000
       12253.000     -0.80000001     -0.93400002     -0.96499997     -0.99800003
       12253.500     -0.80800003     -0.93900001     -0.97200000      -1.0039999
       12254.000     -0.81300002     -0.94300002     -0.97899997      -1.0080000
       12254.500     -0.81599998     -0.94599998     -0.98400003      -1.0120000
       12255.000     -0.81500000     -0.94700003     -0.98699999      -1.0130000
       12260.000     -0.81500000     -0.94700003     -0.98699999      -1.0130000
       12495.000     -0.84500003     -0.99199998      -1.0210000      -1.0560000
       12502.500     -0.84500003     -0.99199998      -1.0210000      -1.0560000
       12503.000     -0.85399997     -0.99599999      -1.0280000      -1.0620000
       12503.500     -0.86100000      -1.0000000      -1.0360000      -1.0680000
       12504.000     -0.86699998      -1.0039999      -1.0430000      -1.0740000
       12504.500     -0.87000000      -1.0080000      -1.0480000      -1.0770000
       12505.000     -0.87000000      -1.0089999      -1.0510000      -1.0800000
       12510.000     -0.87000000      -1.0089999      -1.0510000      -1.0800000
       12745.000     -0.89800000      -1.0520000      -1.0829999      -1.1200000
       12752.500     -0.89800000      -1.0520000      -1.0829999      -1.1200000
       12753.000     -0.90600002      -1.0560000      -1.0910000      -1.1260000
       12753.500     -0.91299999      -1.0599999      -1.0980000      -1.1320000
       12754.000     -0.91900003      -1.0650001      -1.1050000      -1.1380000
       12754.500     -0.92299998      -1.0680000      -1.1109999      -1.1420000
       12755.000     -0.92299998      -1.0700001      -1.1140000      -1.1450000
       12760.000     -0.92299998      -1.0700001      -1.1140000      -1.1450000
       12995.000     -0.94999999      -1.1120000      -1.1450000      -1.1830000
       13002.500     -0.94999999      -1.1120000      -1.1450000      -1.1830000
       13003.000     -0.95800000      -1.1150000      -1.1520000      -1.1890000
       13003.500     -0.96600002      -1.1200000      -1.1600000      -1.1950001
       13004.000     -0.97100002      -1.1240000      -1.1670001      -1.2010000
       13004.500     -0.97500002      -1.1280000      -1.1720001      -1.2050000
       13005.000     -0.97600001      -1.1310000      -1.1760000      -1.2079999
       13010.000     -0.97600001      -1.1310000      -1.1760000      -1.2079999
       13995.000      -1.1410000      -1.3360000      -1.3710001      -1.4130000
       14002.000      -1.1410000      -1.3360000      -1.3710001      -1.4130000
       14002.500      -1.1500000      -1.3390000      -1.3800000      -1.4230000
       14003.000      -1.1600000      -1.3440000      -1.3880000      -1.4299999
       14003.500      -1.1680000      -1.3490000      -1.3960000      -1.4370000
       14004.000      -1.1740000      -1.3530000      -1.4020000      -1.4420000
       14004.500      -1.1770000      -1.3570000      -1.4080000      -1.4470000
       14005.000      -1.1790000      -1.3600000      -1.4130000      -1.4510000
       14010.000      -1.1790000      -1.3600000      -1.4130000      -1.4510000
       14995.000      -1.3370000      -1.5500000      -1.5980000      -1.6460000
       15002.500      -1.3370000      -1.5500000      -1.5980000      -1.6460000
       15003.000      -1.3500000      -1.5580000      -1.6090000      -1.6560000
       15003.500      -1.3600000      -1.5640000      -1.6170000      -1.6630000
       15004.000      -1.3660001      -1.5680000      -1.6240000      -1.6680000
       15004.500      -1.3700000      -1.5720000      -1.6300000      -1.6730000
       15005.000      -1.3720000      -1.5750000      -1.6339999      -1.6770000
       15010.000      -1.3720000      -1.5750000      -1.6339999      -1.6770000
       15995.000      -1.5110000      -1.7450000      -1.8000000      -1.8530000
       16002.500      -1.5110000      -1.7450000      -1.8000000      -1.8530000
       16003.000      -1.5290000      -1.7570000      -1.8150001      -1.8660001
       16003.500      -1.5400000      -1.7650000      -1.8250000      -1.8750000
       16004.000      -1.5480000      -1.7710000      -1.8320000      -1.8810000
       16004.500      -1.5520000      -1.7750000      -1.8380001      -1.8860000
       16005.000      -1.5540000      -1.7770000      -1.8420000      -1.8900000
       16010.000      -1.5540000      -1.7770000      -1.8420000      -1.8900000
       16995.000      -1.6720001      -1.9260000      -1.9870000      -2.0439999
       17002.500      -1.6720001      -1.9260000      -1.9870000      -2.0439999
       17003.000      -1.6950001      -1.9420000      -2.0060000      -2.0620000
       17003.500      -1.7100000      -1.9529999      -2.0190001      -2.0730000
       17004.000      -1.7190000      -1.9610000      -2.0270000      -2.0810001
       17004.500      -1.7240000      -1.9650000      -2.0330000      -2.0860000
       17005.000      -1.7270000      -1.9680001      -2.0369999      -2.0899999
       17010.000      -1.7270000      -1.9680001      -2.0369999      -2.0899999
       17995.000      -1.8200001      -2.0920000      -2.1600001      -2.2210000
       18002.500      -1.8200001      -2.0920000      -2.1600001      -2.2210000
       18003.000      -1.8490000      -2.1140001      -2.1840000      -2.2440000
       18003.500      -1.8680000      -2.1289999      -2.1989999      -2.2579999
       18004.000      -1.8800000      -2.1380000      -2.2100000      -2.2679999
       18004.500      -1.8870000      -2.1440001      -2.2170000      -2.2739999
       18005.000      -1.8900000      -2.1480000      -2.2219999      -2.2780001
       18010.000      -1.8900000      -2.1480000      -2.2219999      -2.2780001
       18995.000      -1.9560000      -2.2449999      -2.3180001      -2.3840001
       19002.500      -1.9560000      -2.2449999      -2.3180001      -2.3840001
       19003.000      -1.9930000      -2.2739999      -2.3490000      -2.4140000
       19003.500      -2.0160000      -2.2930000      -2.3690000      -2.4310000
       19004.000      -2.0309999      -2.3050001      -2.3820000      -2.4430001
       19004.500      -2.0400000      -2.3130000      -2.3900001      -2.4510000
       19005.000      -2.0439999      -2.3169999      -2.3950000      -2.4549999
       19010.000      -2.0439999      -2.3169999      -2.3950000      -2.4549999
       19995.000      -2.1259999      -2.4230001      -2.5030000      -2.5720000
       20003.000      -2.1259999      -2.4230001      -2.5030000      -2.5720000
       20003.500      -2.1550000      -2.4470000      -2.5270000      -2.5929999
       20004.000      -2.1730001      -2.4610000      -2.5420001      -2.6070001
       20004.500      -2.1840000      -2.4710000      -2.5530000      -2.6170001
       20005.000      -2.1889999      -2.4770000      -2.5590000      -2.6229999
       20010.000      -2.1889999      -2.4770000      -2.5590000      -2.6229999
       20995.000      -2.2500000      -2.5610001      -2.6459999      -2.7190001
       21003.000      -2.2500000      -2.5610001      -2.6459999      -2.7190001
       21003.500      -2.2850001      -2.5899999      -2.6750000      -2.7460001
       21004.000      -2.3060000      -2.6080000      -2.6940000      -2.7620001
       21004.500      -2.3190000      -2.6199999      -2.7049999      -2.7730000
       21005.000      -2.3260000      -2.6270001      -2.7130001      -2.7800000
       21010.000      -2.3260000      -2.6270001      -2.7130001      -2.7800000
       21995.000      -2.3650000      -2.6889999      -2.7780001      -2.8540001
       22003.000      -2.3650000      -2.6889999      -2.7780001      -2.8540001
       22003.500      -2.4059999      -2.7240000      -2.8139999      -2.8880000
       22004.000      -2.4319999      -2.7460001      -2.8360000      -2.9080000
       22004.500      -2.4470000      -2.7600000      -2.8499999      -2.9210000
       22005.000      -2.4560001      -2.7679999      -2.8590000      -2.9289999
       22010.000      -2.4560001      -2.7679999      -2.8590000      -2.9289999
       22995.000      -2.4730000      -2.8090000      -2.9020000      -2.9809999
       23003.000      -2.4730000      -2.8090000      -2.9020000      -2.9809999
       23003.500      -2.5190001      -2.8499999      -2.9440000      -3.0220001
       23004.000      -2.5490000      -2.8759999      -2.9700000      -3.0460000
       23004.500      -2.5680001      -2.8920000      -2.9860001      -3.0610001
       23005.000      -2.5780001      -2.9020000      -2.9960001      -3.0710001
       23010.000      -2.5780001      -2.9020000      -2.9960001      -3.0710001
       23995.000      -2.5760000      -2.9219999      -3.0190001      -3.1010001
       24003.000      -2.5760000      -2.9219999      -3.0190001      -3.1010001
       24003.500      -2.6259999      -2.9679999      -3.0660000      -3.1470001
       24004.000      -2.6600001      -2.9979999      -3.0960000      -3.1760001
       24004.500      -2.6810000      -3.0170000      -3.1150000      -3.1940000
       24005.000      -2.6940000      -3.0290000      -3.1270001      -3.2049999
       24010.000      -2.6940000      -3.0290000      -3.1270001      -3.2049999
       24995.000      -2.6689999      -3.0270000      -3.1270001      -3.2130001
       25003.000      -2.6689999      -3.0270000      -3.1270001      -3.2130001
       25003.500      -2.7279999      -3.0799999      -3.1819999      -3.2660000
       25004.000      -2.7639999      -3.1129999      -3.2149999      -3.2980001
       25004.500      -2.7880001      -3.1350000      -3.2370000      -3.3190000
       25005.000      -2.8030000      -3.1489999      -3.2509999      -3.3320000
       25010.000      -2.8030000      -3.1489999      -3.2509999      -3.3320000
       25995.000      -2.7490001      -3.1170001      -3.2210000      -3.3099999
       26003.000      -2.7490001      -3.1170001      -3.2210000      -3.3099999
       26003.500      -2.8239999      -3.1870000      -3.2920001      -3.3789999
       26004.000      -2.8629999      -3.2219999      -3.3280001      -3.4140000
       26004.500      -2.8889999      -3.2460001      -3.3520000      -3.4370000
       26005.000      -2.9059999      -3.2620001      -3.3670001      -3.4519999
       26010.000      -2.9059999      -3.2620001      -3.3670001      -3.4519999
       26995.000      -2.9130001      -3.2860000      -3.3950000      -3.4849999
       27003.500      -2.9130001      -3.2860000      -3.3950000      -3.4849999
       27004.000      -2.9570000      -3.3260000      -3.4349999      -3.5239999
       27004.500      -2.9849999      -3.3510001      -3.4600000      -3.5480001
       27005.000      -3.0030000      -3.3680000      -3.4779999      -3.5650001
       27010.000      -3.0030000      -3.3680000      -3.4779999      -3.5650001
       27995.000      -2.9920001      -3.3750000      -3.4879999      -3.5810001
       28003.500      -2.9920001      -3.3750000      -3.4879999      -3.5810001
       28004.000      -3.0460000      -3.4240000      -3.5360000      -3.6280000
       28004.500      -3.0760000      -3.4510000      -3.5639999      -3.6550000
       28005.000      -3.0940001      -3.4690001      -3.5820000      -3.6719999
       28010.000      -3.0940001      -3.4690001      -3.5820000      -3.6719999
       28995.000      -3.0639999      -3.4549999      -3.5699999      -3.6659999
       29003.500      -3.0639999      -3.4549999      -3.5699999      -3.6659999
       29004.000      -3.1270001      -3.5139999      -3.6300001      -3.7249999
       29004.500      -3.1610000      -3.5450001      -3.6610000      -3.7550001
       29005.000      -3.1810000      -3.5639999      -3.6800001      -3.7730000
       29010.000      -3.1810000      -3.5639999      -3.6800001      -3.7730000
       29995.000      -3.1329999      -3.5290000      -3.6459999      -3.7430000
       30003.500      -3.1329999      -3.5290000      -3.6459999      -3.7430000
       30004.000      -3.2010000      -3.5960000      -3.7149999      -3.8120000
       30004.500      -3.2400000      -3.6329999      -3.7509999      -3.8480000
       30005.000      -3.2620001      -3.6540000      -3.7720001      -3.8680000
       30010.000      -3.2620001      -3.6540000      -3.7720001      -3.8680000
       30995.000      -3.2040000      -3.6040001      -3.7210000      -3.8190000
       31003.500      -3.2040000      -3.6040001      -3.7210000      -3.8190000
       31004.000      -3.2700000      -3.6719999      -3.7930000      -3.8920000
       31004.500      -3.3130000      -3.7140000      -3.8350000      -3.9330001
       31005.000      -3.3369999      -3.7370000      -3.8580000      -3.9560001
       31010.000      -3.3369999      -3.7370000      -3.8580000      -3.9560001
       31995.000      -3.3360000      -3.7440000      -3.8670001      -3.9670000
       32004.000      -3.3360000      -3.7440000      -3.8670001      -3.9670000
       32004.500      -3.3810000      -3.7890000      -3.9119999      -4.0120001
       32005.000      -3.4080000      -3.8150001      -3.9380000      -4.0380001
       32010.000      -3.4080000      -3.8150001      -3.9380000      -4.0380001
       32995.000      -3.4050000      -3.8169999      -3.9400001      -4.0409999
       33004.000      -3.4050000      -3.8169999      -3.9400001      -4.0409999
       33004.500      -3.4470000      -3.8599999      -3.9849999      -4.0860000
       33005.000      -3.4760001      -3.8889999      -4.0130000      -4.1149998
       33010.000      -3.4760001      -3.8889999      -4.0130000      -4.1149998
       33995.000      -3.4749999      -3.8889999      -4.0130000      -4.1149998
       34004.000      -3.4749999      -3.8889999      -4.0130000      -4.1149998
       34004.500      -3.5130000      -3.9310000      -4.0560002      -4.1589999
       34005.000      -3.5409999      -3.9590001      -4.0850000      -4.1869998
       34010.000      -3.5409999      -3.9590001      -4.0850000      -4.1869998
       34995.000      -3.5480001      -3.9630001      -4.0860000      -4.1890001
       35004.000      -3.5480001      -3.9630001      -4.0860000      -4.1890001
       35004.500      -3.5810001      -4.0009999      -4.1269999      -4.2300000
       35005.000      -3.6059999      -4.0279999      -4.1550002      -4.2579999
       35010.000      -3.6059999      -4.0279999      -4.1550002      -4.2579999
       35995.000      -3.6250000      -4.0390000      -4.1620002      -4.2649999
       36004.000      -3.6250000      -4.0390000      -4.1620002      -4.2649999
       36004.500      -3.6500001      -4.0710001      -4.1980000      -4.3020000
       36005.000      -3.6719999      -4.0970001      -4.2240000      -4.3290000
       36010.000      -3.6719999      -4.0970001      -4.2240000      -4.3290000
       36995.000      -3.7049999      -4.1190000      -4.2410002      -4.3439999
       37004.000      -3.7049999      -4.1190000      -4.2410002      -4.3439999
       37004.500      -3.7210000      -4.1430001      -4.2690001      -4.3740001
       37005.000      -3.7400000      -4.1659999      -4.2940001      -4.3990002
       37010.000      -3.7400000      -4.1659999      -4.2940001      -4.3990002
       37995.000      -3.7869999      -4.2010002      -4.3230000      -4.4260001
       38004.000      -3.7869999      -4.2010002      -4.3230000      -4.4260001
       38004.500      -3.7960000      -4.2179999      -4.3429999      -4.4480000
       38005.000      -3.8090000      -4.2360001      -4.3639998      -4.4689999
       38010.000      -3.8090000      -4.2360001      -4.3639998      -4.4689999
       38995.000      -3.8680000      -4.2839999      -4.4060001      -4.5089998
       39004.000      -3.8680000      -4.2839999      -4.4060001      -4.5089998
       39004.500      -3.8729999      -4.2940001      -4.4200001      -4.5250001
       39005.000      -3.8810000      -4.3080001      -4.4349999      -4.5409999
       39010.000      -3.8810000      -4.3080001      -4.4349999      -4.5409999
       39995.000      -3.9510000      -4.3730001      -4.4980001      -4.6040001
       40004.500      -3.9510000      -4.3730001      -4.4980001      -4.6040001
       40005.000      -3.9549999      -4.3820000      -4.5089998      -4.6149998
       40010.000      -3.9549999      -4.3820000      -4.5089998      -4.6149998
       40995.000      -4.0289998      -4.4520001      -4.5780001      -4.6830001
       41004.500      -4.0289998      -4.4520001      -4.5780001      -4.6830001
       41005.000      -4.0310001      -4.4569998      -4.5840001      -4.6910000
       41010.000      -4.0310001      -4.4569998      -4.5840001      -4.6910000
       41995.000      -4.1059999      -4.5300002      -4.6560001      -4.7620001
       42004.500      -4.1059999      -4.5300002      -4.6560001      -4.7620001
       42005.000      -4.1069999      -4.5339999      -4.6609998      -4.7680001
       42010.000      -4.1069999      -4.5339999      -4.6609998      -4.7680001
       42995.000      -4.1820002      -4.6069999      -4.7340002      -4.8400002
       43004.500      -4.1820002      -4.6069999      -4.7340002      -4.8400002
       43005.000      -4.1820002      -4.6100001      -4.7370000      -4.8449998
       43010.000      -4.1820002      -4.6100001      -4.7370000      -4.8449998
       43995.000      -4.2560000      -4.6820002      -4.8090000      -4.9169998
       44004.500      -4.2560000      -4.6820002      -4.8090000      -4.9169998
       44005.000      -4.2570000      -4.6859999      -4.8130002      -4.9210000
       44010.000      -4.2570000      -4.6859999      -4.8130002      -4.9210000
       44995.000      -4.3290000      -4.7560000      -4.8839998      -4.9910002
       45004.500      -4.3290000      -4.7560000      -4.8839998      -4.9910002
       45005.000      -4.3309999      -4.7600002      -4.8880000      -4.9959998
       45010.000      -4.3309999      -4.7600002      -4.8880000      -4.9959998
       45995.000      -4.4000001      -4.8280001      -4.9559999      -5.0640001
       46004.500      -4.4000001      -4.8280001      -4.9559999      -5.0640001
       46005.000      -4.4020000      -4.8330002      -4.9619999      -5.0700002
       46010.000      -4.4020000      -4.8330002      -4.9619999      -5.0700002
       46995.000      -4.4689999      -4.8990002      -5.0270000      -5.1360002
       47004.500      -4.4689999      -4.8990002      -5.0270000      -5.1360002
       47005.000      -4.4730000      -4.9050002      -5.0339999      -5.1430001
       47010.000      -4.4730000      -4.9050002      -5.0339999      -5.1430001
       47995.000      -4.5370002      -4.9689999      -5.0970001      -5.2059999
       48004.500      -4.5370002      -4.9689999      -5.0970001      -5.2059999
       48005.000      -4.5419998      -4.9749999      -5.1040001      -5.2140002
       48010.000      -4.5419998      -4.9749999      -5.1040001      -5.2140002
       48995.000      -4.6040001      -5.0370002      -5.1659999      -5.2750001
       49004.500      -4.6040001      -5.0370002      -5.1659999      -5.2750001
       49005.000      -4.6100001      -5.0440001      -5.1729999      -5.2830000
       49010.000      -4.6100001      -5.0440001      -5.1729999      -5.2830000
       49995.000      -4.6760001      -5.1110001      -5.2410002      -5.3520002
       50005.000      -4.6760001      -5.1110001      -5.2410002      -5.3520002
       50010.000      -4.6760001      -5.1110001      -5.2410002      -5.3520002
       56096.000      -4.7900000      -5.2220001      -5.3429999      -5.4439998
       56106.000      -4.7900000      -5.2220001      -5.3429999      -5.4439998
       56111.000      -4.7900000      -5.2220001      -5.3429999      -5.4439998
       62941.000      -5.1440001      -5.5840001      -5.7080002      -5.8119998
       62951.000      -5.1440001      -5.5840001      -5.7080002      -5.8119998
       62956.000      -5.1440001      -5.5840001      -5.7080002      -5.8119998
       70622.000      -5.5009999      -5.9480000      -6.0749998      -6.1810002
       70632.000      -5.5009999      -5.9480000      -6.0749998      -6.1810002
       70637.000      -5.5009999      -5.9480000      -6.0749998      -6.1810002
       79240.000      -5.8610001      -6.3130002      -6.4419999      -6.5500002
       79250.000      -5.8610001      -6.3130002      -6.4419999      -6.5500002
       79255.000      -5.8610001      -6.3130002      -6.4419999      -6.5500002
       88909.000      -6.2210002      -6.6789999      -6.8109999      -6.9200001
       88919.000      -6.2210002      -6.6789999      -6.8109999      -6.9200001
       88924.000      -6.2210002      -6.6789999      -6.8109999      -6.9200001
       99758.000      -6.5840001      -7.0460000      -7.1799998      -7.2909999
       99768.000      -6.5840001      -7.0460000      -7.1799998      -7.2909999
       99773.000      -6.5840001      -7.0460000      -7.1799998      -7.2909999
       111931.00      -6.9480000      -7.4140000      -7.5489998      -7.6620002
       111941.00      -6.9480000      -7.4140000      -7.5489998      -7.6620002
       111946.00      -6.9480000      -7.4140000      -7.5489998      -7.6620002
       125590.00      -7.3130002      -7.7820001      -7.9200001      -8.0330000
       125600.00      -7.3130002      -7.7820001      -7.9200001      -8.0330000
       125605.00      -7.3130002      -7.7820001      -7.9200001      -8.0330000
       140915.00      -7.6789999      -8.1520004      -8.2910004      -8.4049997
       140925.00      -7.6789999      -8.1520004      -8.2910004      -8.4049997
       140930.00      -7.6789999      -8.1520004      -8.2910004      -8.4049997
       158110.00      -8.0459995      -8.5220003      -8.6619997      -8.7770004
       158120.00      -8.0459995      -8.5220003      -8.6619997      -8.7770004
       158125.00      -8.0459995      -8.5220003      -8.6619997      -8.7770004
       177402.00      -8.4139996      -8.8920002      -9.0340004      -9.1499996
       177412.00      -8.4139996      -8.8920002      -9.0340004      -9.1499996
       177417.00      -8.4139996      -8.8920002      -9.0340004      -9.1499996
       199050.00      -8.7830000      -9.2629995      -9.4060001      -9.5220003
       199060.00      -8.7830000      -9.2629995      -9.4060001      -9.5220003
       199065.00      -8.7830000      -9.2629995      -9.4060001      -9.5220003
       223338.00      -9.1529999      -9.6350002      -9.7779999      -9.8950005
       223348.00      -9.1529999      -9.6350002      -9.7779999      -9.8950005
       223353.00      -9.1529999      -9.6350002      -9.7779999      -9.8950005
       250590.00      -9.5229998      -10.007000      -10.151000      -10.269000
       250600.00      -9.5229998      -10.007000      -10.151000      -10.269000
       250605.00      -9.5229998      -10.007000      -10.151000      -10.269000
       281167.00      -9.8929996      -10.379000      -10.524000      -10.642000
       281177.00      -9.8929996      -10.379000      -10.524000      -10.642000
       281182.00      -9.8929996      -10.379000      -10.524000      -10.642000
       315476.00      -10.264000      -10.752000      -10.897000      -11.016000
       315486.00      -10.264000      -10.752000      -10.897000      -11.016000
       315491.00      -10.264000      -10.752000      -10.897000      -11.016000
       353970.00      -10.636000      -11.124000      -11.270000      -11.389000
       353980.00      -10.636000      -11.124000      -11.270000      -11.389000
       353985.00      -10.636000      -11.124000      -11.270000      -11.389000
       397162.00      -11.008000      -11.497000      -11.644000      -11.763000
       397172.00      -11.008000      -11.497000      -11.644000      -11.763000
       397177.00      -11.008000      -11.497000      -11.644000      -11.763000
       445624.00      -11.380000      -11.871000      -12.017000      -12.137000
       445634.00      -11.380000      -11.871000      -12.017000      -12.137000
       445639.00      -11.380000      -11.871000      -12.017000      -12.137000
       499999.00      -11.753000      -12.244000      -12.391000      -12.511000
       500009.00      -11.753000      -12.244000      -12.391000      -12.511000
       500014.00      -11.753000      -12.244000      -12.391000      -12.511000
       561009.00      -12.126000      -12.618000      -12.765000      -12.885000
       561019.00      -12.126000      -12.618000      -12.765000      -12.885000
       561024.00      -12.126000      -12.618000      -12.765000      -12.885000
       629464.00      -12.499000      -12.991000      -13.139000      -13.260000
       629474.00      -12.499000      -12.991000      -13.139000      -13.260000
       629479.00      -12.499000      -12.991000      -13.139000      -13.260000
       706271.00      -12.872000      -13.365000      -13.513000      -13.634000
       706281.00      -12.872000      -13.365000      -13.513000      -13.634000
       706286.00      -12.872000      -13.365000      -13.513000      -13.634000
       792450.00      -13.245000      -13.739000      -13.888000      -14.009000
       792460.00      -13.245000      -13.739000      -13.888000      -14.009000
       792465.00      -13.245000      -13.739000      -13.888000      -14.009000
       889144.00      -13.619000      -14.113000      -14.262000      -14.383000
       889154.00      -13.619000      -14.113000      -14.262000      -14.383000
       889159.00      -13.619000      -14.113000      -14.262000      -14.383000
       997637.00      -13.993000      -14.488000      -14.636000      -14.758000
       997647.00      -13.993000      -14.488000      -14.636000      -14.758000
       997652.00      -13.993000      -14.488000      -14.636000      -14.758000
       1119368.0      -14.367000      -14.862000      -15.011000      -15.132000
       1119378.0      -14.367000      -14.862000      -15.011000      -15.132000
       1119383.0      -14.367000      -14.862000      -15.011000      -15.132000
       1255953.0      -14.741000      -15.236000      -15.385000      -15.507000
       1255963.0      -14.741000      -15.236000      -15.385000      -15.507000
       1255968.0      -14.741000      -15.236000      -15.385000      -15.507000
       1409204.0      -15.115000      -15.611000      -15.760000      -15.882000
       1409214.0      -15.115000      -15.611000      -15.760000      -15.882000
       1409219.0      -15.115000      -15.611000      -15.760000      -15.882000
       1581154.0      -15.489000      -15.985000      -16.135000      -16.256001
       1581164.0      -15.489000      -15.985000      -16.135000      -16.256001
       1581169.0      -15.489000      -15.985000      -16.135000      -16.256001
       1774085.0      -15.863000      -16.360001      -16.509001      -16.631001
       1774095.0      -15.863000      -16.360001      -16.509001      -16.631001
       1774100.0      -15.863000      -16.360001      -16.509001      -16.631001
       1990558.0      -16.238001      -16.735001      -16.884001      -17.006001
       1990568.0      -16.238001      -16.735001      -16.884001      -17.006001
       1990573.0      -16.238001      -16.735001      -16.884001      -17.006001
       2233445.0      -16.612000      -17.108999      -17.259001      -17.381001
       2233455.0      -16.612000      -17.108999      -17.259001      -17.381001
       2233460.0      -16.612000      -17.108999      -17.259001      -17.381001
       2505968.0      -16.987000      -17.483999      -17.632999      -17.754999
       2505978.0      -16.987000      -17.483999      -17.632999      -17.754999
       2505983.0      -16.987000      -17.483999      -17.632999      -17.754999
       2811744.0      -17.361000      -17.858999      -18.007999      -18.129999
       2811754.0      -17.361000      -17.858999      -18.007999      -18.129999
       2811759.0      -17.361000      -17.858999      -18.007999      -18.129999
       3154831.0      -17.736000      -18.233000      -18.382999      -18.504999
       3154841.0      -17.736000      -18.233000      -18.382999      -18.504999
       3154846.0      -17.736000      -18.233000      -18.382999      -18.504999
       3539780.0      -18.111000      -18.608000      -18.757999      -18.879999
       3539790.0      -18.111000      -18.608000      -18.757999      -18.879999
       3539795.0      -18.111000      -18.608000      -18.757999      -18.879999
       3971701.0      -18.485001      -18.983000      -19.132999      -19.254999
       3971711.0      -18.485001      -18.983000      -19.132999      -19.254999
       3971716.0      -18.485001      -18.983000      -19.132999      -19.254999
       4456325.0      -18.860001      -19.358000      -19.507999      -19.629999
       4456335.0      -18.860001      -19.358000      -19.507999      -19.629999
       4456340.0      -18.860001      -19.358000      -19.507999      -19.629999
